0.36666700	0.00101100	58.24561400	65.42606500	0.00113700	16.12782000	12.74436100	8.06015000	35.78947400	22.89473700
0.17719300	0.00089500	56.14035100	66.02756900	0.00152600	20.33834600	19.09774400	4.31578900	24.96240600	27.63157900
0.71578900	0.00155400	42.40601500	69.38596500	0.00072600	15.37594000	19.21052600	2.48872200	13.34586500	11.22807000
0.76842100	0.00085600	65.16290700	74.29824600	0.00073700	20.93985000	16.54135300	6.45864700	5.00000000	12.19298200
0.32456100	0.00081400	55.43859600	71.39097700	0.00030900	11.05263200	10.90225600	10.00000000	42.78195500	24.91228100
0.55964900	0.00132600	48.02005000	66.67919800	0.00050900	11.31578900	16.24060200	9.18797000	33.75939800	38.68421100
0.28947400	0.00158900	76.69172900	59.36090200	0.00060000	10.18797000	21.76691700	5.03759400	44.02255600	7.98245600
0.12631600	0.00051900	76.29072700	59.01002500	0.00151900	14.77443600	19.36090200	2.37594000	8.04511300	38.33333300
0.27193000	0.00074700	48.52130300	71.64160400	0.00083900	22.63157900	15.15037600	7.78947400	18.08270700	14.03508800
0.52631600	0.00093700	49.42355900	70.98997500	0.00089800	24.66165400	20.11278200	8.93985000	23.15789500	32.45614000
0.16842100	0.00128100	56.04010000	57.55639100	0.00111200	18.23308300	16.12782000	1.60902300	45.37594000	9.91228100
0.67543900	0.00090900	58.44611500	60.01253100	0.00027400	23.79699200	22.51879700	7.18045100	18.19548900	7.10526300
0.70877200	0.00020700	70.57644100	73.09523800	0.00150900	14.58646600	19.96240600	4.47368400	19.54887200	22.10526300
0.12456100	0.00101800	66.06516300	67.18045100	0.00054000	13.00751900	20.03759400	4.76691700	36.46616500	18.50877200
0.29473700	0.00140400	45.71428600	63.72180500	0.00071900	15.86466200	18.30827100	3.77443600	48.64661700	11.66666700
0.41578900	0.00023200	49.62406000	74.24812000	0.00153300	12.21804500	18.79699200	3.97744400	43.68421100	24.56140400
0.31228100	0.00047400	63.05764400	62.21804500	0.00084200	20.26315800	15.45112800	5.84962400	19.43609000	27.80701800
0.61578900	0.00021800	52.83208000	56.85463700	0.00063500	21.76691700	11.99248100	6.09774400	12.33082700	11.14035100
0.44035100	0.00080400	58.14536300	62.71929800	0.00136500	13.04511300	10.82706800	8.98496200	26.09022600	6.40350900
0.77193000	0.00094000	65.96491200	57.20551400	0.00031600	18.04511300	10.78947400	6.21052600	42.44360900	34.47368400
0.77543900	0.00066700	42.70676700	71.59147900	0.00036100	19.43609000	22.63157900	8.15037600	33.87218000	15.96491200
0.72631600	0.00027400	54.93734300	73.14536300	0.00087700	10.60150400	16.99248100	6.59398500	17.29323300	31.75438600
0.76140400	0.00121400	68.57142900	64.72431100	0.00038900	13.83458600	10.97744400	3.68421100	47.96992500	24.82456100
0.68245600	0.00155800	49.12280700	67.68170400	0.00156800	19.24812000	17.70676700	5.51127800	7.93233100	36.31578900
0.71754400	0.00022800	47.11779400	55.50125300	0.00094400	12.85714300	20.63909800	1.00000000	43.23308300	25.61403500
0.80000000	0.00083900	75.28822100	58.80952400	0.00052600	24.47368400	11.31578900	3.57142900	10.86466200	10.87719300
0.26491200	0.00123900	64.76190500	68.03258100	0.00031200	17.36842100	22.14285700	7.22556400	15.93985000	17.01754400
0.73157900	0.00069100	64.96240600	62.36842100	0.00079600	15.15037600	19.32330800	4.65413500	47.29323300	31.31578900
0.66666700	0.00104200	55.03759400	72.89473700	0.00123200	22.10526300	10.63909800	1.94736800	37.81954900	14.47368400
0.21929800	0.00084900	52.63157900	66.57894700	0.00102100	10.30075200	11.84210500	4.40601500	45.26315800	32.98245600
0.46140400	0.00131200	64.06015000	65.77694200	0.00082800	12.89473700	11.12782000	9.57142900	17.18045100	22.80701800
0.39298200	0.00036800	77.49373400	70.38847100	0.00055800	22.21804500	22.70676700	4.06766900	10.63909800	20.52631600
0.63684200	0.00071200	53.43358400	65.37594000	0.00059300	10.15037600	22.33082700	8.37594000	38.49624100	22.54386000
0.70526300	0.00153300	41.40350900	63.02005000	0.00046700	21.87969900	16.05263200	4.00000000	36.80451100	21.92982500
0.15964900	0.00051600	78.19548900	68.13283200	0.00093000	23.23308300	17.36842100	5.08270700	20.00000000	36.49122800
0.61754400	0.00040700	70.77694200	65.92731800	0.00128100	24.24812000	11.46616500	1.49624100	31.95488700	37.45614000
0.61052600	0.00139300	78.89724300	65.67669200	0.00101100	22.48120300	15.30075200	2.57894700	42.21804500	7.36842100
0.10000000	0.00080000	62.55639100	64.12280700	0.00123500	14.43609000	15.93985000	6.63909800	27.78195500	35.52631600
0.37017500	0.00156800	43.70927300	56.45363400	0.00103900	20.15037600	11.50375900	4.04511300	5.22556400	7.54386000
0.78245600	0.00142800	55.63909800	66.87969900	0.00033300	15.26315800	16.57894700	3.45864700	30.93985000	10.70175400
0.45438600	0.00057200	47.01754400	69.53634100	0.00125600	22.40601500	15.48872200	3.05263200	48.53383500	32.54386000
0.26842100	0.00032600	56.94235600	63.27067700	0.00134000	10.41353400	23.79699200	7.13533800	21.46616500	17.80701800
0.30350900	0.00159600	63.85964900	56.60401000	0.00133300	17.14285700	22.29323300	9.32330800	14.69924800	17.10526300
0.63157900	0.00136500	62.15538800	61.51629100	0.00151600	16.01503800	21.42857100	1.96992500	48.42105300	31.40350900
0.15263200	0.00070200	74.58646600	67.28070200	0.00045600	10.11278200	21.72932300	3.27819500	24.39849600	5.08771900
0.50526300	0.00047700	77.09273200	63.37092700	0.00086300	14.47368400	13.53383500	2.06015000	44.69924800	10.52631600
0.63508800	0.00090500	44.31077700	57.40601500	0.00117900	11.20300800	20.97744400	8.46616500	26.31578900	32.63157900
0.55614000	0.00078200	64.26065200	57.15538800	0.00031900	13.19548900	24.88721800	4.99248100	33.30827100	26.84210500
0.22807000	0.00108100	54.63659100	63.62155400	0.00089100	18.60902300	11.65413500	2.82706800	9.73684200	22.63157900
0.77719300	0.00034400	71.07769400	56.10275700	0.00046300	23.87218000	14.81203000	9.54887200	30.03759400	29.91228100
0.18421100	0.00068100	53.83458600	65.17543900	0.00120000	24.43609000	12.93233100	4.58646600	48.08270700	10.17543900
0.41754400	0.00074400	75.58897200	74.94987500	0.00140000	17.40601500	14.69924800	4.45112800	24.73684200	25.00000000
0.39649100	0.00070900	50.12531300	58.95990000	0.00024900	16.84210500	23.72180500	3.86466200	10.52631600	28.24561400
0.20000000	0.00112600	52.33082700	67.03007500	0.00117500	12.29323300	24.84962400	4.02255600	16.39097700	39.29824600
0.30175400	0.00026700	49.92481200	72.99498700	0.00051600	11.91729300	15.71428600	4.27067700	31.84210500	6.57894700
0.25614000	0.00031900	61.95488700	69.33584000	0.00153000	19.17293200	17.06766900	8.51127800	28.12030100	29.21052600
0.12982500	0.00067700	57.34335800	55.80200500	0.00064900	24.92481200	21.09022600	5.75939800	40.52631600	26.22807000
0.54736800	0.00041100	58.94736800	69.88721800	0.00056800	18.53383500	13.42105300	7.02255600	13.45864700	33.68421100
0.55087700	0.00055800	69.97493700	58.10776900	0.00155800	10.37594000	16.50375900	9.59398500	14.36090200	27.89473700
0.37719300	0.00023500	60.15037600	55.85213000	0.00142500	20.30075200	11.20300800	9.27819500	9.84962400	21.05263200
0.37894700	0.00134000	74.98746900	64.47368400	0.00086000	19.36090200	16.01503800	6.14285700	41.31578900	37.89473700
0.63333300	0.00102100	60.75188000	71.24060200	0.00114000	18.08270700	13.04511300	9.07518800	18.53383500	8.94736800
0.14210500	0.00022500	51.72932300	56.00250600	0.00116800	23.94736800	22.44360900	7.99248100	12.89473700	17.45614000
0.22631600	0.00068400	48.12030100	58.20802000	0.00148800	15.22556400	20.86466200	7.38345900	31.27819500	31.57894700
0.68070200	0.00129100	76.09022600	65.82706800	0.00085600	23.45864700	24.54887200	8.64661700	34.09774400	24.12280700
0.11228100	0.00028100	48.82205500	56.15288200	0.00135800	10.82706800	11.35338300	2.75939800	11.99248100	11.84210500
0.42631600	0.00036500	59.64912300	59.96240600	0.00028400	19.13533800	20.67669200	9.43609000	25.30075200	25.35087700
0.54386000	0.00140700	77.29323300	72.29323300	0.00023500	13.60902300	14.43609000	4.13533800	30.82706800	39.64912300
0.34210500	0.00029100	78.59649100	62.76942400	0.00108100	15.33834600	24.47368400	7.94736800	11.31578900	19.03508800
0.13508800	0.00125600	60.85213000	64.62406000	0.00147000	16.65413500	21.80451100	8.53383500	37.36842100	5.87719300
0.36842100	0.00088100	42.50626600	60.61403500	0.00097200	13.57142900	24.36090200	2.12782000	37.14285700	21.84210500
0.17017500	0.00130200	52.53132800	68.78446100	0.00115800	15.60150400	16.72932300	9.72932300	31.05263200	36.92982500
0.70701800	0.00146700	49.02255600	62.86967400	0.00141100	17.44360900	22.06766900	9.84210500	26.99248100	38.50877200
0.43508800	0.00129800	71.67919800	73.64661700	0.00113300	14.28571400	12.36842100	1.51879700	25.07518800	20.35087700
0.27894700	0.00026000	57.94486200	70.73934800	0.00078600	21.46616500	18.53383500	6.81954900	28.57142900	36.66666700
0.42982500	0.00122800	54.83709300	68.38345900	0.00106700	17.03007500	11.09022600	5.42105300	10.07518800	37.63157900
0.55263200	0.00096800	79.59899700	72.04260700	0.00131200	10.33834600	24.77443600	5.57894700	18.87218000	11.40350900
0.50350900	0.00033000	46.01503800	60.46365900	0.00132600	11.46616500	21.24060200	2.35338300	23.94736800	13.68421100
0.79122800	0.00127700	50.42606500	57.10526300	0.00133700	11.69172900	18.90977400	5.01503800	9.62406000	18.15789500
0.69649100	0.00119600	73.98496200	68.58396000	0.00146000	23.30827100	18.08270700	5.24060200	28.45864700	15.52631600
0.46842100	0.00144600	53.23308300	62.51879700	0.00087000	14.09774400	17.55639100	4.38345900	8.38345900	29.29824600
0.79824600	0.00050200	43.40852100	65.52631600	0.00094700	18.64661700	15.78947400	8.33082700	41.09022600	28.68421100
0.46491200	0.00156500	56.54135300	72.74436100	0.00095100	23.27067700	15.11278200	6.36842100	25.63909800	29.38596500
0.52105300	0.00031600	41.90476200	66.72932300	0.00140400	16.46616500	12.66917300	1.87969900	22.03007500	10.35087700
0.37193000	0.00035100	79.49874700	56.55388500	0.00115100	15.00000000	16.69172900	6.95488700	21.12782000	33.94736800
0.59824600	0.00064900	45.11278200	67.48120300	0.00102800	15.18797000	10.67669200	6.75188000	29.13533800	13.07017500
0.57368400	0.00108400	80.00000000	60.71428600	0.00075100	20.63909800	23.15789500	2.87218000	46.16541400	16.84210500
0.78421100	0.00141400	69.47368400	60.41353400	0.00155100	13.98496200	10.15037600	6.27819500	26.87969900	39.21052600
0.50175400	0.00071600	70.27568900	55.90225600	0.00040000	11.39097700	14.77443600	2.89473700	45.60150400	17.89473700
0.79473700	0.00034700	67.66917300	72.14285700	0.00131900	12.51879700	23.98496200	9.63909800	23.49624100	16.40350900
0.26666700	0.00043500	64.56140400	67.58145400	0.00034700	16.39097700	20.82706800	2.21804500	43.79699200	27.54386000
0.32105300	0.00062800	67.16792000	70.03759400	0.00141400	13.53383500	21.91729300	4.60902300	12.66917300	14.38596500
0.16315800	0.00150500	69.37343400	70.13784500	0.00130200	21.61654100	20.60150400	9.14285700	5.90225600	22.98245600
0.40877200	0.00124200	48.42105300	61.61654100	0.00032600	22.66917300	12.44360900	4.56391000	38.27067700	10.96491200
0.65964900	0.00082800	41.70426100	66.22807000	0.00047000	14.02255600	16.65413500	2.01503800	15.71428600	28.33333300
0.41929800	0.00113300	76.39097700	61.11528800	0.00053300	14.92481200	20.15037600	5.87218000	49.54887200	19.56140400
0.66842100	0.00105600	45.81453600	64.92481200	0.00154000	21.20300800	17.63157900	3.52631600	29.36090200	14.82456100
0.35087700	0.00109500	62.05513800	61.26566400	0.00035400	17.51879700	10.22556400	4.96992500	14.13533800	35.70175400
0.52982500	0.00086700	69.07268200	73.39599000	0.00116500	11.65413500	23.27067700	8.21804500	21.57894700	30.08771900
0.75614000	0.00146000	42.30576400	60.21303300	0.00069100	24.17293200	21.65413500	7.15789500	43.34586500	29.12280700
0.28421100	0.00075400	42.20551400	73.84711800	0.00134400	13.75939800	14.39849600	5.15037600	6.46616500	30.17543900
0.17193000	0.00142100	58.64661700	64.77443600	0.00061800	18.38345900	16.87969900	9.12030100	37.70676700	6.66666700
0.33157900	0.00091900	72.98245600	55.05012500	0.00092600	20.07518800	14.47368400	1.09022600	45.82706800	17.98245600
0.47894700	0.00147400	41.00250600	64.22305800	0.00148400	14.73684200	17.03007500	5.98496200	23.38345900	31.84210500
0.74210500	0.00118200	72.68170400	73.59649100	0.00127400	23.75939800	14.28571400	8.57894700	15.37594000	25.08771900
0.52280700	0.00098900	46.11528800	55.25062700	0.00036800	16.76691700	13.60902300	5.71428600	23.04511300	38.24561400
0.35438600	0.00046700	46.51629100	55.55137800	0.00073000	23.12030100	11.69172900	8.48872200	31.61654100	18.59649100
0.21578900	0.00124600	47.21804500	58.45864700	0.00139600	19.84962400	13.38345900	2.39849600	26.20300800	19.64912300
0.13859600	0.00135800	50.22556400	60.81453600	0.00053700	20.37594000	23.60902300	6.93233100	47.06766900	11.92982500
0.40701800	0.00103500	40.80200500	69.28571400	0.00077200	17.96992500	23.30827100	9.39097700	35.33834600	36.84210500
0.70175400	0.00117200	58.34586500	72.59398500	0.00135100	16.54135300	23.19548900	4.09022600	46.39097700	6.75438600
0.77894700	0.00044900	49.72431100	69.98746900	0.00087400	10.26315800	19.81203000	3.81954900	8.83458600	12.71929800
0.61228100	0.00064600	68.47117800	57.50626600	0.00145600	23.53383500	20.07518800	6.43609000	48.75939800	6.92982500
0.50000000	0.00048100	65.86466200	56.80451100	0.00025300	24.84962400	17.89473700	3.59398500	27.89473700	8.59649100
0.60175400	0.00130900	59.94987500	56.50375900	0.00105600	19.54887200	16.84210500	7.20300800	22.81954900	37.19298200
0.52456100	0.00135100	74.78696700	60.76441100	0.00100000	17.29323300	15.82706800	1.20300800	18.30827100	38.77193000
0.19473700	0.00139600	78.39599000	65.97744400	0.00114400	21.91729300	15.60150400	3.07518800	16.84210500	39.82456100
0.44912300	0.00035400	47.41854600	62.11779400	0.00128400	16.16541400	17.66917300	6.84210500	46.84210500	7.01754400
0.47017500	0.00131900	78.49624100	73.79699200	0.00037500	24.81203000	18.98496200	5.48872200	14.24812000	39.12280700
0.35964900	0.00059300	44.61152900	55.15037600	0.00069500	12.63157900	21.01503800	8.17293200	40.41353400	19.47368400
0.29298200	0.00126000	50.82706800	59.51127800	0.00101400	21.57894700	24.32330800	9.97744400	44.13533800	23.50877200
0.58070200	0.00050500	78.69674200	67.33082700	0.00044900	13.94736800	23.49624100	7.76691700	29.47368400	36.40350900
0.71403500	0.00147000	42.00501300	59.56140400	0.00033000	12.78195500	18.45864700	5.12782000	16.27819500	9.29824600
0.22280700	0.00083500	42.80701800	67.88220600	0.00138600	13.64661700	21.05263200	7.36090200	13.00751900	19.21052600
0.48947400	0.00123500	72.28070200	69.43609000	0.00035800	16.57894700	22.10526300	3.25563900	36.24060200	25.96491200
0.11403500	0.00100700	45.51378400	58.85964900	0.00126000	12.25563900	12.70676700	6.34586500	7.14285700	37.10526300
0.18245600	0.00137200	65.06265700	72.24310800	0.00046000	12.55639100	14.92481200	4.83458600	12.55639100	6.84210500
0.74561400	0.00033300	53.63408500	64.42355900	0.00088800	19.09774400	17.81954900	2.93985000	30.71428600	34.82456100
0.61929800	0.00127400	66.26566400	71.74185500	0.00086700	14.24812000	10.03759400	8.19548900	43.90977400	36.14035100
0.19824600	0.00114700	55.83959900	62.66917300	0.00047700	10.22556400	21.54135300	2.96240600	7.70676700	33.85964900
0.28070200	0.00147700	68.67167900	61.96741900	0.00129800	14.13533800	20.00000000	7.90225600	43.45864700	27.01754400
0.13333300	0.00133300	75.18797000	61.91729300	0.00070200	13.15789500	11.61654100	4.49624100	40.97744400	5.00000000
0.24386000	0.00088800	79.29824600	55.65162900	0.00124600	21.27819500	22.25563900	1.69924800	17.85714300	37.98245600
0.29122800	0.00144200	45.31328300	70.88972400	0.00122800	14.39849600	11.01503800	1.78947400	14.81203000	24.03508800
0.65263200	0.00133700	60.65162900	65.87719300	0.00034000	21.54135300	18.34586500	5.69172900	42.66917300	5.43859600
0.17894700	0.00111200	69.77443600	59.86215500	0.00135400	13.34586500	11.27819500	3.84210500	13.12030100	33.42105300
0.30000000	0.00100400	50.92731800	60.26315800	0.00028100	10.56391000	21.69172900	7.69924800	21.01503800	27.98245600
0.10877200	0.00055400	66.76691700	67.93233100	0.00150500	16.91729300	20.48872200	1.31578900	36.01503800	37.28070200
0.47719300	0.00042100	45.01253100	63.12030100	0.00073300	10.97744400	16.31578900	3.50375900	38.15789500	29.82456100
0.27543900	0.00087700	68.87218000	69.48621600	0.00098600	18.90977400	22.48120300	6.23308300	25.86466200	25.78947400
0.17543900	0.00027000	73.68421100	62.96992500	0.00075400	11.42857100	12.78195500	7.29323300	35.56391000	28.07017500
0.62982500	0.00074000	52.23057600	73.44611500	0.00088100	22.93233100	23.23308300	9.68421100	10.97744400	16.75438600
0.32807000	0.00079600	66.86716800	68.23308300	0.00026700	22.81954900	17.96992500	9.34586500	39.06015000	25.26315800
0.36491200	0.00067400	51.22807000	62.16792000	0.00020000	12.70676700	13.19548900	3.16541400	5.78947400	32.36842100
0.77368400	0.00029800	58.54636600	69.08521300	0.00043200	19.47368400	15.97744400	8.35338300	9.96240600	6.22807000
0.58947400	0.00134400	72.08020100	61.81704300	0.00050200	13.23308300	21.46616500	7.04511300	23.60902300	16.31578900
0.57543900	0.00080700	57.74436100	69.78696700	0.00041800	17.89473700	13.57142900	8.75939800	39.96240600	35.17543900
0.23333300	0.00120000	47.81954900	57.90726800	0.00107000	14.17293200	11.05263200	8.39849600	21.91729300	21.57894700
0.35789500	0.00152300	76.99248100	57.85714300	0.00070900	19.81203000	14.51127800	5.96240600	19.09774400	34.38596500
0.68421100	0.00086000	66.66666700	55.00000000	0.00130900	24.02255600	19.69924800	9.41353400	14.92481200	14.73684200
0.55789500	0.00102800	44.11027600	72.54386000	0.00023200	19.39849600	18.27067700	9.30075200	49.88721800	5.96491200
0.74912300	0.00121100	70.17543900	58.90977400	0.00108400	17.10526300	20.41353400	3.32330800	6.80451100	17.36842100
0.22982500	0.00095800	79.89974900	60.31328300	0.00047400	14.06015000	23.00751900	1.76691700	37.48120300	14.12280700
0.77017500	0.00088400	52.93233100	67.78195500	0.00153700	23.42105300	21.57894700	7.60902300	20.22556400	32.19298200
0.49122800	0.00099300	41.50375900	74.09774400	0.00050500	22.44360900	14.09774400	1.74436100	18.98496200	7.80701800
0.10350900	0.00054700	70.87719300	62.31829600	0.00110900	22.25563900	19.51127800	3.23308300	46.61654100	25.70175400
0.40526300	0.00157900	74.48621600	61.36591500	0.00067000	22.14285700	23.87218000	3.79699200	7.81954900	33.15789500
0.43684200	0.00042800	75.08771900	68.83458600	0.00076100	19.21052600	13.30827100	7.09022600	32.85714300	35.96491200
0.19649100	0.00115100	62.85714300	69.18546400	0.00109500	18.15789500	10.00000000	4.36090200	40.30075200	9.73684200
0.75087700	0.00021100	73.18295700	74.34837100	0.00158900	14.88721800	12.21804500	5.80451100	36.35338300	10.78947400
0.35263200	0.00058900	59.54887200	65.22556400	0.00118200	19.92481200	24.58646600	8.26315800	31.50375900	38.94736800
0.23859600	0.00123200	42.10526300	58.60902300	0.00021100	16.95488700	20.37594000	1.85714300	45.93985000	33.59649100
0.60000000	0.00110200	40.70175400	59.71177900	0.00106000	17.66917300	22.74436100	3.48120300	9.28571400	12.54386000
0.58421100	0.00059600	44.01002500	59.81203000	0.00089500	10.63909800	18.68421100	6.70676700	15.48872200	8.24561400
0.66140400	0.00109100	62.25563900	65.32581500	0.00150200	20.97744400	22.03007500	8.62406000	18.75939800	8.15789500
0.70350900	0.00073700	61.05263200	69.93734300	0.00113000	14.81203000	15.03759400	1.15789500	33.19548900	31.66666700
0.69824600	0.00128800	55.53884700	68.93483700	0.00134700	10.52631600	21.99248100	8.44360900	21.24060200	38.15789500
0.18771900	0.00055100	51.52882200	57.30576400	0.00149800	24.88721800	20.30075200	6.03007500	32.51879700	12.28070200
0.39473700	0.00100000	70.07518800	71.44110300	0.00136800	20.67669200	23.75939800	1.45112800	49.77443600	23.68421100
0.56315800	0.00087400	63.15789500	63.47117800	0.00102500	21.69172900	17.48120300	5.44360900	10.30075200	12.45614000
0.48245600	0.00111600	56.74185500	70.28822100	0.00021800	19.77443600	17.21804500	1.38345900	40.86466200	14.29824600
0.60701800	0.00087000	77.39348400	71.09022600	0.00081800	10.75188000	14.54887200	4.15789500	27.66917300	27.19298200
0.24736800	0.00119300	62.45614000	59.11027600	0.00024600	22.33082700	24.69924800	2.73684200	8.72180500	25.17543900
0.14736800	0.00089100	72.38095200	70.08771900	0.00119600	24.51127800	11.91729300	7.67669200	15.82706800	23.15789500
0.10701800	0.00098200	74.08521300	55.10025100	0.00064600	18.98496200	22.78195500	8.96240600	20.67669200	38.59649100
0.56842100	0.00045600	73.78446100	66.17794500	0.00096100	10.90225600	10.45112800	4.85714300	24.17293200	10.08771900
0.19122800	0.00034000	63.35839600	74.49874700	0.00021400	15.07518800	24.92481200	9.81954900	19.32330800	24.29824600
0.25087700	0.00075100	73.38345900	72.44360900	0.00051200	13.42105300	16.35338300	9.23308300	44.24812000	20.26315800
0.69473700	0.00133000	68.97243100	73.29573900	0.00063200	12.10526300	13.64661700	7.96992500	37.03007500	8.42105300
0.28596500	0.00122500	43.30827100	58.25814500	0.00097500	11.16541400	12.14285700	1.06766900	44.47368400	26.40350900
0.34736800	0.00082500	46.91729300	67.83208000	0.00157500	21.42857100	12.59398500	9.00751900	15.26315800	18.07017500
0.48771900	0.00153000	75.48872200	73.49624100	0.00143500	12.96992500	22.55639100	5.06015000	21.35338300	29.56140400
0.54561400	0.00020400	50.52631600	65.72681700	0.00042800	20.41353400	21.35338300	9.03007500	38.94736800	36.57894700
0.57719300	0.00146300	77.79448600	56.30325800	0.00049500	15.78947400	16.61654100	9.70676700	34.43609000	5.26315800
0.31403500	0.00063900	43.90977400	58.50877200	0.00099300	19.66165400	19.28571400	1.02255600	37.93233100	35.61403500
0.21403500	0.00060400	56.84210500	70.58897200	0.00057500	20.11278200	10.56391000	3.90977400	27.55639100	20.96491200
0.36315800	0.00109800	49.22305800	57.75689200	0.00077500	20.03759400	21.50375900	5.66917300	45.03759400	34.29824600
0.57017500	0.00061400	67.36842100	73.94736800	0.00120400	21.65413500	12.63157900	8.28571400	40.75188000	5.17543900
0.58771900	0.00093300	76.49122800	71.34085200	0.00119300	15.71428600	12.85714300	3.63909800	5.45112800	16.05263200
0.37543900	0.00115800	52.43107800	69.58646600	0.00049800	25.00000000	12.89473700	2.69172900	14.02255600	26.49122800
0.12280700	0.00079300	53.73433600	70.78947400	0.00132300	19.73684200	12.55639100	8.80451100	41.87969900	13.42105300
0.54912300	0.00060700	75.88972400	61.46616500	0.00142100	23.57142900	22.36842100	1.92481200	16.05263200	6.49122800
0.60877200	0.00141800	40.40100300	61.56641600	0.00141800	19.62406000	10.37594000	9.36842100	43.12030100	39.91228100
0.76491200	0.00044600	52.73183000	68.43358400	0.00142800	24.54887200	12.40601500	3.18797000	22.70676700	17.54386000
0.40350900	0.00047000	60.25062700	58.15789500	0.00065600	18.27067700	23.38345900	4.18045100	46.05263200	23.59649100
0.71052600	0.00126300	46.61654100	60.91478700	0.00146300	13.68421100	14.17293200	9.95488700	30.26315800	31.22807000
0.45263200	0.00076500	48.72180500	73.74686700	0.00117200	15.75188000	24.81203000	5.30827100	42.89473700	30.00000000
0.49824600	0.00046000	43.80952400	61.16541400	0.00062500	16.42857100	24.43609000	7.24812000	25.18797000	9.64912300
0.65614000	0.00046300	69.27318300	68.88471200	0.00038200	18.68421100	20.71428600	5.89473700	30.48872200	14.56140400
0.38947400	0.00118900	63.95990000	74.64912300	0.00116100	19.58646600	21.39097700	6.90977400	7.59398500	13.33333300
0.68771900	0.00032300	61.65413500	62.81954900	0.00148100	10.78947400	21.87969900	8.42105300	38.04511300	28.94736800
0.32280700	0.00106700	59.24812000	57.65664200	0.00044600	15.90225600	18.12030100	2.55639100	34.54887200	8.85964900
0.40000000	0.00064200	47.51879700	65.27568900	0.00074400	17.85714300	17.33082700	3.54887200	37.25563900	11.49122800
0.23157900	0.00124900	72.58145400	58.70927300	0.00144200	21.16541400	10.48872200	3.00751900	24.62406000	14.91228100
0.66491200	0.00061800	55.93985000	56.90476200	0.00070500	12.33082700	24.02255600	4.92481200	48.98496200	5.52631600
0.51754400	0.00125300	50.02506300	74.74937300	0.00036500	22.59398500	24.62406000	7.51879700	25.75188000	6.05263200
0.15087700	0.00052600	67.76942400	63.57142900	0.00156500	16.24060200	21.61654100	7.87969900	19.77443600	7.63157900
0.15789500	0.00076100	60.05012500	60.96491200	0.00049100	11.50375900	16.46616500	7.27067700	31.39097700	8.77193000
0.16140400	0.00076800	68.37092700	55.60150400	0.00090500	18.19548900	11.95488700	5.17293200	6.35338300	9.82456100
0.42105300	0.00104600	51.62907300	72.39348400	0.00081100	23.38345900	14.73684200	5.35338300	38.60902300	10.61403500
0.20701800	0.00057900	71.97995000	66.27819500	0.00027700	16.05263200	20.75188000	3.66165400	8.15789500	13.94736800
0.68947400	0.00098600	67.96992500	74.79949900	0.00034400	21.09022600	14.32330800	5.53383500	48.19548900	32.10526300
0.51403500	0.00092300	78.09523800	71.94235600	0.00145300	10.93985000	17.51879700	6.07518800	47.63157900	7.28070200
0.62631600	0.00039300	54.43609000	64.82456100	0.00062800	17.93233100	19.43609000	1.11278200	12.10526300	15.87719300
0.20350900	0.00121800	48.92230600	70.63909800	0.00099600	13.49624100	23.42105300	7.31578900	35.90225600	19.73684200
0.12807000	0.00038200	61.25313300	67.73183000	0.00066000	20.78947400	19.54887200	9.88721800	42.33082700	9.21052600
0.29649100	0.00062500	72.78195500	55.40100300	0.00058600	21.31578900	16.80451100	7.49624100	49.32330800	20.70175400
0.23684200	0.00113700	46.21553900	73.69674200	0.00062100	18.42105300	22.85714300	4.74436100	18.64661700	15.26315800
0.78596500	0.00134700	64.86215500	70.83959900	0.00075800	15.97744400	15.00000000	7.92481200	9.39849600	22.28070200
0.50877200	0.00129500	61.35338300	64.37343400	0.00147400	11.99248100	13.90977400	2.71428600	19.66165400	37.54386000
0.21052600	0.00112300	41.30325800	63.67167900	0.00124900	21.99248100	12.06766900	9.93233100	32.40601500	24.73684200
0.53859600	0.00114000	47.91979900	72.94486200	0.00138900	13.27067700	23.94736800	7.81203000	7.03007500	19.29824600
0.38070200	0.00150200	44.71177900	62.41854600	0.00094000	16.20300800	22.59398500	9.45864700	5.56391000	34.64912300
0.53684200	0.00148400	53.13283200	63.42105300	0.00040700	19.96240600	21.95488700	6.54887200	26.54135300	39.56140400
0.28245600	0.00077200	73.08270700	73.89724300	0.00098200	15.48872200	22.18045100	1.42857100	28.90977400	30.61403500
0.72280700	0.00152600	67.86967400	58.35839600	0.00128800	11.76691700	11.80451100	5.78195500	16.95488700	15.00000000
0.45614000	0.00084600	77.19298200	70.33834600	0.00051900	13.12030100	19.77443600	6.30075200	35.11278200	6.31578900
0.72456100	0.00028800	68.17042600	60.51378400	0.00078200	13.90977400	10.11278200	8.69172900	24.28571400	32.71929800
0.42807000	0.00040400	54.73684200	63.52130300	0.00136100	21.39097700	15.52631600	3.95488700	34.77443600	19.82456100
0.18947400	0.00052300	43.50877200	58.55889700	0.00098900	12.59398500	20.22556400	7.63157900	10.75188000	30.52631600
0.30877200	0.00049500	60.35087700	74.19799500	0.00108800	17.21804500	11.54135300	2.51127800	43.57142900	28.15789500
0.17368400	0.00138200	56.64160400	60.11278200	0.00088400	15.45112800	20.78947400	2.66917300	10.41353400	11.31578900
0.24035100	0.00075800	59.14787000	59.91228100	0.00137900	15.03759400	10.30075200	1.04511300	43.00751900	23.24561400
0.26140400	0.00145300	68.07017500	71.84210500	0.00107400	10.48872200	20.52631600	7.11278200	38.72180500	11.75438600
0.43157900	0.00043200	53.03258100	74.04761900	0.00084600	19.51127800	10.75188000	1.18045100	9.51127800	35.00000000
0.18596500	0.00143200	54.53634100	65.57644100	0.00122100	11.80451100	24.28571400	9.86466200	13.68421100	24.21052600
0.38596500	0.00155100	67.06766900	64.97493700	0.00081400	18.30827100	11.87969900	1.47368400	40.63909800	36.05263200
0.74736800	0.00062100	54.03508800	72.79448600	0.00093300	19.32330800	19.13533800	4.67669200	44.92481200	27.10526300
0.11929800	0.00054400	45.21303300	73.24561400	0.00072300	24.21052600	22.21804500	2.78195500	41.20300800	35.08771900
0.67017500	0.00053700	61.75438600	66.52882200	0.00092300	15.52631600	12.48120300	7.83458600	47.85714300	21.49122800
0.24210500	0.00020000	63.45864700	73.04511300	0.00120700	10.07518800	12.51879700	6.18797000	32.96992500	21.40350900
0.49649100	0.00077500	70.97744400	70.68922300	0.00057900	24.06015000	13.83458600	4.29323300	23.27067700	8.68421100
0.59122800	0.00038600	71.77944900	69.23558900	0.00080700	12.74436100	17.25563900	3.43609000	10.18797000	37.71929800
0.38421100	0.00090200	77.99498700	67.23057600	0.00085300	22.89473700	11.24060200	6.97744400	39.73684200	7.45614000
0.53333300	0.00081100	65.66416000	72.84461200	0.00041100	17.63157900	21.84210500	5.64661700	14.58646600	35.87719300
0.64035100	0.00097500	71.87969900	60.16290700	0.00131600	14.21052600	23.83458600	8.82706800	11.76691700	15.17543900
0.64210500	0.00097900	69.87468700	66.97995000	0.00147700	12.14285700	19.47368400	5.37594000	42.10526300	23.85964900
0.44386000	0.00073300	40.30075200	73.34586500	0.00100700	20.75188000	19.02255600	4.72180500	14.47368400	5.35087700
0.12105300	0.00158600	56.44110300	66.42857100	0.00083500	17.70676700	18.49624100	2.62406000	31.72932300	22.45614000
0.79298200	0.00157500	79.09774400	73.54636600	0.00152300	17.78195500	18.87218000	6.61654100	11.09022600	30.78947400
0.28771900	0.00036100	57.44360900	65.62656600	0.00055100	13.38345900	18.60902300	5.28571400	27.10526300	21.75438600
0.43859600	0.00104900	75.68922300	63.87218000	0.00158200	23.04511300	13.45864700	6.79699200	20.78947400	9.56140400
0.37368400	0.00072300	64.36090200	66.47869700	0.00045300	13.08270700	11.57894700	9.21052600	23.83458600	39.38596500
0.76315800	0.00021400	58.84711800	69.03508800	0.00029500	14.32330800	18.83458600	7.33834600	36.91729300	26.75438600
0.30526300	0.00107400	52.13032600	56.25313300	0.00068100	22.55639100	15.56391000	6.88721800	11.20300800	11.05263200
0.64561400	0.00057500	56.24060200	64.32330800	0.00029800	18.34586500	12.81954900	1.33834600	47.40601500	37.80701800
0.51052600	0.00037900	67.26817000	60.56391000	0.00064200	20.45112800	13.72180500	2.17293200	35.67669200	23.77193000
0.60526300	0.00103200	53.53383500	68.28320800	0.00074000	10.45112800	15.63909800	6.41353400	6.01503800	20.00000000
0.27017500	0.00143500	61.85463700	70.43859600	0.00060400	24.77443600	12.29323300	8.60150400	32.06766900	18.94736800
0.79649100	0.00083200	57.24310800	69.68671700	0.00048100	10.03759400	19.73684200	1.36090200	28.00751900	22.19298200
0.70000000	0.00131600	66.16541400	58.05764400	0.00057200	24.32330800	15.41353400	4.11278200	35.22556400	35.35087700
0.13684200	0.00060000	46.71679200	62.01754400	0.00155400	12.36842100	24.96240600	5.82706800	41.42857100	17.28070200
0.75438600	0.00106300	73.28320800	73.99749400	0.00084900	18.57142900	22.89473700	6.86466200	36.69172900	12.98245600
0.76666700	0.00070500	71.27819500	61.66666700	0.00041400	19.69924800	17.93233100	3.14285700	27.44360900	36.75438600
0.71929800	0.00094400	57.84461200	62.56892200	0.00077900	18.12030100	20.56391000	1.83458600	12.44360900	39.73684200
0.33684200	0.00065600	64.66165400	63.82205500	0.00082500	10.71428600	24.39849600	6.25563900	22.25563900	32.80701800
0.69298200	0.00113000	73.58396000	70.48872200	0.00071200	18.00751900	13.49624100	6.00751900	9.06015000	38.85964900
0.10526300	0.00024900	69.57393500	71.69172900	0.00139300	11.87969900	17.10526300	3.61654100	9.17293200	29.03508800
0.31754400	0.00102500	77.89473700	64.07268200	0.00020400	13.72180500	14.58646600	8.24060200	44.81203000	40.00000000
0.35614000	0.00151600	54.23558900	70.18797000	0.00039300	11.09022600	23.34586500	3.03007500	22.48120300	13.50877200
0.53508800	0.00116800	45.61403500	71.14035100	0.00076800	19.02255600	13.27067700	9.79699200	11.65413500	30.87719300
0.78070200	0.00040000	51.12782000	60.66416000	0.00122500	13.30827100	13.68421100	2.33082700	37.59398500	9.47368400
0.43333300	0.00037500	54.33584000	57.95739300	0.00144900	21.01503800	16.95488700	1.54135300	12.78195500	22.36842100
0.41052600	0.00038900	44.21052600	64.17293200	0.00059600	17.33082700	13.94736800	2.15037600	21.80451100	35.78947400
0.75964900	0.00120400	62.65664200	61.06516300	0.00074700	17.06766900	11.16541400	8.10526300	36.12782000	16.22807000
0.25964900	0.00039600	40.10025100	58.65914800	0.00060700	19.88721800	14.66165400	1.81203000	20.33834600	18.24561400
0.72807000	0.00035800	59.84962400	69.83709300	0.00095400	16.35338300	15.75188000	4.22556400	32.63157900	9.12280700
0.24561400	0.00027700	44.91228100	67.98245600	0.00130500	14.96240600	23.68421100	1.67669200	28.79699200	24.38596500
0.25789500	0.00120700	50.62656600	69.63659100	0.00058900	13.45864700	14.02255600	8.91729300	5.67669200	12.01754400
0.45964900	0.00097200	65.26315800	66.12782000	0.00022500	14.51127800	18.23308300	7.47368400	32.29323300	26.31578900
0.42456100	0.00154400	40.60150400	65.47619000	0.00144600	21.12782000	23.12030100	2.44360900	28.23308300	12.10526300
0.30701800	0.00030200	51.42857100	66.37844600	0.00091600	24.28571400	23.53383500	1.27067700	17.63157900	10.43859600
0.73859600	0.00029500	59.74937300	57.45614000	0.00126300	19.28571400	17.29323300	9.48120300	8.60902300	27.28070200
0.20877200	0.00110500	68.77193000	70.23809500	0.00133000	16.80451100	16.76691700	8.84962400	22.59398500	14.64912300
0.44210500	0.00025300	65.46365900	63.17042600	0.00028800	20.48872200	13.34586500	7.56391000	20.90225600	15.43859600
0.48421100	0.00145600	74.38596500	63.92230600	0.00052300	24.69924800	14.13533800	9.77443600	24.84962400	27.71929800
0.67368400	0.00140000	51.82957400	68.73433600	0.00067400	16.72932300	15.33834600	3.09774400	22.93233100	39.47368400
0.47543900	0.00086300	46.41604000	64.87468700	0.00140700	12.03007500	15.67669200	2.42105300	34.21052600	24.64912300
0.27368400	0.00149800	62.95739300	71.99248100	0.00159600	24.09774400	23.45864700	4.51879700	16.72932300	34.12280700
0.31929800	0.00149500	76.59147900	57.35589000	0.00080400	12.48120300	14.62406000	8.71428600	11.42857100	13.59649100
0.74386000	0.00069800	55.33834600	72.64411000	0.00038600	16.27819500	12.33082700	3.88721800	47.51879700	14.21052600
0.36140400	0.00096500	54.13533800	61.31578900	0.00026000	21.72932300	20.18797000	4.87969900	33.08270700	22.71929800
0.61403500	0.00101400	79.69924800	63.77193000	0.00125300	12.44360900	19.58646600	7.06766900	21.69172900	30.43859600
0.13157900	0.00061100	45.41353400	71.54135300	0.00107700	21.05263200	22.66917300	2.10526300	39.84962400	16.49122800
0.16666700	0.00150900	49.52381000	59.46115300	0.00159300	23.19548900	21.20300800	1.56391000	6.69172900	31.05263200
0.54035100	0.00115400	56.34085200	62.61904800	0.00040400	18.75939800	15.90225600	8.73684200	22.36842100	13.85964900
0.75263200	0.00048800	41.10275700	58.00751900	0.00112600	23.15789500	19.88721800	7.40601500	20.11278200	13.24561400
0.65087700	0.00025600	51.92982500	68.18295700	0.00048400	13.79699200	10.18797000	4.33834600	16.61654100	11.57894700
0.59649100	0.00044200	69.17293200	56.70426100	0.00037900	15.93985000	15.18797000	9.05263200	45.15037600	20.87719300
0.22105300	0.00142500	65.36340900	68.53383500	0.00056500	20.52631600	24.13533800	9.66165400	6.91729300	30.96491200
0.14561400	0.00148800	44.81203000	55.45112800	0.00156100	23.34586500	14.06015000	8.01503800	26.76691700	20.08771900
0.68596500	0.00116100	59.04761900	59.76190500	0.00068400	24.58646600	22.81954900	2.60150400	33.42105300	5.78947400
0.11052600	0.00078600	43.60902300	61.41604000	0.00138200	15.63909800	10.71428600	7.45112800	35.00000000	32.28070200
0.53157900	0.00056500	49.32330800	60.86466200	0.00022800	16.69172900	16.20300800	5.91729300	19.21052600	23.07017500
0.45087700	0.00058200	48.62155400	66.32832100	0.00055400	23.68421100	19.84962400	4.69924800	48.87218000	30.26315800
0.15614000	0.00063200	75.98997500	64.27318300	0.00154700	20.22556400	19.92481200	2.26315800	17.51879700	17.71929800
0.78947400	0.00105300	70.47619000	72.34335800	0.00090200	23.60902300	14.21052600	1.13533800	13.90977400	26.57894700
0.62105300	0.00137500	58.74686700	74.54887200	0.00118600	11.54135300	16.42857100	5.10526300	23.72180500	34.73684200
0.71228100	0.00095400	61.15288200	59.31077700	0.00053000	24.62406000	22.93233100	3.30075200	31.16541400	26.66666700
0.56666700	0.00066000	47.31829600	66.77944900	0.00143200	20.86466200	23.64661700	3.41353400	33.98496200	32.89473700
0.78771900	0.00154700	50.72681700	72.19298200	0.00043900	22.06766900	21.12782000	7.72180500	33.53383500	26.05263200
0.33333300	0.00141100	75.38847100	58.75939800	0.00158600	11.61654100	18.04511300	1.40601500	41.65413500	21.22807000
0.38771900	0.00138600	57.54386000	67.63157900	0.00151200	23.83458600	12.18045100	2.64661700	29.81203000	16.57894700
0.33508800	0.00063500	59.44862200	55.95238100	0.00056100	11.95488700	15.86466200	6.05263200	29.24812000	35.26315800
0.65438600	0.00054000	71.57894700	74.14787000	0.00066700	14.66165400	13.75939800	7.42857100	26.65413500	16.92982500
0.51578900	0.00126700	71.47869700	63.07017500	0.00079300	11.27819500	13.87218000	4.63157900	7.36842100	9.38596500
0.19298200	0.00144900	53.33333300	57.80701800	0.00022100	24.96240600	18.64661700	7.00000000	34.66165400	37.36842100
0.62280700	0.00108800	73.48370900	61.76691700	0.00082100	12.93233100	20.26315800	1.72180500	25.97744400	15.70175400
0.73508800	0.00128400	44.41102800	68.98496200	0.00111600	22.51879700	16.39097700	8.12782000	20.56391000	21.66666700
0.38245600	0.00157200	62.75689200	56.35338300	0.00030500	18.87218000	19.39849600	6.16541400	8.49624100	18.33333300
0.64736800	0.00138900	63.65914800	56.20300800	0.00115400	23.72180500	22.96992500	6.39097700	46.27819500	18.42105300
0.23508800	0.00110900	78.99749400	58.30827100	0.00143900	18.72180500	15.22556400	5.73684200	45.48872200	9.03508800
0.42280700	0.00096100	43.00751900	72.49373400	0.00114700	11.84210500	19.17293200	2.30827100	19.88721800	12.89473700
0.39122800	0.00056800	76.19047600	74.39849600	0.00112300	15.41353400	17.78195500	9.16541400	11.87969900	17.63157900
0.11754400	0.00127000	42.60651600	62.06766900	0.00076500	21.35338300	17.14285700	4.54135300	26.42857100	5.61403500
0.21754400	0.00122100	74.88721800	59.26065200	0.00105300	17.18045100	17.18045100	2.98496200	15.60150400	20.61403500
0.21228100	0.00077900	57.04260700	55.30075200	0.00160000	12.66917300	15.26315800	6.48120300	46.50375900	26.92982500
0.26315800	0.00068800	57.64411000	59.41102800	0.00069800	22.70676700	14.24812000	3.39097700	44.36090200	34.03508800
0.60350900	0.00028400	65.56391000	65.07518800	0.00042100	12.06766900	10.41353400	5.33082700	49.66165400	29.64912300
0.64912300	0.00117900	63.55889700	64.57393500	0.00121400	22.03007500	18.15789500	9.61654100	40.18797000	33.07017500
0.46666700	0.00033700	66.36591500	68.08270700	0.00129500	11.24060200	19.66165400	1.99248100	50.00000000	15.61403500
0.59473700	0.00136100	61.55388500	71.04010000	0.00106300	21.50375900	23.08270700	2.19548900	5.11278200	38.07017500
0.56491200	0.00053000	41.60401000	57.60651600	0.00035100	14.69924800	12.03007500	4.24812000	49.43609000	16.14035100
0.22456100	0.00072600	72.88220600	65.02506300	0.00111900	20.90225600	13.98496200	1.65413500	6.57894700	27.45614000
0.67719300	0.00049800	73.88471200	67.38095200	0.00104900	24.13533800	18.72180500	7.54135300	38.83458600	21.14035100
0.20526300	0.00045300	62.35589000	74.69924800	0.00101800	18.49624100	17.40601500	2.24060200	5.33834600	34.91228100
0.67894700	0.00085300	45.91478700	57.70676700	0.00146700	18.94736800	13.15789500	4.42857100	17.74436100	31.92982500
0.14912300	0.00056100	79.39849600	72.69423600	0.00118900	22.18045100	25.00000000	6.66165400	13.79699200	18.68421100
0.49298200	0.00031200	48.32080200	71.19047600	0.00071600	18.79699200	20.90225600	2.84962400	18.42105300	33.77193000
0.14386000	0.00024200	53.93483700	72.09273200	0.00063900	17.48120300	14.88721800	3.72932300	7.48120300	12.36842100
0.56140400	0.00118600	47.71929800	74.84962400	0.00048800	20.56391000	10.93985000	4.94736800	25.41353400	28.85964900
0.62456100	0.00069500	57.14285700	64.67418500	0.00039600	17.59398500	24.09774400	2.03759400	34.88721800	12.63157900
0.59298200	0.00114400	79.79949900	68.68421100	0.00123900	23.08270700	12.96992500	5.19548900	22.14285700	35.43859600
0.64386000	0.00043900	72.48120300	66.82957400	0.00137500	12.40601500	13.08270700	6.52631600	29.69924800	30.35087700
0.47368400	0.00148100	58.04511300	61.86716800	0.00065300	11.01503800	24.66165400	2.53383500	38.38345900	20.43859600
0.31578900	0.00093000	44.51127800	56.95488700	0.00083200	24.36090200	14.96240600	1.24812000	8.94736800	6.14035100
0.69122800	0.00107000	48.22055100	59.16040100	0.00126700	15.56391000	10.26315800	9.25563900	6.12782000	28.77193000
0.51228100	0.00071900	64.16040100	55.35087700	0.00149100	21.95488700	20.93985000	5.62406000	25.52631600	39.03508800
0.55438600	0.00132300	43.20802000	59.21052600	0.00067700	15.11278200	18.94736800	9.50375900	20.45112800	24.47368400
0.18070200	0.00103900	66.46616500	64.52381000	0.00024200	18.83458600	15.37594000	2.91729300	46.72932300	19.91228100
0.74035100	0.00050900	70.37594000	73.19548900	0.00020700	21.80451100	18.57142900	7.65413500	28.68421100	31.49122800
0.72105300	0.00092600	68.27067700	56.40350900	0.00044200	17.25563900	16.09022600	5.93985000	49.09774400	7.19298200
0.57193000	0.00091200	55.13784500	67.13032600	0.00032300	10.00000000	21.16541400	4.81203000	17.06766900	33.33333300
0.29824600	0.00053300	43.10776900	68.33333300	0.00026300	16.61654100	15.07518800	6.77443600	39.62406000	38.42105300
0.14035100	0.00022100	40.90225600	57.05513800	0.00043500	10.86466200	16.16541400	2.46616500	15.03759400	10.26315800
0.40175400	0.00058600	70.67669200	62.26817000	0.00124200	20.00000000	18.42105300	8.89473700	33.64661700	15.08771900
0.41403500	0.00024600	76.89223100	71.49122800	0.00127700	16.99248100	13.23308300	7.85714300	42.55639100	22.01754400
0.20175400	0.00030900	55.23809500	71.89223100	0.00091900	10.67669200	24.17293200	3.36842100	17.40601500	19.12280700
0.41228100	0.00081800	71.17794500	71.29072700	0.00080000	20.82706800	17.59398500	9.09774400	13.23308300	30.70175400
0.27719300	0.00037200	72.18045100	55.75188000	0.00096800	11.72932300	20.45112800	1.58646600	16.16541400	8.07017500
0.48070200	0.00116500	55.73934800	68.48370900	0.00157200	14.54887200	10.60150400	5.26315800	30.15037600	12.80701800
0.39824600	0.00099600	64.46115300	60.36340900	0.00103500	14.36090200	17.44360900	2.80451100	41.54135300	28.42105300
0.31052600	0.00065300	74.28571400	61.21553900	0.00030200	22.74436100	24.21052600	4.78947400	24.51127800	20.78947400
0.44736800	0.00143900	71.37844600	69.73684200	0.00068800	23.98496200	21.31578900	5.60150400	27.21804500	19.38596500
0.32631600	0.00067000	66.56641600	66.92982500	0.00121800	17.74436100	10.33834600	8.55639100	13.57142900	29.73684200
0.46315800	0.00137900	50.32581500	63.97243100	0.00149500	11.35338300	18.38345900	7.74436100	29.02255600	7.89473700
0.25263200	0.00117500	77.59398500	68.63408500	0.00096500	20.71428600	12.25563900	3.75188000	32.18045100	26.14035100
0.57894700	0.00051200	60.95238100	56.65413500	0.00054400	14.84962400	10.07518800	1.63157900	8.27067700	25.43859600
0.49473700	0.00082100	76.79198000	61.01503800	0.00137200	17.81954900	16.91729300	8.30827100	36.57894700	36.22807000
0.48596500	0.00151200	52.03007500	75.00000000	0.00110200	12.81954900	23.04511300	2.08270700	41.76691700	28.50877200
0.34386000	0.00156100	63.25814500	70.93985000	0.00157900	13.87218000	19.24812000	3.93233100	47.74436100	33.24561400
0.10175400	0.00107700	40.50125300	59.06015000	0.00100400	23.00751900	22.40601500	3.70676700	16.50375900	25.52631600
0.34912300	0.00091600	69.67418500	62.46867200	0.00090900	15.30075200	11.42857100	3.12030100	28.34586500	17.19298200
0.47193000	0.00095100	66.96741900	62.91979900	0.00061400	11.12782000	11.39097700	8.78195500	39.51127800	13.77193000
0.63859600	0.00106000	79.19799500	55.70175400	0.00097900	14.62406000	19.62406000	9.52631600	32.74436100	23.33333300
0.62807000	0.00078900	78.79699200	63.22055100	0.00066300	17.55639100	21.27819500	5.46616500	11.54135300	32.01754400
0.73333300	0.00041400	60.55137800	55.20050100	0.00127000	21.24060200	24.73684200	5.21804500	39.39849600	25.87719300
0.66315800	0.00049100	49.82456100	57.00501300	0.00025600	15.67669200	19.06015000	8.66917300	15.15037600	8.33333300
0.72982500	0.00111900	41.80451100	67.53132800	0.00061100	16.87969900	14.84962400	5.55639100	44.58646600	8.50877200
0.25438600	0.00153700	61.45363400	74.89974900	0.00058200	22.36842100	13.00751900	3.34586500	35.45112800	21.31578900
0.58596500	0.00160000	77.69423600	67.08020100	0.00023900	19.06015000	24.51127800	8.08270700	24.06015000	31.14035100
0.54210500	0.00023900	46.81704300	56.75438600	0.00078900	23.49624100	24.06015000	4.90225600	7.25563900	28.59649100
0.58245600	0.00158200	75.78947400	64.02255600	0.00054700	16.31578900	13.79699200	6.50375900	29.92481200	23.94736800
0.34561400	0.00149100	46.31578900	66.62907300	0.00029100	22.78195500	10.52631600	1.22556400	47.18045100	34.56140400
0.16491200	0.00089800	78.29573900	58.40852100	0.00037200	20.18797000	18.00751900	1.29323300	30.37594000	5.70175400
0.33859600	0.00151900	42.90726800	71.79198000	0.00104200	24.73684200	18.75939800	3.21052600	45.71428600	18.77193000
0.24912300	0.00136800	47.61904800	60.06265700	0.00121100	16.09022600	20.33834600	5.39849600	27.33082700	20.17543900
0.11578900	0.00048400	60.45112800	59.66165400	0.00033700	20.60150400	11.76691700	9.75188000	48.30827100	16.66666700
0.50701800	0.00130500	51.02756900	69.13533800	0.00103200	18.45864700	14.36090200	4.20300800	17.96992500	13.15789500
0.45789500	0.00154000	41.20300800	74.44862200	0.00091200	24.39849600	23.57142900	9.90977400	41.99248100	37.01754400
0.34035100	0.00135400	74.18546400	56.05263200	0.00109100	15.82706800	23.90977400	6.57142900	39.28571400	7.71929800
0.51929800	0.00084200	59.34837100	63.32080200	0.00095800	21.84210500	10.86466200	8.87218000	49.21052600	33.50877200
0.44561400	0.00066300	67.46867200	59.61152900	0.00027000	12.18045100	18.19548900	6.32330800	12.21804500	10.00000000
0.75789500	0.00094700	74.68671700	67.43107800	0.00042500	11.57894700	24.24812000	6.72932300	46.95488700	18.85964900
0.67193000	0.00042500	63.75939800	61.71679200	0.00093700	22.29323300	17.74436100	2.28571400	6.24060200	29.47368400
0.15438600	0.00030500	65.76441100	74.59899700	0.00129100	22.85714300	16.27819500	6.12030100	40.07518800	15.78947400
0.52807000	0.00073000	40.20050100	65.12531300	0.00109800	23.90977400	11.72932300	6.68421100	34.32330800	34.21052600
0.32982500	0.00159300	67.56892200	66.07769400	0.00154400	16.50375900	13.12030100	1.90225600	39.17293200	23.42105300
0.65789500	0.00041800	40.00000000	70.53884700	0.00110500	22.96992500	17.85714300	7.58646600	29.58646600	15.35087700
0.73684200	0.00026300	51.32832100	57.25563900	0.00104600	23.64661700	12.10526300	8.03759400	30.60150400	27.36842100
