20834.004311143945	1527679450.98
9493.892676633468	1527679571.55
8993.276957627164	1527679665.35
7113.681721899045	1527679813.7
19492.196458047223	1527679932.28
11907.205209312515	1527680061.28
16061.554549907536	1527680168.9
13748.68773583246	1527680294.13
9127.843600125074	1527680414.09
3722.7357572738747	1527680538.45
13594.80251532507	1527680668.94
1465.5105750399991	1527680762.99
14846.928490892624	1527680890.1
8305.494586157478	1527680994.48
8563.145492782427	1527681091.17
19469.134378954644	1527681229.19
8167.230624056253	1527681322.26
13824.985439517965	1527681457.21
34264.27995663754	1527681585.26
10766.819187788416	1527681683.38
1434.209538586308	1527681813.83
17652.34955352908	1527681937.21
16139.10331666398	1527682034.63
13130.644029222974	1527682148.59
11770.064175089045	1527682254.69
14000.837451322577	1527682370.28
1960.9821618168812	1527682480.07
8030.765705321693	1527682618.09
21187.989008801505	1527682726.7
30277.161480668252	1527682837.81
25967.20446550659	1527682951.12
1813.2210222888812	1527683050.18
12065.993214979157	1527683149.81
4857.653388898336	1527683266.17
5246.485807164327	1527683373.24
15410.621419751964	1527683506.57
11804.09445821059	1527683658.28
17713.772935890447	1527683761.42
21633.73855751363	1527683873.16
4854.609672241446	1527683979.94
11059.722820268886	1527684099.21
17871.396671962237	1527684191.69
10072.560185910184	1527684309.4
11801.106311848385	1527684423.59
14697.169802255232	1527684545.01
19314.49135966698	1527684649.07
14402.855645842545	1527684751.49
3725.441662597187	1527684878.26
17646.00459964104	1527684984.31
4506.088702120697	1527685100.9
15988.71915618868	1527685241.9
18508.781822521214	1527685365.06
1050.6092654690517	1527685494.11
11626.839526348267	1527685610.7
14577.451311407225	1527685705.98
12591.688579227595	1527685803.85
2068.464933475589	1527685899.23
9006.11647919504	1527686009.74
27238.87263589552	1527686120.84
21789.293989169124	1527686233.79
8256.493237177554	1527686347.5
19253.381582706177	1527686474.61
4098.135861906938	1527686609.69
12107.042679637834	1527686736.52
2396.0590234537162	1527686860.63
38198.026652465516	1527686970.17
1101.5071590215462	1527687058.03
5204.568400454986	1527687175.09
8800.906580659146	1527687287.01
13388.931172315471	1527687386.97
10227.591386416172	1527687512.63
14677.410390825655	1527687634.35
8746.72676772395	1527687740.08
25200.27966483956	1527687853.84
4109.268755274249	1527687964.64
20246.411537018925	1527688066.25
19636.26250440404	1527688172.48
18564.153486107763	1527688281.29
20940.95449579141	1527688398.46
10405.808259318128	1527688510.78
12875.75796989068	1527688646.96
9678.899149407702	1527688765.36
9843.031504184035	1527688875.4
24103.993905904492	1527689007.56
14166.03238534985	1527689125.0
26597.37719962769	1527689242.89
3404.340304619904	1527689361.71
32233.68070156916	1527689484.63
13130.518803377698	1527689586.34
14061.547193125612	1527689695.73
1945.267386460461	1527689809.17
16843.36070001752	1527689908.24
7083.352110039473	1527690026.99
8361.781144548177	1527690135.19
7607.70399448354	1527690236.76
5352.195654137696	1527690343.61
12339.767354542138	1527690476.55
12143.575856291502	1527690590.57
12933.469371539102	1527690679.84
3043.9366950994563	1527690792.45
23543.305829059915	1527690895.77
7394.0539456931765	1527690997.92
12006.309902411283	1527691106.91
18301.35709843881	1527691209.18
13804.122049132731	1527691332.15
6458.057200918528	1527691438.95
13537.245480373824	1527691578.85
18676.457698284677	1527691690.71
2557.2762707800307	1527691810.45
3834.4363746554613	1527691892.42
11241.06153789507	1527691976.13
19644.42136720267	1527692074.82
8280.801595735113	1527692201.88
1547.304708162363	1527692307.94
9441.78414305903	1527692412.67
12190.236008611737	1527692540.21
10197.974287374618	1527692660.12
15148.765510474384	1527692761.75
1641.7934829927344	1527692863.06
9845.009905561652	1527692953.97
3475.2437992061605	1527693053.91
3796.6854343909395	1527693163.05
7121.978056059088	1527693276.42
15763.700953138377	1527693358.35
2187.668452334263	1527693477.5
27753.811722086448	1527693608.61
14327.835486336862	1527693722.22
6095.9515871676385	1527693826.78
25075.600167902994	1527693911.36
10155.542051670096	1527694023.45
14428.483298760983	1527694139.1
24450.93990973752	1527694247.33
4800.468340307898	1527694351.85
29033.092634387936	1527694461.75
2951.7695946825224	1527694578.27
31169.565167468634	1527694682.06
7232.136981514477	1527694808.4
11397.074788137752	1527694930.92
16037.51960551401	1527695048.96
4926.5386718981945	1527695154.64
23270.80684215779	1527695268.77
3222.386708083151	1527695388.34
1486.2516358232092	1527695504.71
6738.998176760467	1527695611.99
5155.411505934789	1527695736.24
7175.639894295221	1527695846.28
6768.186725538362	1527695953.25
26061.01134184266	1527696050.25
9475.135299229818	1527696162.62
9358.96222183097	1527696271.99
2159.503272825603	1527696388.17
8791.912357369552	1527696509.25
5702.387842298723	1527696631.98
6108.5714590020325	1527696737.84
8235.598442809453	1527696867.05
5811.211834067596	1527696987.37
2586.8055559855766	1527697111.45
11225.484853026228	1527697221.28
25660.07217346392	1527697337.36
30565.68140270972	1527697437.78
4562.952084319908	1527697541.26
1355.5543886282426	1527697636.1
7492.716029086025	1527697724.18
19721.953591081812	1527697814.32
9098.151856085966	1527697932.68
18355.58496884748	1527698052.5
16548.79252082254	1527698161.72
7522.550365495307	1527698260.46
6164.81969842985	1527698353.02
8716.437555787204	1527698450.1
1889.5885599233952	1527698589.23
21661.587792928884	1527698694.22
922.3208337444128	1527698801.78
16500.68670678847	1527698918.64
2762.9727079234126	1527699040.28
34738.40479336731	1527699163.71
1238.7404027165512	1527699291.57
10109.883539763787	1527699402.04
21031.607103863622	1527699520.02
28979.146129847948	1527699614.27
20578.925806470525	1527699732.88
14799.44964674816	1527699843.32
1274.0018665932823	1527699937.42
7465.310796145462	1527700037.74
5697.004912655237	1527700140.15
15150.67986538807	1527700253.0
3456.2778577906124	1527700355.25
18885.54827422836	1527700479.64
22569.04864732312	1527700617.79
8351.66741001878	1527700719.81
19551.18809078632	1527700852.81
6652.412770929091	1527700937.87
20850.880316901603	1527701074.54
17660.177122486413	1527701187.2
2894.7619383143483	1527701287.65
24623.956339973374	1527701422.92
7753.794060928463	1527701557.57
4758.676854318433	1527701692.06
1887.1655665370513	1527701835.54
7320.27868600188	1527701959.4
16841.08810011843	1527702113.14
5578.35860221604	1527702250.72
7210.49564998565	1527702372.22
24145.202855137868	1527702482.04
12091.08676244487	1527702609.94
1670.472550421254	1527702706.17
13299.320813205364	1527702833.12
13712.77827776732	1527702951.09
19066.492269496874	1527703088.13
9885.453846121825	1527703218.6
2028.201927677811	1527703338.89
4472.535961383268	1527703433.54
25473.81137945441	1527703546.41
4379.604923823517	1527703663.95
11160.146666233584	1527704457.6
3682.5522421753262	1527704561.62
4218.129073415781	1527704681.44
3515.0938464084893	1527704788.32
12134.481301610514	1527704900.39
28473.85921234579	1527705005.7
17147.391236539384	1527705118.23
14795.712496672137	1527705191.83
6552.081262293467	1527705310.57
1499.2754412558368	1527705404.6
7563.094281310597	1527705528.27
32958.820583098954	1527705639.66
9558.780295787954	1527705770.82
23559.88208386235	1527705880.01
13278.651387358119	1527705987.37
12256.418393167525	1527706107.97
19483.833932551475	1527706236.43
8844.027082200662	1527706344.57
29383.108453979567	1527706433.87
19088.987149148124	1527706545.79
15881.28966709577	1527706647.27
15009.67384839735	1527706750.85
15635.824641273652	1527706874.74
6146.379646238085	1527706983.89
1991.812071162451	1527707083.17
19258.559096800258	1527707204.33
32344.89614127675	1527707330.33
9344.861879664199	1527707432.56
12473.486398612253	1527707556.8
17683.200384633823	1527707664.3
1794.5203007846967	1527707772.76
12709.625561435909	1527707862.73
18668.32824495528	1527707962.43
7526.330036377954	1527708085.76
7555.338141590305	1527708172.95
12644.09619604633	1527708263.76
8084.290991895718	1527708354.02
19359.849729531918	1527708462.22
17257.127924087054	1527708563.8
2844.0510882303843	1527708662.74
7318.2949569622015	1527708772.8
5766.408359429748	1527708867.99
9464.993020533162	1527708970.08
20292.467001195764	1527709076.8
11680.576656633833	1527709197.5
12409.524944075214	1527709301.15
5176.3676426486345	1527709423.64
16046.963843232925	1527709538.82
4793.919117625905	1527709636.95
2244.8653916961	1527709732.32
4289.583280039656	1527709832.92
10873.149362153998	1527709918.57
11819.268950940728	1527710013.99
23158.09800118069	1527710135.61
3874.449081719645	1527710241.61
10602.175307465744	1527710351.86
12070.017493803121	1527710448.09
26296.91826077071	1527710552.41
11996.65331979512	1527710669.28
8777.351015479488	1527710773.32
18415.835840682856	1527710867.21
7630.695989176164	1527710969.03
13587.458861000752	1527711062.02
10047.57100101344	1527711171.93
15702.687951547468	1527711284.28
2445.4840960322367	1527711416.6
8133.225621117451	1527711523.63
3212.8799285232876	1527711618.98
10373.064424972741	1527711730.77
15824.899757754047	1527711829.08
5616.506855736389	1527711958.55
6847.283847459657	1527712070.34
9122.9544307162	1527712169.47
24941.80220391918	1527712276.63
5892.411815057148	1527712367.62
20999.9338358886	1527712460.47
10651.377440098	1527712562.69
1084.190019909088	1527712662.67
16708.84674754102	1527712761.06
5005.815030190533	1527712864.48
7825.729043617612	1527712974.4
4529.389039255677	1527713068.03
5870.135773236397	1527713149.02
21442.24476188095	1527713256.82
5452.691379938342	1527713375.29
2141.4835715067306	1527713472.16
16064.088917412251	1527713582.19
3064.7693598777587	1527713682.33
25971.142176970992	1527713804.09
2114.411212528678	1527713899.31
2187.5004656595297	1527714008.1
10681.273208702796	1527714124.13
10313.887226404508	1527714230.37
21478.47635841033	1527714340.21
1591.1160316882647	1527714453.34
5425.624863967843	1527714548.62
1805.3140095107144	1527714646.3
23538.330228210783	1527714769.27
19976.118141073683	1527714848.6
11782.155684665346	1527714979.71
14749.435582613844	1527715106.4
24188.124422383265	1527715210.49
1019.8917846339789	1527715326.72
12261.1622658556	1527715433.11
9664.657128569756	1527715545.05
2184.0001054652525	1527715656.83
4915.68294612025	1527715762.34
17037.472262150633	1527715882.76
19102.20022179106	1527715999.78
13506.835110407848	1527716113.91
7140.471300311096	1527716231.42
11561.893000223807	1527716354.7
24895.07645120936	1527716482.43
8337.63811857445	1527716592.26
20679.776939930827	1527716708.83
7443.014333882132	1527716813.75
19746.494450528546	1527716917.39
3947.602904167885	1527717036.23
11838.522323636093	1527717132.18
14070.004409932963	1527717255.18
6070.597803861882	1527717371.72
8946.588768631827	1527717464.08
18860.881303131664	1527717573.29
3932.3909880816077	1527717676.37
3236.971541439134	1527717782.36
9048.304506320168	1527717878.24
12478.626086044189	1527718002.62
2044.4853185664049	1527718136.21
13958.758277538576	1527718258.81
27848.4638687742	1527718366.83
11545.857494077058	1527718476.65
10502.228693078927	1527718598.88
27690.32708076261	1527718710.19
7235.8628222608195	1527718811.33
7562.211222303558	1527718904.86
2658.4085290393705	1527719003.54
884.3217582197142	1527719106.07
6264.343418511555	1527719203.88
8828.246789170526	1527719314.73
2892.2656360832593	1527719414.91
14433.745875260125	1527719522.42
9481.900466702686	1527719604.33
18694.901228508796	1527719707.45
14333.293787136041	1527719793.21
5395.429834970539	1527719890.19
17462.711953181468	1527719987.01
33200.17021105891	1527720081.23
13665.114653487633	1527720198.9
919.7191405148483	1527720316.69
2833.5619624844794	1527720437.11
22592.8650788218	1527720554.22
25914.6958646033	1527720650.7
14938.374926295137	1527720775.5
19887.00030775775	1527720919.53
13089.78193755908	1527721016.73
13813.62909522118	1527721118.28
16834.83864476075	1527721221.14
4020.4202476216087	1527721349.12
22752.27919033513	1527721469.12
26789.73367878205	1527721592.06
10752.39781064462	1527721713.12
3824.144752014956	1527721817.48
4304.680381586619	1527721926.05
2568.48780933615	1527722038.29
10786.343463602298	1527722134.65
10493.393109908005	1527722261.75
1075.268169652423	1527722367.51
1976.6108636225674	1527722484.65
10787.199899173129	1527722600.06
10323.724034434446	1527722701.73
3077.5916885101246	1527722805.23
6125.45895580907	1527722934.71
11564.097598602899	1527723055.42
9700.862282962204	1527723156.95
16198.583565050745	1527723261.34
2886.194376925007	1527723373.43
10457.43975328526	1527723488.64
15460.300839260228	1527723598.01
6745.156159665353	1527723706.74
9024.615820877309	1527723840.92
5878.1966752528215	1527723941.32
11283.7451228784	1527724051.84
14573.83962735944	1527724179.77
24022.91425586533	1527724279.21
8060.497859692084	1527724387.35
13970.704467398951	1527724503.75
