0.36666700	0.00101100	50.42606500	66.92982500	0.00070200	0.00467700	0.00152600	11.84210500	20.33834600	5.60150400	6.35338300	14.47368400	0.73333300	0.38571400	0.11223100	0.08817000	0.32105300	0.10751900	0.57894700	0.64887200	0.41077700	0.06240600
0.17368400	0.00134700	56.14035100	61.96741900	0.00077200	0.00792500	0.00126300	15.52631600	16.65413500	2.10526300	27.21804500	28.33333300	0.72982500	0.31553900	0.07338300	0.11874700	0.39172900	0.20977400	0.65964900	0.12556400	0.41879700	0.10300800
0.77543900	0.00155400	65.26315800	55.85213000	0.00076500	0.00575900	0.00033300	12.48120300	12.78195500	5.03759400	35.11278200	13.50877200	0.37719300	0.37067700	0.06160400	0.09042600	0.56165400	0.11503800	0.58771900	0.40676700	0.37869700	0.33308300
0.76842100	0.00084200	65.16290700	63.07017500	0.00044500	0.00756400	0.00081100	19.09774400	23.68421100	2.84962400	39.62406000	18.68421100	0.64561400	0.11604000	0.06135300	0.08115300	0.14511300	0.12857100	0.27543900	0.43834600	0.11002500	0.38609000
0.32456100	0.00081400	48.72180500	71.39097700	0.00061900	0.00720300	0.00063500	25.00000000	11.12782000	3.45864700	33.53383500	29.64912300	0.48596500	0.13007500	0.05183000	0.04381000	0.41729300	0.47744400	0.45964900	0.10751900	0.29348400	0.31503800
0.55964900	0.00132600	48.02005000	59.06015000	0.00056000	0.00178900	0.00078200	21.42857100	19.58646600	9.66165400	15.15037600	5.08771900	0.18245600	0.24536300	0.03152900	0.02676700	0.62631600	0.38270700	0.28947400	0.61578900	0.42982500	0.32744400
0.28947400	0.00158900	76.69172900	59.51127800	0.00098000	0.00111300	0.00129800	16.72932300	23.00751900	8.12782000	32.63157900	25.87719300	0.47368400	0.23934800	0.09644100	0.06185500	0.16616500	0.39172900	0.51754400	0.22631600	0.32355900	0.35000000
0.12631600	0.00069500	76.29072700	59.01002500	0.00094800	0.00386500	0.00086000	23.04511300	15.90225600	6.09774400	19.43609000	37.98245600	0.41578900	0.44787000	0.02025100	0.04305800	0.47594000	0.52255600	0.29649100	0.23082700	0.13308300	0.06804500
0.27193000	0.00074700	64.96240600	74.54887200	0.00073800	0.00348100	0.00068100	21.31578900	10.37594000	5.21804500	11.65413500	29.03508800	0.75263200	0.33458600	0.08616500	0.04481200	0.67744400	0.29248100	0.40877200	0.32255600	0.49498700	0.26428600
0.42456100	0.00025600	49.42355900	70.98997500	0.00049500	0.00979700	0.00089800	13.15789500	12.40601500	8.06015000	49.66165400	31.84210500	0.40701800	0.40676700	0.03177900	0.09443600	0.35263200	0.55263200	0.25789500	0.16015000	0.41478700	0.40075200
0.16842100	0.00128100	56.04010000	57.55639100	0.00068600	0.00873700	0.00077200	13.64661700	21.12782000	9.36842100	6.12782000	29.56140400	0.70701800	0.39674200	0.02902300	0.08391000	0.65037600	0.51353400	0.13333300	0.17518800	0.14310800	0.32067700
0.67543900	0.00155100	58.44611500	60.01253100	0.00075400	0.00727100	0.00136800	11.24060200	14.39849600	1.54135300	38.94736800	26.31578900	0.78947400	0.44887200	0.08691700	0.06837100	0.70000000	0.51052600	0.15964900	0.46842100	0.29849600	0.29360900
0.70877200	0.00020700	72.88220600	73.09523800	0.00051300	0.00422600	0.00113000	15.78947400	14.84962400	5.39849600	14.36090200	27.63157900	0.27368400	0.40877200	0.02275700	0.11298200	0.31804500	0.43383500	0.76491200	0.23233100	0.29147900	0.17744400
0.12456100	0.00101800	66.06516300	55.25062700	0.00021300	0.00280500	0.00127400	16.27819500	20.30075200	5.33082700	39.73684200	37.54386000	0.50526300	0.31954900	0.02125300	0.08766900	0.62481200	0.52556400	0.61578900	0.61278200	0.28045100	0.32180500
0.54386000	0.00091900	45.71428600	74.84962400	0.00018300	0.00400000	0.00097500	10.37594000	17.63157900	2.71428600	19.77443600	22.01754400	0.41403500	0.24837100	0.11874700	0.11749400	0.38872200	0.31954900	0.19298200	0.40977400	0.21528800	0.41992500
0.70000000	0.00131900	63.85964900	74.24812000	0.00031900	0.00136100	0.00102100	14.96240600	22.89473700	6.03007500	9.84962400	6.14035100	0.26315800	0.16416000	0.06035100	0.04731800	0.18571400	0.37669200	0.71929800	0.64586500	0.13408500	0.44135300
0.31228100	0.00050900	63.05764400	62.21804500	0.00050200	0.00670700	0.00069800	17.63157900	14.66165400	6.86466200	12.10526300	6.22807000	0.30701800	0.37568900	0.06085200	0.09694200	0.67443600	0.67894700	0.44736800	0.13759400	0.26240600	0.48646600
0.64210500	0.00089500	52.83208000	66.22807000	0.00014100	0.00255600	0.00038600	18.49624100	12.44360900	2.57894700	30.15037600	38.50877200	0.76140400	0.36967400	0.04531300	0.03052600	0.32255600	0.25639100	0.35789500	0.59924800	0.21127800	0.32631600
0.60000000	0.00080400	58.14536300	62.71929800	0.00084900	0.00109000	0.00029100	16.76691700	17.03007500	1.36090200	44.81203000	35.08771900	0.42456100	0.25939800	0.02250600	0.10847100	0.37067700	0.41127800	0.72982500	0.14661700	0.42882200	0.39624100
0.77193000	0.00094000	57.04260700	57.90726800	0.00018100	0.00492500	0.00027400	17.78195500	22.48120300	8.57894700	27.55639100	25.61403500	0.56140400	0.34160400	0.11097700	0.10746900	0.59924800	0.35563900	0.46842100	0.16165400	0.46090200	0.17406000
0.37543900	0.00022100	62.65664200	68.73433600	0.00051100	0.00361700	0.00137900	21.91729300	19.62406000	3.81954900	45.26315800	18.33333300	0.18947400	0.47594000	0.09543900	0.09393500	0.13759400	0.46842100	0.20000000	0.53759400	0.40877200	0.37481200
0.72631600	0.00034400	54.93734300	73.14536300	0.00031000	0.00233100	0.00085300	15.48872200	14.24812000	8.44360900	40.97744400	31.31578900	0.25087700	0.40375900	0.02751900	0.08867200	0.32706800	0.64285700	0.30350900	0.55563900	0.11303300	0.49210500
0.76140400	0.00077900	59.74937300	64.72431100	0.00019900	0.00591700	0.00026700	14.47368400	24.32330800	4.83458600	18.53383500	19.38596500	0.66491200	0.45087700	0.06335800	0.05934800	0.66691700	0.54812000	0.52280700	0.10000000	0.14411000	0.30150400
0.68245600	0.00155800	49.12280700	73.34586500	0.00078300	0.00654900	0.00123200	20.45112800	10.97744400	9.05263200	7.81954900	21.31578900	0.60877200	0.24436100	0.07614000	0.08140400	0.26090200	0.34060200	0.77894700	0.11804500	0.30751900	0.39172900
0.71754400	0.00066700	47.11779400	61.86716800	0.00057800	0.00271400	0.00123500	10.00000000	22.74436100	6.30075200	12.66917300	21.57894700	0.34386000	0.20526300	0.04406000	0.07789500	0.43533800	0.49699200	0.47368400	0.36165400	0.36967400	0.16278200
0.56315800	0.00083900	46.41604000	58.80952400	0.00094100	0.00235300	0.00032300	14.28571400	11.95488700	2.51127800	19.32330800	8.24561400	0.21929800	0.18320800	0.02877200	0.10270700	0.57518800	0.43985000	0.15614000	0.63533800	0.15614000	0.20338300
0.31754400	0.00142500	64.76190500	68.48370900	0.00017200	0.00102300	0.00133300	20.11278200	12.81954900	4.09022600	18.30827100	24.91228100	0.16315800	0.19323300	0.08416000	0.06812000	0.67293200	0.35112800	0.40175400	0.18120300	0.39373400	0.20563900
0.72280700	0.00123200	48.52130300	65.72681700	0.00025300	0.00409000	0.00107000	16.09022600	24.09774400	7.76691700	9.62406000	11.92982500	0.60175400	0.43283200	0.04230600	0.07513800	0.21729300	0.36917300	0.70526300	0.11954900	0.42280700	0.49097700
0.66666700	0.00104200	55.03759400	72.89473700	0.00076300	0.00826300	0.00026000	11.57894700	20.93985000	3.43609000	20.56391000	32.10526300	0.13333300	0.20927300	0.02927300	0.02325800	0.50902300	0.11804500	0.21228100	0.36015000	0.22932300	0.42556400
0.17543900	0.00099300	52.63157900	66.57894700	0.00062800	0.00118000	0.00150500	15.67669200	23.42105300	9.09774400	32.06766900	13.77193000	0.42280700	0.13909800	0.10446100	0.10797000	0.31654100	0.66090200	0.67894700	0.44285700	0.41979900	0.35112800
0.46140400	0.00107400	64.06015000	55.90225600	0.00081300	0.00309800	0.00020000	22.59398500	10.11278200	5.57894700	44.47368400	24.47368400	0.14912300	0.46892200	0.11624100	0.04130300	0.68496200	0.22782000	0.62807000	0.62330800	0.20025100	0.35338300
0.20877200	0.00036800	77.49373400	70.38847100	0.00038600	0.00812800	0.00075100	15.11278200	11.87969900	4.99248100	30.71428600	33.59649100	0.38421100	0.36065200	0.11849600	0.06511300	0.60526300	0.69699200	0.27719300	0.14360900	0.37769400	0.33421100
0.63684200	0.00071200	53.43358400	65.37594000	0.00035300	0.00986500	0.00157500	22.29323300	11.09022600	5.51127800	24.06015000	25.35087700	0.68070200	0.33759400	0.11749400	0.08416000	0.63985000	0.40676700	0.34561400	0.42631600	0.11102800	0.43571400
0.70526300	0.00082800	53.73433600	62.46867200	0.00027100	0.00833100	0.00076500	17.85714300	14.88721800	5.35338300	26.54135300	39.91228100	0.63859600	0.30451100	0.07964900	0.09744400	0.13157900	0.54060200	0.53157900	0.16466200	0.11904800	0.44360900
0.15964900	0.00139600	78.19548900	70.93985000	0.00056900	0.00907500	0.00046300	14.24812000	15.63909800	7.22556400	22.36842100	35.96491200	0.75438600	0.36165400	0.07488700	0.06060200	0.23834600	0.45188000	0.16140400	0.61428600	0.28947400	0.43120300
0.61754400	0.00113000	70.77694200	65.92731800	0.00079500	0.00954900	0.00033700	20.93985000	18.98496200	9.61654100	30.48872200	32.63157900	0.23859600	0.19423600	0.10496200	0.05834600	0.63684200	0.29548900	0.62631600	0.24736800	0.48797000	0.14699200
0.61052600	0.00139300	78.89724300	58.90977400	0.00039300	0.00848900	0.00069500	12.63157900	22.40601500	2.46616500	16.16541400	39.73684200	0.44035100	0.48095200	0.04355900	0.03002500	0.54812000	0.34511300	0.52807000	0.60676700	0.26040100	0.22481200
0.10000000	0.00085300	62.55639100	73.54636600	0.00072700	0.00307500	0.00111200	19.39849600	17.59398500	8.84962400	19.66165400	13.07017500	0.11403500	0.23433600	0.08391000	0.02551400	0.57669200	0.27894700	0.65263200	0.28195500	0.13809500	0.30939800
0.21052600	0.00156800	43.70927300	56.45363400	0.00019200	0.00709000	0.00084900	15.07518800	10.07518800	1.65413500	19.09774400	7.80701800	0.49122800	0.37969900	0.07112800	0.03278200	0.40526300	0.24135300	0.63333300	0.35263200	0.33258100	0.43007500
0.78245600	0.00085600	45.31328300	59.16040100	0.00018600	0.00415800	0.00081400	14.09774400	18.64661700	1.60902300	19.88721800	15.08771900	0.10877200	0.38270700	0.03203000	0.11223100	0.69097700	0.61428600	0.32280700	0.23533800	0.23333300	0.42330800
0.45438600	0.00057200	69.77443600	73.79699200	0.00077900	0.00844400	0.00071200	13.42105300	17.44360900	7.74436100	49.32330800	28.24561400	0.53508800	0.32155400	0.09293200	0.08967400	0.12406000	0.38872200	0.64561400	0.58872200	0.46992500	0.08157900
0.26842100	0.00032600	56.94235600	63.27067700	0.00092600	0.00124800	0.00148800	20.22556400	15.48872200	4.29323300	26.20300800	28.68421100	0.51754400	0.31152900	0.10195500	0.11122800	0.34360900	0.38721800	0.67017500	0.58421100	0.38972400	0.05789500
0.48421100	0.00159600	49.62406000	56.60401000	0.00077400	0.00436100	0.00134700	23.87218000	13.23308300	4.11278200	9.28571400	38.68421100	0.10175400	0.19924800	0.09142900	0.11774400	0.14661700	0.41879700	0.55614000	0.31203000	0.18320800	0.39736800
0.10701800	0.00134400	62.15538800	61.51629100	0.00089400	0.00460900	0.00126700	15.60150400	24.47368400	7.78947400	16.72932300	25.78947400	0.40000000	0.45288200	0.10947400	0.04756900	0.64736800	0.15714300	0.20526300	0.39172900	0.44586500	0.34548900
0.15263200	0.00070200	74.58646600	67.28070200	0.00026500	0.00106800	0.00129500	11.91729300	14.81203000	1.02255600	23.72180500	35.52631600	0.55087700	0.19523800	0.10596500	0.07137800	0.36917300	0.39022600	0.33333300	0.56315800	0.26441100	0.08270700
0.21403500	0.00047700	66.96741900	63.37092700	0.00052600	0.00718000	0.00053000	10.75188000	23.23308300	2.42105300	24.28571400	28.07017500	0.28070200	0.14812000	0.10070200	0.06260700	0.67894700	0.11954900	0.22982500	0.28496200	0.12706800	0.26541400
0.63508800	0.00090500	44.31077700	68.13283200	0.00097300	0.00679700	0.00121400	12.29323300	20.45112800	8.10526300	46.50375900	15.26315800	0.57894700	0.32355900	0.06611500	0.10220600	0.39624100	0.44586500	0.10175400	0.25939800	0.31453600	0.22594000
0.54561400	0.00078200	76.59147900	57.15538800	0.00017700	0.00395500	0.00158900	16.65413500	18.00751900	6.34586500	37.81954900	19.82456100	0.39649100	0.14110300	0.11924800	0.08691700	0.38270700	0.60375900	0.49649100	0.27894700	0.21829600	0.37030100
0.22807000	0.00108100	50.52631600	63.62155400	0.00029800	0.00623300	0.00035400	11.95488700	11.57894700	5.53383500	32.85714300	10.87719300	0.29122800	0.46591500	0.03979900	0.08165400	0.54210500	0.53609000	0.14210500	0.51654100	0.42782000	0.09285700
0.77719300	0.00030500	74.68671700	57.80701800	0.00050800	0.00932300	0.00064900	24.24812000	18.34586500	7.40601500	40.30075200	10.35087700	0.54035100	0.42080200	0.10671700	0.05007500	0.19473700	0.20375900	0.36491200	0.34812000	0.25137800	0.30375900
0.18421100	0.00053300	66.36591500	60.26315800	0.00049200	0.00966200	0.00052300	15.97744400	14.06015000	2.33082700	41.76691700	31.49122800	0.10000000	0.27042600	0.04756900	0.02977400	0.33007500	0.53308300	0.34912300	0.36466200	0.27443600	0.40864700
0.41754400	0.00074400	75.58897200	70.18797000	0.00087100	0.00961700	0.00066000	17.96992500	15.03759400	6.14285700	47.74436100	26.75438600	0.58245600	0.32055100	0.09619000	0.02701800	0.22180500	0.19473700	0.77017500	0.54812000	0.17719300	0.45827100
0.41052600	0.00070900	68.57142900	55.55137800	0.00013200	0.00339100	0.00148100	14.77443600	11.05263200	6.97744400	23.38345900	29.82456100	0.54210500	0.16115300	0.06486200	0.04631600	0.26992500	0.26541400	0.66140400	0.43383500	0.37167900	0.18759400
0.20000000	0.00149500	52.33082700	56.50375900	0.00060300	0.00120300	0.00158600	15.03759400	13.79699200	9.81954900	46.05263200	30.87719300	0.27017500	0.22832100	0.04205500	0.09518800	0.59774400	0.26090200	0.76315800	0.38571400	0.47995000	0.09962400
0.30175400	0.00027400	49.92481200	68.33333300	0.00030300	0.00287200	0.00073300	15.45112800	18.94736800	1.40601500	28.34586500	32.28070200	0.24561400	0.29448600	0.06937300	0.03729300	0.66992500	0.62030100	0.61403500	0.63834600	0.39072700	0.27105300
0.28421100	0.00058900	61.95488700	69.33584000	0.00092300	0.00650400	0.00126000	22.51879700	16.72932300	6.43609000	45.93985000	6.57894700	0.31929800	0.13709300	0.06962400	0.03679200	0.20225600	0.26842100	0.51929800	0.16315800	0.46290700	0.17857100
0.12982500	0.00067700	57.34335800	55.80200500	0.00016300	0.00995500	0.00130200	17.93233100	17.55639100	6.45864700	21.01503800	27.28070200	0.45263200	0.24636600	0.12000000	0.08340900	0.64436100	0.67744400	0.21052600	0.54060200	0.25037600	0.24398500
0.39122800	0.00099600	58.94736800	70.78947400	0.00013600	0.00370700	0.00049100	19.51127800	13.64661700	8.37594000	48.30827100	11.84210500	0.19649100	0.19122800	0.04330800	0.06711800	0.62030100	0.36315800	0.35438600	0.56466200	0.23233100	0.24285700
0.55087700	0.00055800	69.97493700	58.10776900	0.00075900	0.00122600	0.00049500	24.32330800	13.12030100	8.21804500	32.18045100	10.00000000	0.60701800	0.12706800	0.02000000	0.09995000	0.44887200	0.36766900	0.79473700	0.50300800	0.25739300	0.21240600
0.37719300	0.00023500	60.15037600	69.38596500	0.00088700	0.00163200	0.00031200	23.79699200	12.89473700	7.96992500	11.87969900	15.70175400	0.46140400	0.41879700	0.10345900	0.05408500	0.33759400	0.34210500	0.73157900	0.46691700	0.13508800	0.10977400
0.63157900	0.00132300	67.06766900	64.47368400	0.00083800	0.00208300	0.00066300	22.03007500	22.10526300	9.45864700	15.26315800	24.21052600	0.74561400	0.34461200	0.07538800	0.08315800	0.46090200	0.64736800	0.38596500	0.45037600	0.28446100	0.32518800
0.63333300	0.00147000	60.75188000	71.24060200	0.00096600	0.00740600	0.00062800	14.88721800	10.56391000	2.01503800	26.99248100	34.82456100	0.27894700	0.44185500	0.03353400	0.05959900	0.16165400	0.50300800	0.32456100	0.25037600	0.44887200	0.41090200
0.14210500	0.00022500	51.72932300	56.00250600	0.00072300	0.00445100	0.00136100	19.28571400	17.89473700	4.20300800	27.78195500	8.42105300	0.29824600	0.49498700	0.11448600	0.04681700	0.28195500	0.33007500	0.43508800	0.50150400	0.20827100	0.25751900
0.15438600	0.00068400	48.12030100	60.91478700	0.00042900	0.00413500	0.00122500	18.57142900	18.75939800	7.83458600	38.83458600	35.61403500	0.25614000	0.24235600	0.08942400	0.07889700	0.43684200	0.31804500	0.64035100	0.19924800	0.10000000	0.40639100
0.68070200	0.00129100	44.01002500	65.52631600	0.00052200	0.00851100	0.00155800	22.74436100	19.69924800	4.63157900	46.27819500	12.80701800	0.24912300	0.19624100	0.07388500	0.08040100	0.58872200	0.39473700	0.45789500	0.60526300	0.13007500	0.44812000
0.11228100	0.00129800	48.82205500	63.42105300	0.00083500	0.00149600	0.00032600	22.14285700	21.84210500	2.78195500	17.74436100	30.17543900	0.38245600	0.23132800	0.10822100	0.07012500	0.51353400	0.12406000	0.71228100	0.36315800	0.30551400	0.19210500
0.42631600	0.00036500	61.65413500	72.59398500	0.00015400	0.00648100	0.00139300	24.06015000	16.76691700	8.30827100	27.66917300	39.38596500	0.56666700	0.42681700	0.02050100	0.08641600	0.50751900	0.28045100	0.40701800	0.62180500	0.44386000	0.32293200
0.29473700	0.00111600	77.29323300	72.29323300	0.00022600	0.00316500	0.00056800	15.22556400	21.39097700	9.90977400	6.57894700	27.80701800	0.51228100	0.27543900	0.05208000	0.05358400	0.20375900	0.41578900	0.17368400	0.59624100	0.34060200	0.07932300
0.34210500	0.00075400	78.59649100	70.83959900	0.00066600	0.00375200	0.00113700	20.75188000	10.00000000	4.60902300	47.29323300	28.85964900	0.14386000	0.14511300	0.10220600	0.09343400	0.14812000	0.64135300	0.68947400	0.10150400	0.21027600	0.08609000
0.13508800	0.00125600	53.23308300	64.62406000	0.00016500	0.00499200	0.00101800	18.64661700	23.87218000	1.22556400	11.76691700	32.80701800	0.58596500	0.23533800	0.10847100	0.04055100	0.27894700	0.58721800	0.73508800	0.53909800	0.12406000	0.41654100
0.36842100	0.00088100	42.50626600	64.07268200	0.00067100	0.00314300	0.00154000	15.93985000	20.71428600	5.26315800	46.39097700	24.03508800	0.69824600	0.43383500	0.07213000	0.10446100	0.25188000	0.53458600	0.38070200	0.68345900	0.15413500	0.12443600
0.17017500	0.00130200	75.88972400	68.78446100	0.00074300	0.00160900	0.00082800	22.10526300	18.68421100	2.80451100	15.71428600	17.45614000	0.32280700	0.32255600	0.07714300	0.04656600	0.40375900	0.53007500	0.28070200	0.36616500	0.34761900	0.47293200
0.56842100	0.00146700	49.02255600	62.86967400	0.00087800	0.00546600	0.00083500	24.73684200	18.53383500	9.34586500	42.55639100	16.40350900	0.79824600	0.42882200	0.02776900	0.07288200	0.10902300	0.55714300	0.34035100	0.55263200	0.45288200	0.38157900
0.43508800	0.00028100	80.00000000	73.64661700	0.00069300	0.00357100	0.00047000	10.86466200	16.69172900	4.94736800	26.42857100	25.70175400	0.76842100	0.39373400	0.02701800	0.05985000	0.26240600	0.41278200	0.36666700	0.19172900	0.22130300	0.35451100
0.28070200	0.00026000	57.94486200	56.65413500	0.00038400	0.00788000	0.00082100	19.69924800	17.85714300	3.66165400	11.99248100	32.45614000	0.22982500	0.10701800	0.09243100	0.08992500	0.23985000	0.66992500	0.61228100	0.26992500	0.18421100	0.12556400
0.23508800	0.00122800	61.45363400	68.38345900	0.00065700	0.00521800	0.00063900	16.42857100	21.20300800	9.39097700	41.20300800	29.29824600	0.71578900	0.42180500	0.05759400	0.04581500	0.58571400	0.12105300	0.37543900	0.38421100	0.19924800	0.46729300
0.55263200	0.00096800	71.77944900	62.56892200	0.00081500	0.00237600	0.00157900	15.33834600	14.62406000	2.64661700	29.47368400	20.08771900	0.13859600	0.27944900	0.11323300	0.07714300	0.50300800	0.19323300	0.60526300	0.43684200	0.46892200	0.40526300
0.39824600	0.00033000	46.01503800	60.46365900	0.00082400	0.00188000	0.00124900	12.25563900	16.31578900	3.23308300	37.48120300	27.36842100	0.77543900	0.31353400	0.05934800	0.02426100	0.33308300	0.29398500	0.33859600	0.10601500	0.10401000	0.18985000
0.79122800	0.00127700	58.24561400	61.11528800	0.00083100	0.00201500	0.00053700	15.63909800	16.54135300	4.38345900	39.39849600	6.31578900	0.76315800	0.41378400	0.04832100	0.11949900	0.36165400	0.50601500	0.45263200	0.12105300	0.24937300	0.38270700
0.69649100	0.00159300	73.68421100	68.58396000	0.00091000	0.00857900	0.00095400	17.06766900	11.65413500	9.14285700	40.63909800	37.45614000	0.71929800	0.49097700	0.09218000	0.06461200	0.64586500	0.14060200	0.51403500	0.17669200	0.33558900	0.28458600
0.46842100	0.00144600	60.85213000	62.51879700	0.00035500	0.00345900	0.00090500	15.15037600	11.76691700	7.24812000	43.90977400	29.73684200	0.78596500	0.41979900	0.06235600	0.07188000	0.62180500	0.24736800	0.77719300	0.64736800	0.12606500	0.13797000
0.79824600	0.00050200	54.23558900	64.27318300	0.00058000	0.00618800	0.00074000	22.21804500	10.93985000	3.50375900	26.76691700	19.12280700	0.67017500	0.26240600	0.10771900	0.10897200	0.35563900	0.49398500	0.78771900	0.37518800	0.20426100	0.11992500
0.46315800	0.00142100	56.54135300	72.74436100	0.00058300	0.00668400	0.00067700	20.52631600	16.87969900	8.35338300	21.91729300	26.14035100	0.24736800	0.44386000	0.07589000	0.03253100	0.14060200	0.11203000	0.12456100	0.33759400	0.16015000	0.48195500
0.52105300	0.00064200	42.80701800	70.63909800	0.00087400	0.00488000	0.00044900	11.46616500	15.67669200	2.37594000	13.90977400	26.49122800	0.55438600	0.21929800	0.04807000	0.10671700	0.33609000	0.65789500	0.73859600	0.27142900	0.15914800	0.15714300
0.44210500	0.00035100	79.49874700	56.55388500	0.00071400	0.00451900	0.00082500	20.63909800	16.42857100	3.61654100	34.77443600	10.17543900	0.41754400	0.39874700	0.09017500	0.11072700	0.34962400	0.65639100	0.78070200	0.33458600	0.49097700	0.29699200
0.77368400	0.00064900	45.11278200	67.48120300	0.00086900	0.00411300	0.00026300	16.16541400	18.04511300	3.07518800	39.84962400	33.33333300	0.15087700	0.39273200	0.10797000	0.05584000	0.60977400	0.58571400	0.20877200	0.20075200	0.20927300	0.22706800
0.57368400	0.00023200	70.47619000	60.71428600	0.00056500	0.00634600	0.00142800	13.12030100	23.72180500	4.04511300	21.57894700	35.78947400	0.32105300	0.37268200	0.09769400	0.02601500	0.60375900	0.60225600	0.67368400	0.39473700	0.36365900	0.46842100
0.78421100	0.00144200	55.53884700	60.86466200	0.00096800	0.00821800	0.00021400	18.79699200	17.29323300	8.93985000	48.42105300	39.29824600	0.69649100	0.28847100	0.06210500	0.09894700	0.61578900	0.24586500	0.62982500	0.59774400	0.32055100	0.20225600
0.45263200	0.00136100	70.27568900	57.05513800	0.00061200	0.00864700	0.00064600	23.23308300	23.53383500	4.31578900	25.97744400	38.94736800	0.32807000	0.20726800	0.02952400	0.11022600	0.30000000	0.43082700	0.72280700	0.69398500	0.43082700	0.34436100
0.79473700	0.00034700	69.87468700	72.14285700	0.00033200	0.00251100	0.00058900	24.39849600	17.06766900	3.93233100	40.41353400	8.59649100	0.58771900	0.25739300	0.03228100	0.04706800	0.48195500	0.44285700	0.33508800	0.48797000	0.48496200	0.12330800
0.38947400	0.00043500	72.28070200	60.81453600	0.00097100	0.00404500	0.00109100	12.03007500	22.93233100	6.79699200	37.25563900	37.63157900	0.59824600	0.46090200	0.05508800	0.10872200	0.65188000	0.10902300	0.16666700	0.66240600	0.25438600	0.33759400
0.44386000	0.00062800	70.17543900	70.03759400	0.00095500	0.00312000	0.00131200	16.01503800	12.55639100	3.41353400	18.08270700	7.36842100	0.32456100	0.33057600	0.05784500	0.06335800	0.28045100	0.39924800	0.53684200	0.59323300	0.17218000	0.23157900
0.16315800	0.00156100	77.19298200	70.13784500	0.00080800	0.00797000	0.00118900	22.89473700	23.34586500	5.62406000	5.11278200	15.78947400	0.77894700	0.22431100	0.05458600	0.07538800	0.19172900	0.34962400	0.59473700	0.44135300	0.30852100	0.19661700
0.44736800	0.00124200	48.42105300	61.61654100	0.00017400	0.00625600	0.00072600	10.90225600	22.33082700	2.53383500	16.50375900	9.03508800	0.61929800	0.35263200	0.11573900	0.09067700	0.12105300	0.16466200	0.53859600	0.13308300	0.33057600	0.15037600
0.65964900	0.00044200	41.70426100	55.70175400	0.00027400	0.00341400	0.00130500	11.69172900	16.24060200	6.84210500	40.86466200	16.84210500	0.50175400	0.45889700	0.09518800	0.10245600	0.11052600	0.34360900	0.11754400	0.45488700	0.21428600	0.41203000
0.41929800	0.00113300	76.39097700	57.10526300	0.00036400	0.00639100	0.00044600	18.38345900	24.84962400	7.99248100	23.49624100	19.91228100	0.15614000	0.29248100	0.09819500	0.05483700	0.36766900	0.47594000	0.51052600	0.17368400	0.12305800	0.19436100
0.66842100	0.00105600	63.15789500	64.92481200	0.00096200	0.00587200	0.00091200	14.21052600	18.12030100	2.44360900	18.75939800	19.03508800	0.78070200	0.35563900	0.09794500	0.09142900	0.12255600	0.20827100	0.14561400	0.32406000	0.43684200	0.31954900
0.35087700	0.00109500	41.20300800	67.78195500	0.00022200	0.00810500	0.00114700	16.61654100	13.04511300	7.27067700	32.29323300	27.45614000	0.29298200	0.28345900	0.02350900	0.02726800	0.59022600	0.23684200	0.50175400	0.69849600	0.40275700	0.39398500
0.52982500	0.00086700	69.07268200	67.03007500	0.00084000	0.00941400	0.00132600	21.65413500	15.52631600	7.45112800	28.90977400	35.35087700	0.73859600	0.38671700	0.03754400	0.06636600	0.17067700	0.23533800	0.48070200	0.33609000	0.33959900	0.16165400
0.68596500	0.00146000	42.30576400	60.21303300	0.00041600	0.00950400	0.00084600	20.26315800	24.28571400	4.67669200	31.61654100	38.33333300	0.52105300	0.31052600	0.11799500	0.03979900	0.49248100	0.13157900	0.27017500	0.39022600	0.29949900	0.23609000
0.25614000	0.00029100	41.90476200	70.23809500	0.00084400	0.00325600	0.00085600	16.54135300	17.70676700	7.47368400	44.58646600	21.22807000	0.62982500	0.46491200	0.05834600	0.06411000	0.25037600	0.37368400	0.47719300	0.47594000	0.44686700	0.49548900
0.17193000	0.00156500	58.64661700	67.88220600	0.00036800	0.00609800	0.00084200	23.53383500	19.66165400	1.42857100	15.03759400	15.61403500	0.51929800	0.49599000	0.10120300	0.10621600	0.17368400	0.63533800	0.75087700	0.28646600	0.20726800	0.34097700
0.38771900	0.00134000	66.56641600	55.05012500	0.00056700	0.00285000	0.00061800	10.15037600	23.60902300	4.33834600	12.21804500	36.22807000	0.44210500	0.10200500	0.04706800	0.03353400	0.22030100	0.42180500	0.28596500	0.21879700	0.27844600	0.32969900
0.47894700	0.00147400	41.00250600	69.58646600	0.00083300	0.00185700	0.00061100	18.30827100	11.80451100	7.90225600	43.12030100	29.38596500	0.74912300	0.40776900	0.11072700	0.11849600	0.28947400	0.45037600	0.58245600	0.11052600	0.10601500	0.09060200
0.74210500	0.00118200	72.68170400	65.07518800	0.00079000	0.00449600	0.00022100	23.42105300	13.45864700	5.55639100	36.46616500	15.43859600	0.67368400	0.42481200	0.03879700	0.09318300	0.16766900	0.25789500	0.15438600	0.65037600	0.22431100	0.25526300
0.52280700	0.00130900	46.11528800	66.82957400	0.00020800	0.00506000	0.00070900	15.00000000	11.20300800	9.54887200	10.86466200	17.36842100	0.74736800	0.42581500	0.11172900	0.04782000	0.13458600	0.69398500	0.76140400	0.41729300	0.34360900	0.15939800
0.68771900	0.00068800	42.40601500	58.95990000	0.00044100	0.00774400	0.00035800	24.66165400	18.87218000	4.72180500	6.69172900	13.42105300	0.61052600	0.33859600	0.09995000	0.09218000	0.37669200	0.48345900	0.27894700	0.52556400	0.44787000	0.22932300
0.30877200	0.00067000	47.21804500	58.45864700	0.00063200	0.00970700	0.00051600	12.33082700	16.16541400	4.76691700	5.45112800	18.85964900	0.38070200	0.29147900	0.03729300	0.04005000	0.46992500	0.46541400	0.12807000	0.49097700	0.19523800	0.18308300
0.59473700	0.00135800	57.74436100	67.58145400	0.00032800	0.00875900	0.00147000	14.66165400	20.26315800	2.75939800	19.54887200	17.71929800	0.55789500	0.13408500	0.09193000	0.06210500	0.34812000	0.49248100	0.65087700	0.18721800	0.10300800	0.07255600
0.40701800	0.00057900	40.80200500	70.33834600	0.00046800	0.00578200	0.00112300	16.46616500	20.11278200	9.18797000	18.64661700	10.96491200	0.25964900	0.16516300	0.11899700	0.05909800	0.14360900	0.51804500	0.17719300	0.52255600	0.38571400	0.37142900
0.76666700	0.00117200	40.00000000	59.96240600	0.00074700	0.00975200	0.00143200	14.84962400	23.79699200	1.45112800	47.85714300	5.61403500	0.75614000	0.29548900	0.02802000	0.05684200	0.13609000	0.19022600	0.67193000	0.57218000	0.18220600	0.14812000
0.77894700	0.00044900	47.31829600	69.98746900	0.00042000	0.00115800	0.00111600	15.75188000	11.27819500	2.98496200	16.39097700	12.45614000	0.31228100	0.30350900	0.11398500	0.05157900	0.16466200	0.68345900	0.65614000	0.23684200	0.24035100	0.28233100
0.33684200	0.00064600	50.12531300	57.50626600	0.00090800	0.00921100	0.00031900	19.06015000	23.30827100	1.49624100	23.83458600	35.26315800	0.56842100	0.12807000	0.08867200	0.10345900	0.42932300	0.36165400	0.27193000	0.27594000	0.36766900	0.43458600
0.50000000	0.00048100	65.86466200	56.80451100	0.00013400	0.00991000	0.00093700	11.39097700	24.54887200	2.21804500	23.27067700	16.75438600	0.65964900	0.21629100	0.09594000	0.08365900	0.45939800	0.37067700	0.59824600	0.45188000	0.41779400	0.07481200
0.60175400	0.00110500	59.94987500	73.39599000	0.00076100	0.00925600	0.00022800	20.33834600	15.93985000	9.27819500	22.81954900	20.43859600	0.71403500	0.12105300	0.08190500	0.05659100	0.11203000	0.50751900	0.15087700	0.57969900	0.13107800	0.16503800
0.52456100	0.00068100	74.78696700	59.41102800	0.00061400	0.00537600	0.00155400	10.33834600	14.43609000	9.68421100	25.41353400	37.36842100	0.46666700	0.18721800	0.04456100	0.09543900	0.34661700	0.64436100	0.46315800	0.66391000	0.35964900	0.37594000
0.18596500	0.00126300	57.14285700	65.97744400	0.00095300	0.00815000	0.00072300	13.45864700	13.94736800	9.95488700	16.05263200	37.80701800	0.23157900	0.21027600	0.05333300	0.03629100	0.40827100	0.53759400	0.27368400	0.20827100	0.47794500	0.38045100
0.47719300	0.00035400	42.70676700	61.91729300	0.00079700	0.00469900	0.00042800	19.73684200	23.94736800	1.51879700	17.40601500	11.14035100	0.30000000	0.21428600	0.02375900	0.02952400	0.35714300	0.33157900	0.51578900	0.26842100	0.21629100	0.34323300
0.47017500	0.00108400	78.49624100	61.16541400	0.00095700	0.00988700	0.00103900	10.11278200	13.08270700	9.77443600	49.43609000	22.80701800	0.69122800	0.14411000	0.06285700	0.06787000	0.25939800	0.10300800	0.26140400	0.54962400	0.35062700	0.22142900
0.54736800	0.00059300	44.61152900	64.82456100	0.00041800	0.00131600	0.00122800	21.95488700	21.80451100	1.27067700	31.50375900	36.31578900	0.23508800	0.38170400	0.02325800	0.09243100	0.57067700	0.23985000	0.31052600	0.23383500	0.32255600	0.11315800
0.29298200	0.00126000	50.82706800	69.43609000	0.00091900	0.00794700	0.00153700	24.96240600	22.55639100	7.92481200	48.64661700	9.82456100	0.65087700	0.48596500	0.07990000	0.10972400	0.58721800	0.40375900	0.41929800	0.65188000	0.22030100	0.34774400
0.58070200	0.00050500	78.69674200	65.22556400	0.00042700	0.00418000	0.00117200	21.27819500	18.15789500	6.75188000	9.96240600	22.98245600	0.72456100	0.18521300	0.03679200	0.10170400	0.27293200	0.32857100	0.64210500	0.52406000	0.17919800	0.49661700
0.71403500	0.00144900	40.50125300	68.83458600	0.00043400	0.00266900	0.00098900	16.87969900	12.96992500	3.72932300	25.07518800	34.91228100	0.17368400	0.13208000	0.05157900	0.08591500	0.29398500	0.57819500	0.68070200	0.47894700	0.28847100	0.09849600
0.22280700	0.00083500	58.74686700	68.43358400	0.00086200	0.00711300	0.00089500	11.05263200	12.66917300	4.65413500	10.41353400	10.61403500	0.15789500	0.11904800	0.05959900	0.09769400	0.29248100	0.36616500	0.23684200	0.11353400	0.30250600	0.46278200
0.48245600	0.00094700	64.56140400	59.36090200	0.00020200	0.00494700	0.00160000	13.75939800	22.59398500	6.39097700	17.18045100	36.40350900	0.53859600	0.39172900	0.02551400	0.02451100	0.50000000	0.32706800	0.43859600	0.16616500	0.34862200	0.24849600
0.11403500	0.00082500	45.51378400	55.35087700	0.00060500	0.00197000	0.00027700	18.90977400	10.71428600	9.25563900	20.78947400	14.56140400	0.24035100	0.29949900	0.04606500	0.07037600	0.55413500	0.31503800	0.61754400	0.47293200	0.33458600	0.45939800
0.47543900	0.00101400	75.38847100	72.24310800	0.00045400	0.00332300	0.00064200	16.39097700	12.51879700	3.34586500	29.58646600	6.75438600	0.26666700	0.11203000	0.09744400	0.02375900	0.23233100	0.58270700	0.25614000	0.42030100	0.35563900	0.17518800
0.74561400	0.00033300	53.63408500	67.73183000	0.00059600	0.00645900	0.00093000	15.37594000	18.57142900	8.89473700	36.01503800	6.92982500	0.12456100	0.44085200	0.10646600	0.06912300	0.51503800	0.36466200	0.54386000	0.44436100	0.14110300	0.17180500
0.78596500	0.00127400	66.26566400	66.47869700	0.00029400	0.00555600	0.00020400	21.99248100	10.03759400	9.00751900	21.24060200	34.64912300	0.37543900	0.25639100	0.08766900	0.04932300	0.10451100	0.26691700	0.59298200	0.42330800	0.33859600	0.13120300
0.19824600	0.00114700	55.83959900	65.82706800	0.00027800	0.00113500	0.00127700	13.27067700	10.90225600	8.42105300	7.70676700	31.92982500	0.65789500	0.43584000	0.05132800	0.11172900	0.22782000	0.70000000	0.44561400	0.69248100	0.37368400	0.35902300
0.25964900	0.00109800	55.43859600	62.81954900	0.00080600	0.00896200	0.00113300	23.72180500	22.81954900	6.72932300	10.75188000	10.52631600	0.22807000	0.30651600	0.03052600	0.08942400	0.59323300	0.48045100	0.79122800	0.45639100	0.25939800	0.05112800
0.13333300	0.00133300	76.19047600	62.11779400	0.00090100	0.00289500	0.00033000	15.82706800	21.99248100	4.42857100	31.84210500	24.29824600	0.19298200	0.43082700	0.11022600	0.06962400	0.64887200	0.61879700	0.47894700	0.26391000	0.36867200	0.05451100
0.26315800	0.00088800	79.29824600	55.65162900	0.00079200	0.00776700	0.00134400	11.16541400	23.98496200	9.48120300	7.93233100	21.66666700	0.59473700	0.15112800	0.02651600	0.08566400	0.39323300	0.17368400	0.25087700	0.49849600	0.31854600	0.37819500
0.29122800	0.00049500	55.63909800	70.88972400	0.00065000	0.00363900	0.00029500	11.31578900	20.67669200	5.89473700	48.87218000	25.52631600	0.77017500	0.47193000	0.08140400	0.04105300	0.51954900	0.67594000	0.39298200	0.31353400	0.27243100	0.11541400
0.65263200	0.00133700	61.35338300	65.87719300	0.00019000	0.00172200	0.00097900	17.81954900	20.78947400	1.11278200	49.77443600	15.52631600	0.25438600	0.21328300	0.03328300	0.10922300	0.48496200	0.50000000	0.30526300	0.25188000	0.12506300	0.13458600
0.17894700	0.00111200	47.01754400	64.77443600	0.00084200	0.00300800	0.00114000	14.73684200	17.21804500	2.93985000	48.08270700	13.59649100	0.31052600	0.17518800	0.02175400	0.02501300	0.54360900	0.19172900	0.66315800	0.42180500	0.18922300	0.10526300
0.20175400	0.00100400	54.43609000	65.17543900	0.00091700	0.00133800	0.00078600	21.16541400	15.33834600	9.63909800	21.46616500	36.14035100	0.47017500	0.16817000	0.07363400	0.03478700	0.29849600	0.62330800	0.53508800	0.21278200	0.20125300	0.17067700
0.31578900	0.00055400	43.40852100	67.93233100	0.00093900	0.00515000	0.00117900	15.30075200	11.72932300	9.30075200	18.87218000	18.50877200	0.39122800	0.33157900	0.11147900	0.07363400	0.19924800	0.54360900	0.75614000	0.35864700	0.17418500	0.40188000
0.24386000	0.00042800	79.69924800	64.22305800	0.00053300	0.00158600	0.00102500	14.17293200	21.05263200	7.38345900	14.69924800	17.89473700	0.34736800	0.43183000	0.08842100	0.03528800	0.26691700	0.16015000	0.38771900	0.14060200	0.30050100	0.44022600
0.29824600	0.00087700	72.58145400	69.48621600	0.00078100	0.00738300	0.00136500	18.72180500	16.95488700	5.93985000	38.72180500	34.29824600	0.33684200	0.45388500	0.04957400	0.05183000	0.32406000	0.69849600	0.66842100	0.34661700	0.32155400	0.46954900
0.21929800	0.00027000	73.98496200	66.02756900	0.00089600	0.00402300	0.00046000	23.27067700	20.18797000	6.93233100	13.68421100	10.78947400	0.45614000	0.18822100	0.07864700	0.05609000	0.65939800	0.61278200	0.42631600	0.45338300	0.29749400	0.14022600
0.62982500	0.00074000	52.23057600	73.89724300	0.00053800	0.00273700	0.00143500	24.47368400	18.83458600	4.02255600	28.68421100	7.45614000	0.78771900	0.28245600	0.09719300	0.05308300	0.55112800	0.21127800	0.54912300	0.24586500	0.35664200	0.11090200
0.25087700	0.00079600	66.86716800	68.23308300	0.00011400	0.00785700	0.00094400	23.90977400	20.82706800	4.81203000	42.44360900	34.03508800	0.38596500	0.14611500	0.06636600	0.04506300	0.44285700	0.37819500	0.64736800	0.52706800	0.47894700	0.09736800
0.36491200	0.00067400	51.22807000	55.45112800	0.00010000	0.00262400	0.00049800	13.60902300	13.27067700	8.03759400	10.07518800	20.26315800	0.20701800	0.29849600	0.11724300	0.02200500	0.30451100	0.56165400	0.71578900	0.60075200	0.39273200	0.44248100
0.39649100	0.00029800	52.03007500	69.23558900	0.00033700	0.00968400	0.00124200	22.25563900	23.27067700	1.31578900	48.53383500	33.77193000	0.15438600	0.33258100	0.07037600	0.09418500	0.54661700	0.59022600	0.34210500	0.31654100	0.43784500	0.36240600
0.58947400	0.00136500	72.08020100	57.75689200	0.00052900	0.00368400	0.00127000	20.07518800	16.20300800	3.90977400	24.17293200	30.96491200	0.19824600	0.48295700	0.05584000	0.11699200	0.65789500	0.40526300	0.10877200	0.18421100	0.16616500	0.24511300
0.57543900	0.00061800	60.05012500	58.05764400	0.00024000	0.00659400	0.00139600	22.93233100	21.65413500	8.75939800	27.44360900	35.43859600	0.18421100	0.20325800	0.04932300	0.03829600	0.17669200	0.43533800	0.16491200	0.69548900	0.34461200	0.07368400
0.39298200	0.00120000	51.42857100	57.65664200	0.00065900	0.00621100	0.00029800	22.33082700	12.18045100	4.58646600	36.24060200	23.68421100	0.40350900	0.41177900	0.11649100	0.09944900	0.41127800	0.39323300	0.28421100	0.26691700	0.24636600	0.13684200
0.35789500	0.00151600	50.32581500	58.15789500	0.00026000	0.00715800	0.00067000	18.27067700	14.69924800	8.55639100	9.73684200	12.19298200	0.50701800	0.32857100	0.05558900	0.04431100	0.62330800	0.25338300	0.62105300	0.17819500	0.50000000	0.10188000
0.68421100	0.00086000	66.66666700	55.00000000	0.00050400	0.00948100	0.00110500	20.78947400	13.30827100	7.09022600	28.12030100	9.91228100	0.72280700	0.37167900	0.09117800	0.05208000	0.45639100	0.67142900	0.14912300	0.64285700	0.30952400	0.29924800
0.55789500	0.00124900	44.11027600	72.54386000	0.00012000	0.00663900	0.00042500	17.44360900	24.96240600	1.24812000	30.03759400	6.49122800	0.49298200	0.33558900	0.07939800	0.05082700	0.22631600	0.23082700	0.15263200	0.22782000	0.28746900	0.42105300
0.74912300	0.00138900	67.16792000	65.67669200	0.00066800	0.00526300	0.00146000	13.87218000	10.60150400	3.68421100	7.25563900	39.12280700	0.75964900	0.16215500	0.04381000	0.09167900	0.69548900	0.26992500	0.43157900	0.59473700	0.37568900	0.13007500
0.22982500	0.00093000	79.89974900	66.97995000	0.00027600	0.00343600	0.00141400	11.27819500	21.91729300	1.47368400	42.33082700	11.57894700	0.21578900	0.22030100	0.08817000	0.07313300	0.45188000	0.42631600	0.74736800	0.22180500	0.24436100	0.07030100
0.77017500	0.00061400	52.93233100	61.26566400	0.00095900	0.00354900	0.00128100	17.66917300	21.42857100	6.88721800	45.82706800	17.80701800	0.68771900	0.15012500	0.10972400	0.04406000	0.38721800	0.43684200	0.72807000	0.49548900	0.49599000	0.13571400
0.49122800	0.00077500	41.50375900	73.49624100	0.00029600	0.00916500	0.00058200	14.92481200	15.56391000	1.18045100	32.96992500	37.89473700	0.46842100	0.35864700	0.07739300	0.11649100	0.49699200	0.59473700	0.15789500	0.43985000	0.40576400	0.06015000
0.10526300	0.00075100	74.18546400	66.52882200	0.00068400	0.00977400	0.00108800	13.72180500	23.04511300	6.32330800	44.02255600	22.71929800	0.10526300	0.17418500	0.10270700	0.06035100	0.18120300	0.29097700	0.50526300	0.19022600	0.23734300	0.30263200
0.40526300	0.00157900	74.48621600	61.36591500	0.00040200	0.00828600	0.00149500	12.93233100	22.03007500	8.24060200	35.67669200	9.64912300	0.18771900	0.25438600	0.06812000	0.05533800	0.63533800	0.65488700	0.49122800	0.47142900	0.27142900	0.17969900
0.43684200	0.00042100	75.08771900	58.70927300	0.00047200	0.00652600	0.00050900	20.82706800	19.28571400	8.96240600	16.61654100	30.35087700	0.52807000	0.31253100	0.10521300	0.06761900	0.44135300	0.62932300	0.64386000	0.69699200	0.45889700	0.30488700
0.26140400	0.00115100	62.85714300	70.68922300	0.00063000	0.00589500	0.00080400	11.61654100	22.18045100	1.92481200	6.91729300	30.61403500	0.12631600	0.49398500	0.10872200	0.03604000	0.39924800	0.57368400	0.57017500	0.21729300	0.37067700	0.34210500
0.25438600	0.00021100	73.18295700	74.34837100	0.00099300	0.00393200	0.00053300	16.35338300	20.75188000	2.48872200	34.32330800	14.82456100	0.16666700	0.22330800	0.02601500	0.02476200	0.53007500	0.68797000	0.74210500	0.30751900	0.20225600	0.41315800
0.35263200	0.00031900	59.54887200	67.33082700	0.00073200	0.00695500	0.00055400	24.54887200	13.75939800	8.91729300	42.66917300	26.40350900	0.13508800	0.43884700	0.02300800	0.03102800	0.13007500	0.44736800	0.49473700	0.25789500	0.40375900	0.21578900
0.23859600	0.00069100	42.10526300	58.60902300	0.00028500	0.00379700	0.00129100	11.42857100	23.64661700	8.66917300	34.88721800	18.42105300	0.49824600	0.40075200	0.06060200	0.04857100	0.47443600	0.17819500	0.45087700	0.49699200	0.26641600	0.09398500
0.13684200	0.00158200	40.70175400	59.71177900	0.00065300	0.00560200	0.00138900	14.13533800	11.42857100	6.95488700	44.36090200	16.05263200	0.27719300	0.27744400	0.08967400	0.06486200	0.56766900	0.16917300	0.68421100	0.10300800	0.40075200	0.40977400
0.58421100	0.00059600	42.20551400	59.81203000	0.00054700	0.00138300	0.00099600	21.80451100	17.81954900	6.81954900	35.78947400	8.94736800	0.17017500	0.40275700	0.05007500	0.11724300	0.24285700	0.40225600	0.58070200	0.43233100	0.27543900	0.24736800
0.66140400	0.00109100	62.25563900	65.32581500	0.00081700	0.00758600	0.00132300	19.13533800	14.58646600	6.54887200	10.63909800	37.01754400	0.44912300	0.10300800	0.04481200	0.02927300	0.33157900	0.61729300	0.30877200	0.57669200	0.43584000	0.19774400
0.70350900	0.00147700	61.05263200	69.93734300	0.00069800	0.00388700	0.00062100	10.26315800	14.17293200	7.85714300	16.27819500	9.29824600	0.22280700	0.28145400	0.06260700	0.07939800	0.58421100	0.52406000	0.36140400	0.65639100	0.39674200	0.26766900
0.50526300	0.00128800	69.47368400	68.93483700	0.00052400	0.00257900	0.00090200	10.07518800	15.41353400	8.33082700	28.00751900	28.42105300	0.68947400	0.13107800	0.06987500	0.06987500	0.43985000	0.48947400	0.18947400	0.17218000	0.14611500	0.26203000
0.18771900	0.00055100	62.75689200	57.30576400	0.00093500	0.00993200	0.00116100	17.29323300	19.17293200	6.68421100	8.38345900	18.15789500	0.50877200	0.50000000	0.09092700	0.09619000	0.50150400	0.24285700	0.40350900	0.13007500	0.28245600	0.29135300
0.39473700	0.00100000	70.07518800	71.44110300	0.00085100	0.00866900	0.00148400	12.44360900	24.92481200	6.41353400	13.34586500	27.10526300	0.54561400	0.21127800	0.05107800	0.03127800	0.29097700	0.20676700	0.56315800	0.67293200	0.11604000	0.28345900
0.80000000	0.00087400	58.34586500	63.47117800	0.00070900	0.00801500	0.00114400	17.40601500	13.49624100	2.91729300	27.33082700	36.49122800	0.50350900	0.26140400	0.06511300	0.09594000	0.69849600	0.58421100	0.60175400	0.35563900	0.39473700	0.41766900
0.48947400	0.00140700	56.74185500	70.08771900	0.00011100	0.00686500	0.00087400	10.48872200	21.95488700	3.39097700	43.79699200	16.92982500	0.52280700	0.10401000	0.06561400	0.03077700	0.11654100	0.16165400	0.79824600	0.37819500	0.18120300	0.48533800
0.60701800	0.00087000	77.39348400	73.84711800	0.00049700	0.00145100	0.00062500	15.26315800	23.19548900	7.04511300	46.95488700	34.12280700	0.53684200	0.42782000	0.07313300	0.05709300	0.67142900	0.13759400	0.30175400	0.55864700	0.35463700	0.13909800
0.35964900	0.00119300	62.45614000	71.09022600	0.00012900	0.00860200	0.00147700	12.89473700	11.24060200	6.18797000	19.21052600	12.28070200	0.24210500	0.35664200	0.06411000	0.07213000	0.39774400	0.52706800	0.14386000	0.24285700	0.12807000	0.18533800
0.14736800	0.00089100	72.38095200	70.28822100	0.00074100	0.00594000	0.00037900	21.12782000	13.60902300	5.66917300	37.36842100	31.05263200	0.22456100	0.28646600	0.11824600	0.02350900	0.48947400	0.48195500	0.20175400	0.63082700	0.15714300	0.08383500
0.40877200	0.00098200	74.08521300	55.10025100	0.00033000	0.00291700	0.00143900	20.48872200	15.22556400	6.90977400	11.31578900	8.33333300	0.35438600	0.39774400	0.03453600	0.07990000	0.34060200	0.26240600	0.44035100	0.22330800	0.17117800	0.09624100
0.46491200	0.00045600	73.78446100	66.17794500	0.00055100	0.00458600	0.00022500	17.36842100	16.39097700	2.30827100	38.60902300	18.24561400	0.28421100	0.26842100	0.07689200	0.04355900	0.56015000	0.30300800	0.69122800	0.12706800	0.38070200	0.25300800
0.19122800	0.00034000	46.51629100	74.49874700	0.00017000	0.00183500	0.00159300	12.70676700	14.77443600	5.96240600	14.13533800	9.38596500	0.39298200	0.15513800	0.05684200	0.08917300	0.26842100	0.31052600	0.70701800	0.26541400	0.19223100	0.18646600
0.32807000	0.00054700	73.38345900	72.44360900	0.00030100	0.00215000	0.00138200	21.50375900	23.08270700	4.92481200	15.37594000	12.89473700	0.56491200	0.27343400	0.05082700	0.07689200	0.47894700	0.40977400	0.58947400	0.65789500	0.32456100	0.05676700
0.69473700	0.00054000	68.97243100	73.29573900	0.00097500	0.00226300	0.00037500	21.61654100	10.48872200	5.10526300	41.87969900	23.94736800	0.63684200	0.17919800	0.03904800	0.12000000	0.27443600	0.33909800	0.29824600	0.25488700	0.38872200	0.21466200
0.28596500	0.00141100	43.30827100	58.25814500	0.00059800	0.00596200	0.00040000	17.48120300	23.15789500	6.50375900	8.72180500	8.77193000	0.62456100	0.42982500	0.06761900	0.10822100	0.56466200	0.67293200	0.47193000	0.24436100	0.28546400	0.10864700
0.34736800	0.00137200	46.91729300	67.83208000	0.00098400	0.00869200	0.00044200	23.34586500	13.42105300	4.36090200	38.27067700	11.66666700	0.45438600	0.23233100	0.06837100	0.11373400	0.22330800	0.63684200	0.26491200	0.51052600	0.10200500	0.35563900
0.41403500	0.00153000	75.48872200	74.94987500	0.00094600	0.00327800	0.00027000	12.55639100	15.45112800	7.31578900	41.42857100	36.75438600	0.58421100	0.26942400	0.05734300	0.07563900	0.41428600	0.27443600	0.70175400	0.41428600	0.24235600	0.12218000
0.55614000	0.00046700	54.83709300	62.01754400	0.00024700	0.00724800	0.00119300	23.38345900	21.31578900	7.87969900	27.10526300	39.21052600	0.44736800	0.12606500	0.08441100	0.11198000	0.42782000	0.13458600	0.61052600	0.54210500	0.32957400	0.39060200
0.57719300	0.00146300	77.79448600	56.30325800	0.00028900	0.00957100	0.00081800	24.51127800	19.81203000	1.06766900	8.83458600	8.50877200	0.64210500	0.14010000	0.10471200	0.03303300	0.54962400	0.42932300	0.36315800	0.62782000	0.37268200	0.26090200
0.31403500	0.00063900	43.90977400	58.50877200	0.00062300	0.00697700	0.00106700	10.03759400	24.39849600	8.87218000	39.51127800	34.73684200	0.45087700	0.11303300	0.09894700	0.02576400	0.27594000	0.30150400	0.22280700	0.38721800	0.15513800	0.28007500
0.37368400	0.00046300	69.17293200	70.58897200	0.00034100	0.00781200	0.00119600	17.51879700	14.51127800	1.87969900	49.09774400	10.08771900	0.14035100	0.42381000	0.03102800	0.07814500	0.37518800	0.14812000	0.78421100	0.33308300	0.21929800	0.34887200
0.20350900	0.00108800	49.22305800	61.81704300	0.00047000	0.00702300	0.00115100	18.68421100	10.30075200	8.53383500	41.65413500	30.78947400	0.47894700	0.40977400	0.11599000	0.02776900	0.66541400	0.56466200	0.52105300	0.18872200	0.21228100	0.16954900
0.57017500	0.00051900	67.36842100	73.94736800	0.00035700	0.00799200	0.00060000	20.15037600	22.29323300	1.04511300	20.67669200	25.17543900	0.35789500	0.41578900	0.10696700	0.05132800	0.44586500	0.47443600	0.24035100	0.56015000	0.29649100	0.49323300
0.53859600	0.00102800	75.68922300	71.34085200	0.00020400	0.00442900	0.00046700	14.39849600	10.15037600	3.84210500	32.74436100	21.14035100	0.65438600	0.47493700	0.10922300	0.09969900	0.13308300	0.59172900	0.48421100	0.40225600	0.33659100	0.24172900
0.24736800	0.00115800	52.43107800	66.32832100	0.00029200	0.01000000	0.00042100	24.58646600	17.66917300	6.52631600	7.36842100	24.12280700	0.34210500	0.12005000	0.03804500	0.04180500	0.42481200	0.53909800	0.69298200	0.48345900	0.27744400	0.48308300
0.12280700	0.00079300	54.13533800	71.74185500	0.00082200	0.00688700	0.00043900	21.84210500	20.15037600	3.16541400	43.23308300	22.36842100	0.29649100	0.48997500	0.09393500	0.08240600	0.11353400	0.15263200	0.24561400	0.51804500	0.16315800	0.19887200
0.48070200	0.00060700	77.09273200	61.46616500	0.00088500	0.00914300	0.00146300	11.54135300	13.68421100	1.38345900	41.54135300	13.24561400	0.37368400	0.36867200	0.08040100	0.02150400	0.54060200	0.60526300	0.54736800	0.13609000	0.35162900	0.15488700
0.54035100	0.00021800	60.45112800	55.50125300	0.00088300	0.00677400	0.00097200	23.94736800	22.70676700	9.97744400	11.20300800	9.12280700	0.36140400	0.34862200	0.04431100	0.07388500	0.14962400	0.32556400	0.63859600	0.49398500	0.35263200	0.38834600
0.76491200	0.00044600	52.73183000	71.64160400	0.00088900	0.00972900	0.00075400	11.01503800	19.51127800	4.22556400	37.03007500	38.42105300	0.43684200	0.45589000	0.08666700	0.04807000	0.46691700	0.22932300	0.39824600	0.63985000	0.25639100	0.29022600
0.40350900	0.00060000	57.64411000	57.85714300	0.00062100	0.00169900	0.00096500	24.43609000	12.10526300	5.78195500	23.15789500	37.28070200	0.39473700	0.44987500	0.05634100	0.02651600	0.33458600	0.11052600	0.42280700	0.70000000	0.27644100	0.11766900
0.44912300	0.00040700	46.61654100	71.04010000	0.00091200	0.00321100	0.00037200	24.92481200	15.97744400	7.54135300	11.54135300	17.19298200	0.62631600	0.17318300	0.05909800	0.07463700	0.23082700	0.48797000	0.44912300	0.41578900	0.28345900	0.48872200
0.50175400	0.00076500	61.15288200	73.74686700	0.00094400	0.00298500	0.00158200	19.84962400	22.63157900	8.26315800	35.45112800	14.64912300	0.43333300	0.34561400	0.08641600	0.05383500	0.56315800	0.56616500	0.31228100	0.57819500	0.43483700	0.39285700
0.49824600	0.00046000	43.50877200	69.53634100	0.00037300	0.00330100	0.00154700	20.41353400	17.18045100	3.48120300	14.02255600	11.05263200	0.59298200	0.33358400	0.08566400	0.06887200	0.19774400	0.13007500	0.65789500	0.59022600	0.19824600	0.48421100
0.65614000	0.00043200	69.27318300	68.88471200	0.00066200	0.00210500	0.00135400	18.12030100	16.84210500	6.12030100	29.92481200	37.71929800	0.70526300	0.24135300	0.10045100	0.02000000	0.40075200	0.27744400	0.52456100	0.50751900	0.24135300	0.23383500
0.61929800	0.00118900	63.95990000	74.64912300	0.00071800	0.00675200	0.00096800	17.18045100	10.86466200	3.14285700	20.90225600	27.98245600	0.15964900	0.16917300	0.10746900	0.02075200	0.52556400	0.51654100	0.72631600	0.31804500	0.20325800	0.20112800
0.35438600	0.00032300	59.64912300	60.31328300	0.00082000	0.00778900	0.00130900	20.18797000	11.35338300	5.42105300	13.57142900	13.94736800	0.77368400	0.46792000	0.03253100	0.04255600	0.43082700	0.27594000	0.18771900	0.60827100	0.30350900	0.07142900
0.32280700	0.00142800	46.81704300	56.35338300	0.00025800	0.00454100	0.00095800	12.59398500	19.84962400	1.99248100	39.28571400	28.50877200	0.53333300	0.14912300	0.08315800	0.10646600	0.53909800	0.57669200	0.12631600	0.46992500	0.18822100	0.27669200
0.67193000	0.00031600	47.51879700	65.27568900	0.00037700	0.00571400	0.00074400	16.80451100	15.37594000	2.66917300	17.51879700	5.96491200	0.47543900	0.35463700	0.09568900	0.06611500	0.66090200	0.10451100	0.60350900	0.69097700	0.31152900	0.08496200
0.52631600	0.00098600	68.87218000	59.56140400	0.00089800	0.00769900	0.00024600	13.34586500	11.54135300	3.54887200	22.59398500	8.15789500	0.42982500	0.23032600	0.08792000	0.03779400	0.10751900	0.14210500	0.68245600	0.28045100	0.30651600	0.08721800
0.66491200	0.00080700	55.93985000	56.90476200	0.00024900	0.00239800	0.00150900	16.91729300	23.45864700	4.15789500	41.09022600	24.73684200	0.67719300	0.18020100	0.03604000	0.07112800	0.28496200	0.31203000	0.14035100	0.17969900	0.48195500	0.10075200
0.67368400	0.00125300	50.02506300	74.74937300	0.00020600	0.00485700	0.00156500	20.86466200	16.91729300	4.49624100	16.95488700	15.87719300	0.11052600	0.41679200	0.06461200	0.10696700	0.52255600	0.60977400	0.73333300	0.65488700	0.36566400	0.12669200
0.15087700	0.00051600	66.16541400	63.57142900	0.00097700	0.00474400	0.00128400	21.46616500	14.92481200	1.67669200	37.14285700	5.78947400	0.63508800	0.24335800	0.06887200	0.10195500	0.53609000	0.21879700	0.26842100	0.39774400	0.16215500	0.06466200
0.15789500	0.00076100	50.22556400	61.01503800	0.00028700	0.00190200	0.00035100	16.69172900	18.79699200	1.96992500	34.21052600	19.21052600	0.57543900	0.17719300	0.03428600	0.06862200	0.18270700	0.55864700	0.52982500	0.24887200	0.11704300	0.49436100
0.51929800	0.00076800	68.37092700	55.60150400	0.00055300	0.00129300	0.00038200	16.95488700	10.45112800	3.30075200	28.45864700	6.40350900	0.45964900	0.30150400	0.08491200	0.03929800	0.40225600	0.38421100	0.11403500	0.45939800	0.10701800	0.31278200
0.42105300	0.00102500	51.62907300	72.39348400	0.00071600	0.00903000	0.00030200	16.20300800	24.24812000	3.52631600	43.00751900	26.22807000	0.60000000	0.13508800	0.06310800	0.05258100	0.28797000	0.35413500	0.24386000	0.32105300	0.35363400	0.16391000
0.30350900	0.00024200	71.97995000	66.27819500	0.00032600	0.00463200	0.00120400	14.43609000	11.84210500	2.24060200	47.63157900	20.52631600	0.57368400	0.20225600	0.03629100	0.07664200	0.53759400	0.62631600	0.20350900	0.22481200	0.14711800	0.44473700
0.68947400	0.00093300	67.96992500	74.79949900	0.00036200	0.00303000	0.00060400	17.55639100	22.96992500	9.59398500	20.45112800	36.57894700	0.57017500	0.20125300	0.02225600	0.05458600	0.37969900	0.56917300	0.39473700	0.57368400	0.48897200	0.43797000
0.51403500	0.00092300	78.09523800	71.94235600	0.00090500	0.00612000	0.00131900	18.45864700	24.21052600	1.58646600	6.01503800	9.73684200	0.57193000	0.12205500	0.04782000	0.05433600	0.23533800	0.17669200	0.19473700	0.56766900	0.41278200	0.46391000
0.22105300	0.00039300	75.28822100	55.15037600	0.00046500	0.00465400	0.00108100	19.43609000	11.69172900	3.79699200	25.86466200	12.71929800	0.12280700	0.35964900	0.05308300	0.03328300	0.60225600	0.20075200	0.70350900	0.57518800	0.42481200	0.38383500
0.36315800	0.00110200	48.92230600	72.69423600	0.00022900	0.00722600	0.00145300	18.94736800	20.48872200	4.78947400	13.45864700	26.92982500	0.79649100	0.32656600	0.07513800	0.06736800	0.33909800	0.68195500	0.50000000	0.53007500	0.47694200	0.26879700
0.12807000	0.00041800	61.25313300	64.42355900	0.00015000	0.00747400	0.00106300	24.81203000	22.44360900	2.08270700	22.93233100	17.10526300	0.61578900	0.20025100	0.07639100	0.11398500	0.40977400	0.35864700	0.45614000	0.30451100	0.42581500	0.36691700
0.29649100	0.00062500	72.78195500	55.40100300	0.00034800	0.00147400	0.00058600	19.88721800	24.77443600	2.60150400	43.57142900	26.84210500	0.30877200	0.12305800	0.06661700	0.03553900	0.20676700	0.51203000	0.31929800	0.55112800	0.23934800	0.29473700
0.71929800	0.00113700	56.64160400	73.69674200	0.00037100	0.00605300	0.00140000	16.24060200	14.54887200	3.63909800	17.63157900	6.66666700	0.51578900	0.40175400	0.02526300	0.06135300	0.12556400	0.54962400	0.56842100	0.18270700	0.48396000	0.05225600
0.64386000	0.00141800	64.86215500	62.76942400	0.00045900	0.00372900	0.00066700	21.54135300	24.36090200	1.00000000	33.98496200	21.92982500	0.44386000	0.31854600	0.08917300	0.07864700	0.17218000	0.46691700	0.55438600	0.39624100	0.45689200	0.21353400
0.31052600	0.00129500	58.54636600	64.37343400	0.00024400	0.00835300	0.00056500	12.85714300	12.48120300	2.26315800	42.21804500	13.68421100	0.63333300	0.15213000	0.08466200	0.02401000	0.67594000	0.66842100	0.75263200	0.42481200	0.31654100	0.21917300
0.37017500	0.00112300	40.10025100	63.67167900	0.00082900	0.00819500	0.00039300	23.15789500	19.13533800	4.74436100	33.30827100	32.19298200	0.37894700	0.13609000	0.07764400	0.04556400	0.35413500	0.11353400	0.65438600	0.51353400	0.10100300	0.46616500
0.58771900	0.00106700	62.35589000	69.83709300	0.00079900	0.00296200	0.00150200	21.35338300	10.67669200	7.20300800	10.52631600	8.85964900	0.56315800	0.48797000	0.09944900	0.08842100	0.57218000	0.17969900	0.12105300	0.33157900	0.23433600	0.11203000
0.75614000	0.00066000	44.71177900	62.41854600	0.00057600	0.00472200	0.00137500	24.09774400	10.82706800	3.12030100	29.02255600	27.19298200	0.67193000	0.10601500	0.02150400	0.08466200	0.21278200	0.49849600	0.60877200	0.47443600	0.38370900	0.31842100
0.53684200	0.00148400	53.13283200	63.52130300	0.00023300	0.00889500	0.00131600	19.24812000	18.45864700	9.88721800	13.23308300	21.84210500	0.24386000	0.30050100	0.03077700	0.10771900	0.25789500	0.24887200	0.72105300	0.60375900	0.36666700	0.40300800
0.47193000	0.00107000	73.08270700	73.44611500	0.00048300	0.00429300	0.00133700	10.71428600	17.96992500	7.67669200	23.60902300	11.49122800	0.31578900	0.26641600	0.04556400	0.09117800	0.11954900	0.23233100	0.38947400	0.48045100	0.49899700	0.25977400
0.61403500	0.00152600	67.86967400	58.35839600	0.00043800	0.00603000	0.00036800	24.02255600	13.98496200	3.57142900	9.51127800	38.59649100	0.28596500	0.48195500	0.09443600	0.10120300	0.53157900	0.27142900	0.41228100	0.64135300	0.41578900	0.26992500
0.45614000	0.00084600	76.79198000	62.66917300	0.00030500	0.00366200	0.00045600	21.24060200	20.03759400	2.73684200	13.79699200	33.42105300	0.61754400	0.45990000	0.03503800	0.05558900	0.40676700	0.31353400	0.10000000	0.67744400	0.46491200	0.43909800
0.74035100	0.00153300	70.37594000	60.51378400	0.00047400	0.00334600	0.00021100	22.81954900	17.10526300	4.40601500	6.80451100	7.89473700	0.33333300	0.46290700	0.04005000	0.04606500	0.31353400	0.51503800	0.48947400	0.50451100	0.22531300	0.32406000
0.42807000	0.00040400	54.73684200	70.53884700	0.00084700	0.00783500	0.00086300	14.32330800	19.92481200	7.60902300	10.30075200	14.12280700	0.67543900	0.27142900	0.07288200	0.11799500	0.53458600	0.42782000	0.57543900	0.29548900	0.49398500	0.27330800
0.18947400	0.00052300	43.80952400	58.55889700	0.00060800	0.00882700	0.00115400	21.05263200	11.91729300	7.56391000	33.08270700	33.85964900	0.27543900	0.31453600	0.10721800	0.02225600	0.18421100	0.67443600	0.17894700	0.52857100	0.19323300	0.24060200
0.23333300	0.00080000	60.35087700	74.19799500	0.00025100	0.00736100	0.00034400	12.51879700	22.85714300	6.23308300	25.75188000	8.07017500	0.62105300	0.27644100	0.08265700	0.10596500	0.42631600	0.64887200	0.17193000	0.68496200	0.13208000	0.10639100
0.17719300	0.00138200	46.21553900	60.11278200	0.00053100	0.00427100	0.00155100	24.62406000	15.11278200	2.62406000	31.05263200	32.01754400	0.35614000	0.24035100	0.03403500	0.03378400	0.48797000	0.39774400	0.32105300	0.48195500	0.45188000	0.11428600
0.30000000	0.00037900	59.14787000	59.91228100	0.00085800	0.00242100	0.00083900	22.40601500	22.66917300	5.69172900	31.39097700	27.01754400	0.30350900	0.11503800	0.05283200	0.06235600	0.63082700	0.20225600	0.64912300	0.33007500	0.44185500	0.45150400
0.19649100	0.00140400	68.07017500	56.15288200	0.00021700	0.00855600	0.00118200	22.36842100	21.24060200	4.47368400	12.55639100	28.15789500	0.42807000	0.14210500	0.05233100	0.04330800	0.15263200	0.53157900	0.56666700	0.21127800	0.44285700	0.27443600
0.43157900	0.00038900	53.03258100	74.04761900	0.00051500	0.00524100	0.00137200	10.30075200	11.50375900	1.29323300	20.11278200	6.05263200	0.61228100	0.17117800	0.07664200	0.10421100	0.49398500	0.14360900	0.55964900	0.51503800	0.46591500	0.36578900
0.58596500	0.00123500	43.60902300	65.57644100	0.00075600	0.00803800	0.00153300	24.77443600	11.61654100	6.61654100	14.58646600	14.91228100	0.11754400	0.39974900	0.06536300	0.07739300	0.61729300	0.46240600	0.70877200	0.34962400	0.39874700	0.43345900
0.59298200	0.00154700	62.95739300	64.97493700	0.00054900	0.00598500	0.00054000	10.78947400	21.87969900	1.74436100	46.16541400	29.12280700	0.43859600	0.26741900	0.05859600	0.11924800	0.50451100	0.54661700	0.13684200	0.11503800	0.45488700	0.35225600
0.74736800	0.00062100	53.83458600	72.79448600	0.00067700	0.00573700	0.00105300	16.12782000	24.58646600	2.87218000	17.29323300	11.40350900	0.77193000	0.15614000	0.05383500	0.08190500	0.59624100	0.18721800	0.57719300	0.27293200	0.17017500	0.48082700
0.11929800	0.00054400	45.21303300	73.24561400	0.00043600	0.00952600	0.00134000	12.96992500	22.06766900	8.73684200	28.23308300	24.64912300	0.64912300	0.18922300	0.07438600	0.06010000	0.42330800	0.63383500	0.42982500	0.20526300	0.15112800	0.15263200
0.44561400	0.00088400	61.75438600	60.56391000	0.00026700	0.00431600	0.00043200	23.12030100	22.78195500	5.24060200	39.96240600	25.08771900	0.59122800	0.28746900	0.03127800	0.03854600	0.31203000	0.16766900	0.76666700	0.37368400	0.17819500	0.29248100
0.75789500	0.00020000	63.45864700	73.04511300	0.00072000	0.00104500	0.00043500	18.15789500	19.32330800	3.32330800	45.15037600	14.73684200	0.36491200	0.11002500	0.06386000	0.06160400	0.21127800	0.55563900	0.21578900	0.21578900	0.16817000	0.31729300
0.79649100	0.00084900	54.03508800	72.04260700	0.00034400	0.00880500	0.00055800	19.32330800	15.60150400	1.94736800	33.19548900	5.26315800	0.41052600	0.28947400	0.11523800	0.06386000	0.61278200	0.22481200	0.69649100	0.32706800	0.25338300	0.44699200
0.59122800	0.00038600	79.59899700	62.96992500	0.00049000	0.00167700	0.00087700	21.57894700	24.02255600	9.41353400	23.94736800	11.22807000	0.11929800	0.39473700	0.05408500	0.05634100	0.37368400	0.47894700	0.13508800	0.59172900	0.47092700	0.31052600
0.32631600	0.00093700	77.99498700	67.23057600	0.00052000	0.00614300	0.00036500	19.96240600	21.57894700	3.95488700	8.27067700	39.03508800	0.39824600	0.42280700	0.05533800	0.10521300	0.38120300	0.14962400	0.66666700	0.44586500	0.16716800	0.37706800
0.58245600	0.00081100	65.66416000	72.84461200	0.00023500	0.00557900	0.00101100	23.30827100	13.19548900	9.79699200	20.00000000	28.59649100	0.64736800	0.29047600	0.03704300	0.03754400	0.63233100	0.26391000	0.58596500	0.40526300	0.11804500	0.32857100
0.64035100	0.00097500	69.67418500	60.16290700	0.00060100	0.00352600	0.00149100	23.49624100	13.00751900	1.63157900	26.09022600	24.82456100	0.16491200	0.38070200	0.04130300	0.05809500	0.66391000	0.61578900	0.11578900	0.67894700	0.38771900	0.28571400
0.61578900	0.00097900	67.66917300	60.36340900	0.00092100	0.00765400	0.00108400	22.55639100	22.36842100	1.83458600	37.59398500	13.33333300	0.20000000	0.20827100	0.04155400	0.07589000	0.23684200	0.28947400	0.78245600	0.60225600	0.12907300	0.06691700
0.51052600	0.00073300	40.30075200	67.68170400	0.00010900	0.00745100	0.00104200	17.25563900	17.40601500	1.09022600	39.06015000	14.38596500	0.29473700	0.38771900	0.04280700	0.11599000	0.10000000	0.17518800	0.50350900	0.42782000	0.48596500	0.29586500
0.12105300	0.00158600	56.44110300	65.62656600	0.00026900	0.00562400	0.00099300	24.69924800	18.90977400	5.48872200	29.81203000	15.96491200	0.46315800	0.49699200	0.11273200	0.09844600	0.29699200	0.23834600	0.42807000	0.68947400	0.34962400	0.49774400
0.79298200	0.00157500	79.09774400	64.12280700	0.00095000	0.00566900	0.00102800	19.36090200	12.03007500	7.63157900	50.00000000	22.28070200	0.33508800	0.41278200	0.09493700	0.02300800	0.43834600	0.42330800	0.47017500	0.53157900	0.39172900	0.50000000
0.38070200	0.00036100	57.44360900	66.42857100	0.00074500	0.00397700	0.00100400	17.14285700	17.36842100	5.30827100	38.15789500	36.05263200	0.23333300	0.16716800	0.02075200	0.09193000	0.15864700	0.45939800	0.23157900	0.38872200	0.30451100	0.12105300
0.64912300	0.00104900	76.49122800	62.31829600	0.00098900	0.00885000	0.00047400	19.58646600	15.26315800	2.17293200	35.22556400	23.77193000	0.64386000	0.16616500	0.10245600	0.06085200	0.46391000	0.57067700	0.36842100	0.48646600	0.32756900	0.15827100
0.26666700	0.00137500	64.36090200	69.88721800	0.00026200	0.00641400	0.00034700	23.68421100	21.72932300	9.84210500	29.69924800	33.07017500	0.31403500	0.16315800	0.10170400	0.08892200	0.27142900	0.32105300	0.24912300	0.66541400	0.17318300	0.31165400
0.76315800	0.00021400	58.84711800	61.66666700	0.00016100	0.00359400	0.00104600	20.56391000	24.51127800	6.59398500	12.78195500	7.19298200	0.62280700	0.26441100	0.03027600	0.06285700	0.68947400	0.65188000	0.55087700	0.40827100	0.39974900	0.46165400
0.30526300	0.00131200	52.13032600	56.25313300	0.00040900	0.00853400	0.00071900	19.81203000	12.06766900	2.55639100	9.17293200	20.35087700	0.77719300	0.15714300	0.05985000	0.05734300	0.52406000	0.10000000	0.17017500	0.27443600	0.24837100	0.24962400
0.71052600	0.00056100	56.24060200	64.32330800	0.00014500	0.00607500	0.00093300	10.56391000	19.06015000	9.43609000	44.92481200	17.54386000	0.60350900	0.26340900	0.07062700	0.03503800	0.32857100	0.57518800	0.34386000	0.45789500	0.18020100	0.35789500
0.32105300	0.00047000	67.26817000	63.87218000	0.00047700	0.00927800	0.00054700	13.00751900	20.22556400	5.82706800	48.98496200	11.31578900	0.33859600	0.46691700	0.11122800	0.09493700	0.46240600	0.28195500	0.28771900	0.53308300	0.36065200	0.36917300
0.60526300	0.00103200	53.53383500	64.17293200	0.00012700	0.00127100	0.00147400	10.22556400	10.33834600	4.85714300	47.51879700	23.59649100	0.35263200	0.33959900	0.07087700	0.09919800	0.68797000	0.41428600	0.23859600	0.54511300	0.18721800	0.40751900
0.27017500	0.00143500	61.85463700	69.18546400	0.00035900	0.00997700	0.00041400	22.66917300	19.02255600	4.18045100	36.69172900	37.19298200	0.78421100	0.38471200	0.06010000	0.02827100	0.38571400	0.59624100	0.57193000	0.24135300	0.26842100	0.13233100
0.55438600	0.00083200	57.24310800	69.68671700	0.00028000	0.00542100	0.00110900	16.50375900	12.59398500	7.15789500	16.84210500	12.98245600	0.65263200	0.17218000	0.06787000	0.05759400	0.28345900	0.10150400	0.11929800	0.65939800	0.29548900	0.09511300
0.41578900	0.00131600	67.76942400	67.53132800	0.00032100	0.00763200	0.00077900	23.08270700	21.54135300	6.25563900	22.03007500	21.49122800	0.34561400	0.48696700	0.06711800	0.08541400	0.62782000	0.50451100	0.39122800	0.68797000	0.14912300	0.18872200
0.20701800	0.00090200	46.71679200	71.29072700	0.00019500	0.00305300	0.00152300	18.04511300	20.86466200	1.13533800	21.80451100	31.40350900	0.76491200	0.34962400	0.02827100	0.04030100	0.11503800	0.22180500	0.31403500	0.66090200	0.26541400	0.20676700
0.10877200	0.00119600	73.28320800	73.99749400	0.00051700	0.00382000	0.00140400	19.77443600	20.56391000	3.05263200	12.89473700	5.70175400	0.36842100	0.30952400	0.02626600	0.10370900	0.11804500	0.46090200	0.40000000	0.13157900	0.19423600	0.22255600
0.70175400	0.00081800	71.27819500	61.41604000	0.00023800	0.00438300	0.00094000	13.57142900	17.48120300	9.16541400	28.79699200	24.38596500	0.36666700	0.45188000	0.10546400	0.11047600	0.51654100	0.63834600	0.13157900	0.58270700	0.43985000	0.34661700
0.23684200	0.00117500	57.84461200	70.43859600	0.00046100	0.00772200	0.00118600	12.06766900	12.36842100	9.93233100	43.45864700	18.94736800	0.42631600	0.36766900	0.03929800	0.06536300	0.20075200	0.18270700	0.69473700	0.15864700	0.14812000	0.33195500
0.61228100	0.00065600	45.01253100	67.63157900	0.00055600	0.00142900	0.00154400	18.75939800	15.75188000	8.15037600	34.43609000	5.17543900	0.17543900	0.13308300	0.04105300	0.08065200	0.69248100	0.23383500	0.57368400	0.25338300	0.41177900	0.25864700
0.69298200	0.00137900	74.28571400	70.48872200	0.00099800	0.00580500	0.00052600	18.34586500	21.01503800	9.70676700	40.07518800	6.84210500	0.68245600	0.28546400	0.08240600	0.02125300	0.52857100	0.51954900	0.41403500	0.35714300	0.14010000	0.07706800
0.13859600	0.00024900	69.57393500	71.69172900	0.00086700	0.00729300	0.00144900	18.42105300	18.30827100	7.18045100	22.14285700	33.68421100	0.11578900	0.23834600	0.04681700	0.08666700	0.54511300	0.37518800	0.11052600	0.14511300	0.23032600	0.38721800
0.26491200	0.00104600	77.89473700	59.21052600	0.00010200	0.00323300	0.00041800	22.06766900	20.41353400	10.00000000	42.78195500	25.00000000	0.71052600	0.25137800	0.09694200	0.02626600	0.26541400	0.21729300	0.53333300	0.56165400	0.38270700	0.06127800
0.35614000	0.00152300	66.76691700	74.09774400	0.00022400	0.00165400	0.00144600	14.51127800	15.18797000	3.18797000	24.84962400	12.10526300	0.49473700	0.22631600	0.11198000	0.03879700	0.41578900	0.58120300	0.70000000	0.60977400	0.16917300	0.19323300
0.53508800	0.00116800	45.61403500	71.14035100	0.00058900	0.00704500	0.00050500	22.48120300	12.21804500	7.65413500	18.42105300	31.75438600	0.60526300	0.46190500	0.04882200	0.02175400	0.53308300	0.66541400	0.55263200	0.48496200	0.41378400	0.35676700
0.75964900	0.00040000	51.12782000	60.66416000	0.00072900	0.00936800	0.00054400	12.21804500	22.14285700	2.15037600	46.61654100	12.54386000	0.75087700	0.15413500	0.05258100	0.07839600	0.42030100	0.63082700	0.19824600	0.58721800	0.40977400	0.30601500
0.43333300	0.00037500	54.33584000	57.95739300	0.00090300	0.00760900	0.00067400	11.87969900	11.01503800	5.46616500	26.65413500	35.87719300	0.69473700	0.30250600	0.04581500	0.02902300	0.30902300	0.60827100	0.45438600	0.20375900	0.44085200	0.20902300
0.48771900	0.00060400	44.21052600	68.28320800	0.00054000	0.00212800	0.00023500	13.90977400	18.27067700	9.72932300	9.39849600	22.19298200	0.15263200	0.41077700	0.07814500	0.05032600	0.62932300	0.45789500	0.68596500	0.29699200	0.34661700	0.27218000
0.78070200	0.00035800	47.41854600	66.07769400	0.00045200	0.00684200	0.00106000	23.00751900	20.37594000	3.88721800	25.63909800	26.57894700	0.72105300	0.37869700	0.04857100	0.02852100	0.39473700	0.19774400	0.46491200	0.29849600	0.46190500	0.41541400
0.45789500	0.00039600	41.30325800	58.65914800	0.00063900	0.00693200	0.00028400	11.35338300	16.01503800	6.21052600	14.47368400	10.43859600	0.68421100	0.36666700	0.07162900	0.10020100	0.15714300	0.28797000	0.49298200	0.31503800	0.20626600	0.33646600
0.72807000	0.00120400	59.84962400	72.94486200	0.00058500	0.00481200	0.00073700	13.23308300	19.21052600	2.06015000	49.21052600	7.10526300	0.73684200	0.38972400	0.04180500	0.08516300	0.41879700	0.44135300	0.32807000	0.62481200	0.49699200	0.47180500
0.24561400	0.00027700	44.91228100	67.98245600	0.00081100	0.00600800	0.00157200	11.12782000	17.93233100	5.98496200	36.12782000	31.66666700	0.17193000	0.22130300	0.07463700	0.07413500	0.31954900	0.55413500	0.24210500	0.63684200	0.11403500	0.49887200
0.10350900	0.00047400	50.62656600	69.63659100	0.00035000	0.00384200	0.00057500	20.90225600	10.22556400	9.86466200	36.35338300	38.07017500	0.66666700	0.38370900	0.03278200	0.05784500	0.42180500	0.39624100	0.18596500	0.10451100	0.23132800	0.36804500
0.45964900	0.00097200	63.35839600	66.12782000	0.00011600	0.00156400	0.00104900	19.66165400	19.09774400	6.63909800	23.04511300	9.21052600	0.35964900	0.47092700	0.11047600	0.04982500	0.56616500	0.28345900	0.76842100	0.40075200	0.34160400	0.36127800
0.23157900	0.00041400	40.60150400	61.56641600	0.00042300	0.00767700	0.00142500	12.40601500	17.74436100	2.82706800	6.24060200	5.52631600	0.71228100	0.47894700	0.07914800	0.08441100	0.34511300	0.33609000	0.17543900	0.68646600	0.12105300	0.21127800
0.30701800	0.00078900	47.81954900	66.37844600	0.00054400	0.00447400	0.00120000	10.45112800	14.21052600	2.39849600	13.00751900	31.22807000	0.79298200	0.37769400	0.08215500	0.09092700	0.16917300	0.58872200	0.25438600	0.26090200	0.36165400	0.06578900
0.73859600	0.00030900	68.47117800	57.45614000	0.00039500	0.00657100	0.00088100	24.13533800	16.12782000	6.66165400	37.70676700	30.70175400	0.25789500	0.40576400	0.11473700	0.08215500	0.64285700	0.68947400	0.37368400	0.19473700	0.24736800	0.18195500
0.21578900	0.00098900	71.67919800	59.11027600	0.00082600	0.00508300	0.00083200	18.87218000	15.86466200	7.42857100	24.39849600	16.57894700	0.78245600	0.44486200	0.06912300	0.07488700	0.16015000	0.55112800	0.10526300	0.14962400	0.23834600	0.27782000
0.37193000	0.00025300	65.46365900	63.17042600	0.00017900	0.00749600	0.00051200	19.92481200	15.30075200	9.57142900	31.27819500	36.84210500	0.19473700	0.30551400	0.02200500	0.04230600	0.57368400	0.38571400	0.59122800	0.11203000	0.19724300	0.14586500
0.49649100	0.00145600	74.38596500	63.92230600	0.00030800	0.00982000	0.00025300	12.78195500	21.09022600	8.19548900	26.31578900	20.61403500	0.19122800	0.21228100	0.06736800	0.07087700	0.30300800	0.19924800	0.39649100	0.58120300	0.43884700	0.40413500
0.51754400	0.00140000	51.82957400	71.59147900	0.00014300	0.00503800	0.00070500	13.49624100	18.42105300	9.21052600	8.49624100	38.77193000	0.21052600	0.25338300	0.08516300	0.09017500	0.36616500	0.22030100	0.31754400	0.17067700	0.36466200	0.28909800
0.73684200	0.00086300	50.92731800	64.87468700	0.00087600	0.00221800	0.00140700	12.36842100	19.73684200	6.05263200	8.94736800	38.85964900	0.70350900	0.32756900	0.05609000	0.08090200	0.43383500	0.25488700	0.63157900	0.50902300	0.10802000	0.45375900
0.27368400	0.00105300	74.98746900	71.99248100	0.00092800	0.00878200	0.00145600	15.86466200	13.90977400	8.62406000	43.68421100	18.07017500	0.34912300	0.40476200	0.04305800	0.09794500	0.15112800	0.52857100	0.22456100	0.55714300	0.21328300	0.11654100
0.20526300	0.00121400	64.26065200	57.35589000	0.00048800	0.00248900	0.00063200	22.85714300	12.14285700	3.21052600	5.78947400	18.77193000	0.62807000	0.32957400	0.09418500	0.07764400	0.45488700	0.62180500	0.48596500	0.61729300	0.22330800	0.22368400
0.74386000	0.00069800	55.33834600	72.64411000	0.00022000	0.00887200	0.00048400	14.81203000	19.24812000	3.36842100	10.97744400	5.87719300	0.31754400	0.12406000	0.05358400	0.02025100	0.38421100	0.54210500	0.35614000	0.57067700	0.22230600	0.07594000
0.36140400	0.00128400	41.40350900	61.31578900	0.00013800	0.00100000	0.00125600	23.98496200	19.36090200	5.91729300	31.16541400	12.63157900	0.67894700	0.18621600	0.08165400	0.07914800	0.25488700	0.14511300	0.79649100	0.15413500	0.45087700	0.20789500
0.19473700	0.00095100	64.66165400	63.77193000	0.00059400	0.00706800	0.00065300	20.37594000	16.46616500	8.08270700	15.82706800	19.73684200	0.54386000	0.19724300	0.10145400	0.05508800	0.28646600	0.17218000	0.72456100	0.30150400	0.42180500	0.37368400
0.13157900	0.00061100	45.41353400	71.54135300	0.00066400	0.00959400	0.00079300	21.76691700	21.61654100	9.12030100	44.24812000	25.96491200	0.35087700	0.37368400	0.09167900	0.11974900	0.22932300	0.33759400	0.71403500	0.20977400	0.37468700	0.42443600
0.21754400	0.00150900	49.52381000	59.46115300	0.00099500	0.00891700	0.00124600	10.93985000	13.87218000	7.69924800	40.75188000	25.26315800	0.33157900	0.36265700	0.09844600	0.11674200	0.48045100	0.50902300	0.30701800	0.68045100	0.31052600	0.25075200
0.60877200	0.00115400	56.34085200	62.61904800	0.00023100	0.00839800	0.00128800	23.57142900	15.78947400	3.27819500	47.40601500	20.96491200	0.40526300	0.47995000	0.08090200	0.10471200	0.60827100	0.22631600	0.30000000	0.12857100	0.48696700	0.22030100
0.54912300	0.00048800	41.10275700	58.00751900	0.00069500	0.00754100	0.00144200	20.67669200	16.57894700	8.48872200	24.62406000	11.75438600	0.79122800	0.35162900	0.04731800	0.09644100	0.48345900	0.61127800	0.51228100	0.30300800	0.15213000	0.30827100
0.56491200	0.00075800	51.92982500	68.18295700	0.00028300	0.00350400	0.00021800	15.56391000	16.35338300	2.69172900	30.37594000	10.70175400	0.66315800	0.22531300	0.07839600	0.06586500	0.65488700	0.60075200	0.11228100	0.37067700	0.34260700	0.29812000
0.59649100	0.00028800	56.84210500	56.70426100	0.00021500	0.00181200	0.00068400	23.64661700	13.72180500	5.08270700	47.96992500	33.15789500	0.54912300	0.15814500	0.07012500	0.02526300	0.48646600	0.56315800	0.40526300	0.34060200	0.31754400	0.17293200
0.62631600	0.00123900	65.36340900	68.53383500	0.00033500	0.00731600	0.00151900	10.52631600	17.78195500	7.58646600	35.56391000	35.17543900	0.10350900	0.15313300	0.10621600	0.03152900	0.17518800	0.69248100	0.38245600	0.14812000	0.43283200	0.44924800
0.14561400	0.00148800	44.81203000	62.16792000	0.00042500	0.00900800	0.00057900	21.69172900	17.25563900	4.87969900	8.15789500	32.36842100	0.64035100	0.44285700	0.09067700	0.11423600	0.15413500	0.57969900	0.18421100	0.62631600	0.28646600	0.23270700
0.28771900	0.00116100	59.04761900	59.76190500	0.00039800	0.00582700	0.00040700	12.66917300	19.47368400	1.20300800	40.52631600	39.64912300	0.52982500	0.47694200	0.09268200	0.11473700	0.56917300	0.60676700	0.74912300	0.14210500	0.34561400	0.15150400
0.11052600	0.00078600	54.53634100	63.72180500	0.00086000	0.00682000	0.00045300	10.82706800	20.00000000	8.01503800	12.44360900	35.00000000	0.72631600	0.10902300	0.08591500	0.04907300	0.51203000	0.30751900	0.58421100	0.37669200	0.14511300	0.46503800
0.53157900	0.00112600	49.32330800	60.41353400	0.00011800	0.00672900	0.00103200	11.72932300	14.73684200	5.73684200	38.49624100	15.35087700	0.21403500	0.37669200	0.03528800	0.07338300	0.36466200	0.59774400	0.62456100	0.22030100	0.46691700	0.36015000
0.45087700	0.00058200	48.62155400	63.12030100	0.00031700	0.00912000	0.00111900	14.69924800	24.62406000	7.49624100	29.13533800	14.03508800	0.45789500	0.29348400	0.08741900	0.11097700	0.21879700	0.44436100	0.69824600	0.64436100	0.11203000	0.33533800
0.15614000	0.00070500	75.98997500	69.28571400	0.00070500	0.00713500	0.00112600	12.10526300	19.39849600	4.27067700	30.93985000	7.71929800	0.16842100	0.17619000	0.02576400	0.10320800	0.61879700	0.37969900	0.75964900	0.56616500	0.21729300	0.45488700
0.78947400	0.00090900	72.18045100	74.29824600	0.00037500	0.00228600	0.00059300	19.02255600	11.99248100	1.81203000	15.60150400	31.14035100	0.55263200	0.17819500	0.07789500	0.07062700	0.60676700	0.64586500	0.54035100	0.19323300	0.40175400	0.14135300
0.62105300	0.00072300	76.09022600	59.86215500	0.00073400	0.00192500	0.00080000	16.84210500	13.57142900	8.64661700	21.12782000	36.92982500	0.49649100	0.14310800	0.08065200	0.11824600	0.68045100	0.34661700	0.14736800	0.54360900	0.15313300	0.16052600
0.70701800	0.00145300	71.57894700	71.79198000	0.00031200	0.00219500	0.00073000	13.83458600	18.72180500	6.57142900	7.48120300	32.54386000	0.59649100	0.47794500	0.05709300	0.04155400	0.61127800	0.17067700	0.44210500	0.15563900	0.25839600	0.42894700
0.56666700	0.00150200	49.72431100	66.77944900	0.00088000	0.00751900	0.00107400	14.02255600	20.90225600	8.17293200	5.90225600	19.56140400	0.43157900	0.28446100	0.09368400	0.11523800	0.14210500	0.50150400	0.21929800	0.66691700	0.31553900	0.08045100
0.78771900	0.00154000	50.72681700	65.47619000	0.00070700	0.00824100	0.00123900	21.20300800	12.25563900	5.80451100	29.24812000	19.47368400	0.23684200	0.45488700	0.04506300	0.10947400	0.24436100	0.49097700	0.18070200	0.46090200	0.31253100	0.19548900
0.33333300	0.00122500	72.98245600	58.75939800	0.00099100	0.00898500	0.00078900	10.67669200	22.21804500	5.17293200	26.87969900	33.50877200	0.20526300	0.18120300	0.03478700	0.05107800	0.63383500	0.30451100	0.80000000	0.16917300	0.22731800	0.07819500
0.33157900	0.00138600	57.54386000	63.82205500	0.00077700	0.00930100	0.00040400	16.57894700	16.09022600	3.97744400	5.22556400	32.71929800	0.76666700	0.29649100	0.04656600	0.05057600	0.12706800	0.32406000	0.63684200	0.41879700	0.12205500	0.20451100
0.33508800	0.00071600	59.44862200	55.95238100	0.00089200	0.00528600	0.00074700	14.36090200	18.08270700	8.78195500	44.69924800	7.63157900	0.42105300	0.15914800	0.07137800	0.08015000	0.41278200	0.34812000	0.56140400	0.34360900	0.12005000	0.12782000
0.65438600	0.00133000	78.99749400	68.68421100	0.00040000	0.00517300	0.00055100	20.71428600	12.70676700	4.06766900	14.24812000	38.15789500	0.47719300	0.20626600	0.07563900	0.08792000	0.25639100	0.44887200	0.16315800	0.31052600	0.46391000	0.46052600
0.51578900	0.00126700	71.47869700	72.34335800	0.00048100	0.00733800	0.00056100	16.05263200	10.78947400	2.12782000	22.25563900	7.01754400	0.74386000	0.29749400	0.10370900	0.02751900	0.36015000	0.14661700	0.12280700	0.18571400	0.27042600	0.26654100
0.19298200	0.00102100	53.33333300	56.10275700	0.00093700	0.00282700	0.00109500	20.00000000	19.88721800	9.32330800	33.75939800	16.22807000	0.54736800	0.49298200	0.11298200	0.06937300	0.49097700	0.69097700	0.54210500	0.23985000	0.47393500	0.24624100
0.62280700	0.00073700	75.78947400	61.76691700	0.00049900	0.00440600	0.00115800	15.18797000	16.99248100	3.75188000	31.72932300	34.47368400	0.17894700	0.39573900	0.03654100	0.04957400	0.10601500	0.43834600	0.54561400	0.65338300	0.49799500	0.23947400
0.73508800	0.00118600	44.41102800	68.98496200	0.00068900	0.00483500	0.00079600	21.87969900	15.82706800	5.28571400	24.73684200	5.00000000	0.73508800	0.39072700	0.11498700	0.09268200	0.63834600	0.65037600	0.25964900	0.15263200	0.16516300	0.14924800
0.38245600	0.00157200	45.81453600	57.20551400	0.00016800	0.00632300	0.00107700	18.60902300	11.16541400	5.44360900	21.35338300	32.98245600	0.26842100	0.10100300	0.10997500	0.07639100	0.37218000	0.12556400	0.55789500	0.21428600	0.22631600	0.15601500
0.64736800	0.00056500	63.65914800	56.20300800	0.00071100	0.00923300	0.00141100	18.98496200	23.75939800	4.45112800	28.57142900	27.54386000	0.43508800	0.21829600	0.04631600	0.11348400	0.69699200	0.41729300	0.19649100	0.34511300	0.23634100	0.14248100
0.42982500	0.00110900	68.67167900	58.30827100	0.00045600	0.00616500	0.00116500	18.83458600	23.49624100	2.03759400	35.00000000	23.50877200	0.69298200	0.44686700	0.11348400	0.06436100	0.59473700	0.35263200	0.32631600	0.28797000	0.11503800	0.45601500
0.32982500	0.00096100	55.13784500	74.44862200	0.00067500	0.00846600	0.00105600	12.18045100	14.96240600	3.03007500	36.80451100	21.75438600	0.40175400	0.46992500	0.09669200	0.10095200	0.61428600	0.47142900	0.73684200	0.41127800	0.19022600	0.33872200
0.71578900	0.00056800	79.39849600	74.39849600	0.00070000	0.00424800	0.00092600	23.60902300	12.29323300	8.98496200	20.33834600	24.56140400	0.28245600	0.19824600	0.06586500	0.06360900	0.55563900	0.25188000	0.43684200	0.62030100	0.42080200	0.14360900
0.11754400	0.00127000	42.60651600	62.06766900	0.00046300	0.00246600	0.00086700	15.90225600	17.14285700	4.13533800	30.82706800	29.21052600	0.58070200	0.27443600	0.02852100	0.03177900	0.30751900	0.21578900	0.12982500	0.39323300	0.35864700	0.47857100
0.16666700	0.00122100	74.88721800	59.26065200	0.00064800	0.00530800	0.00087000	13.30827100	13.53383500	5.01503800	33.64661700	23.24561400	0.28771900	0.12907300	0.08541400	0.09719300	0.43233100	0.66391000	0.50877200	0.20225600	0.48295700	0.37255600
0.21228100	0.00124600	71.07769400	55.30075200	0.00100000	0.00260200	0.00069100	22.70676700	20.52631600	6.48120300	42.10526300	23.85964900	0.48245600	0.19223100	0.10320800	0.02275700	0.49548900	0.65338300	0.74561400	0.55413500	0.30150400	0.05563900
0.73157900	0.00020400	60.25062700	60.76441100	0.00044300	0.00862400	0.00059600	13.98496200	23.12030100	8.46616500	7.14285700	13.15789500	0.55614000	0.10000000	0.11949900	0.06310800	0.15563900	0.33308300	0.32982500	0.67594000	0.17518800	0.09172900
0.72982500	0.00028400	65.56391000	65.12531300	0.00024200	0.00224100	0.00023900	17.21804500	24.88721800	7.33834600	45.60150400	7.98245600	0.32631600	0.34661700	0.07188000	0.11248100	0.19624100	0.32255600	0.74386000	0.32857100	0.47293200	0.33985000
0.27894700	0.00117900	63.55889700	64.57393500	0.00075200	0.00510500	0.00096100	18.19548900	20.63909800	6.07518800	48.19548900	5.43859600	0.58947400	0.17017500	0.03854600	0.03704300	0.66842100	0.43233100	0.18245600	0.25639100	0.46792000	0.43233100
0.46666700	0.00033700	70.97744400	68.08270700	0.00080400	0.00174400	0.00110200	11.65413500	25.00000000	2.19548900	37.93233100	17.01754400	0.44561400	0.36466200	0.08015000	0.03954900	0.24736800	0.69548900	0.41754400	0.46541400	0.20526300	0.42782000
0.25789500	0.00063500	61.55388500	58.20802000	0.00065500	0.00790200	0.00142100	11.99248100	21.50375900	9.50375900	38.38345900	21.40350900	0.71754400	0.30852100	0.11774400	0.11273200	0.21428600	0.63985000	0.46666700	0.32556400	0.29047600	0.05902300
0.65087700	0.00049100	41.60401000	57.60651600	0.00019700	0.00636800	0.00038900	15.41353400	24.81203000	3.86466200	41.99248100	39.82456100	0.20175400	0.34360900	0.03829600	0.04882200	0.27744400	0.56766900	0.35263200	0.35413500	0.37969900	0.06917300
0.16491200	0.00072600	70.57644100	65.02506300	0.00069100	0.00294000	0.00057200	11.09022600	10.52631600	6.77443600	17.85714300	34.56140400	0.26491200	0.26040100	0.03779400	0.08290700	0.26391000	0.36015000	0.78947400	0.43082700	0.25238100	0.31391000
0.67719300	0.00049800	73.88471200	67.38095200	0.00064600	0.00199200	0.00101400	24.17293200	21.27819500	5.15037600	41.31578900	23.42105300	0.20350900	0.27844600	0.05057600	0.04456100	0.69398500	0.47293200	0.13859600	0.38270700	0.13909800	0.22819500
0.31929800	0.00151200	47.91979900	74.69924800	0.00062600	0.00585000	0.00089100	20.30075200	11.46616500	8.69172900	35.33834600	13.85964900	0.11228100	0.37468700	0.07238100	0.08716800	0.22481200	0.19624100	0.77368400	0.23834600	0.47193000	0.23721800
0.67894700	0.00106300	45.91478700	57.70676700	0.00091400	0.00691000	0.00080700	15.71428600	15.00000000	7.02255600	15.93985000	5.35087700	0.41929800	0.22230600	0.08992500	0.03804500	0.58270700	0.18120300	0.47543900	0.34210500	0.16115300	0.47969900
0.14912300	0.00089800	75.18797000	66.72932300	0.00073600	0.00830800	0.00133000	10.18797000	23.90977400	4.51879700	45.71428600	23.07017500	0.68596500	0.32556400	0.10421100	0.02100300	0.34210500	0.45488700	0.59649100	0.40375900	0.38471200	0.05000000
0.49298200	0.00031200	48.32080200	55.20050100	0.00043200	0.00377400	0.00121800	13.08270700	14.47368400	8.39849600	33.42105300	32.89473700	0.37193000	0.45689200	0.10295700	0.11147900	0.59172900	0.46992500	0.49824600	0.54661700	0.10902300	0.10413500
0.14386000	0.00103500	53.93483700	72.09273200	0.00038200	0.00548900	0.00065600	14.54887200	10.18797000	5.84962400	6.46616500	9.56140400	0.14561400	0.47293200	0.03553900	0.04205500	0.32556400	0.40075200	0.77193000	0.43533800	0.13709300	0.21691700
0.56140400	0.00096500	47.71929800	69.03508800	0.00010700	0.00666200	0.00028800	12.74436100	12.74436100	7.13533800	36.91729300	25.43859600	0.55964900	0.38872200	0.11974900	0.03228100	0.52706800	0.18421100	0.35087700	0.19774400	0.37669200	0.38947400
0.62456100	0.00053700	78.39599000	64.67418500	0.00058700	0.00871400	0.00151600	24.36090200	19.96240600	2.96240600	45.03759400	30.08771900	0.70877200	0.26541400	0.02726800	0.06110300	0.65338300	0.31654100	0.33684200	0.63383500	0.36265700	0.39962400
0.38596500	0.00057500	76.99248100	74.14787000	0.00076800	0.00806000	0.00047700	16.99248100	15.71428600	8.82706800	18.19548900	38.24561400	0.12807000	0.43684200	0.05483700	0.02250600	0.57819500	0.33458600	0.33157900	0.42932300	0.27944900	0.28797000
0.18245600	0.00043900	72.48120300	69.78696700	0.00085600	0.00244400	0.00048800	19.21052600	18.23308300	7.51879700	46.72932300	12.36842100	0.52456100	0.25538800	0.07413500	0.03428600	0.19323300	0.10601500	0.41052600	0.67443600	0.24335800	0.12894700
0.47368400	0.00148100	58.04511300	72.19298200	0.00039100	0.00519500	0.00156800	17.74436100	11.31578900	4.96992500	35.90225600	36.66666700	0.52631600	0.48396000	0.11699200	0.05283200	0.49849600	0.24436100	0.44386000	0.66992500	0.33759400	0.27894700
0.75438600	0.00095800	44.51127800	59.61152900	0.00053500	0.00497000	0.00076100	10.41353400	24.66165400	8.71428600	45.48872200	19.64912300	0.38771900	0.43483700	0.09869700	0.08741900	0.20526300	0.15413500	0.50701800	0.51954900	0.48997500	0.47067700
0.69122800	0.00077200	48.22055100	66.87969900	0.00078600	0.00433800	0.00075800	23.75939800	14.36090200	7.11278200	32.51879700	15.17543900	0.13157900	0.21729300	0.04255600	0.10045100	0.68646600	0.65939800	0.22631600	0.52105300	0.40776900	0.10751900
0.51228100	0.00071900	64.46115300	58.85964900	0.00093000	0.00817300	0.00122100	17.70676700	24.06015000	9.75188000	31.95488700	9.47368400	0.48947400	0.23734300	0.08365900	0.03578900	0.37819500	0.62481200	0.31578900	0.29097700	0.13609000	0.48759400
0.44035100	0.00095400	43.20802000	60.96491200	0.00040700	0.00391000	0.00103500	23.19548900	15.15037600	6.00751900	14.92481200	23.15789500	0.34035100	0.12506300	0.06862200	0.08265700	0.17819500	0.59924800	0.16842100	0.12255600	0.49198000	0.11879700
0.18070200	0.00091200	66.46616500	64.52381000	0.00044700	0.00630100	0.00070200	13.19548900	12.93233100	1.33834600	21.69172900	10.26315800	0.27193000	0.16015000	0.06110300	0.11624100	0.46842100	0.15864700	0.52631600	0.62932300	0.29448600	0.08947400
0.72456100	0.00052600	68.17042600	73.19548900	0.00010500	0.00808300	0.00100000	13.68421100	18.49624100	8.80451100	8.60902300	20.70175400	0.74035100	0.11403500	0.05433600	0.06561400	0.20827100	0.59323300	0.71052600	0.29248100	0.43383500	0.27556400
0.72105300	0.00092600	68.27067700	56.40350900	0.00025600	0.00535300	0.00076800	18.23308300	24.69924800	1.56391000	11.42857100	26.66666700	0.53157900	0.35062700	0.10897200	0.03904800	0.24586500	0.30000000	0.22105300	0.11654100	0.45789500	0.48985000
0.57193000	0.00103900	43.00751900	67.13032600	0.00015600	0.00661700	0.00024200	17.89473700	14.02255600	8.28571400	34.09774400	18.59649100	0.36315800	0.36566400	0.10396000	0.09368400	0.52105300	0.66240600	0.77543900	0.68195500	0.18521300	0.16842100
0.16140400	0.00045300	43.10776900	65.77694200	0.00038000	0.00544400	0.00034000	19.62406000	20.07518800	5.12782000	22.48120300	28.94736800	0.72807000	0.45789500	0.08892200	0.05884700	0.68345900	0.28646600	0.26315800	0.56917300	0.43183000	0.43684200
0.14035100	0.00022800	40.90225600	72.99498700	0.00050600	0.00151900	0.00077500	11.76691700	13.34586500	2.35338300	38.04511300	16.49122800	0.22631600	0.24937300	0.07889700	0.11448600	0.47293200	0.68045100	0.68771900	0.53609000	0.18621600	0.36466200
0.40175400	0.00058600	70.67669200	62.26817000	0.00077000	0.00700000	0.00088800	24.88721800	19.54887200	3.25563900	22.70676700	30.52631600	0.14210500	0.11804500	0.09468700	0.05859600	0.10150400	0.18571400	0.20701800	0.33909800	0.24536300	0.42218000
0.69824600	0.00024600	76.89223100	71.49122800	0.00086500	0.00217300	0.00050200	22.63157900	22.51879700	5.37594000	20.22556400	30.43859600	0.48421100	0.25839600	0.09318300	0.09819500	0.35112800	0.42481200	0.67543900	0.30601500	0.41679200	0.25413500
0.24035100	0.00135400	55.23809500	71.89223100	0.00056200	0.00140600	0.00159600	13.94736800	14.13533800	6.16541400	5.67669200	8.68421100	0.70000000	0.34060200	0.08716800	0.10546400	0.16315800	0.66691700	0.71754400	0.28345900	0.26741900	0.21015000
0.41228100	0.00063200	71.17794500	67.18045100	0.00048600	0.00539800	0.00090900	22.44360900	10.75188000	1.76691700	11.09022600	39.47368400	0.46491200	0.21528800	0.07263200	0.07964900	0.44436100	0.11654100	0.67719300	0.44736800	0.32857100	0.06353400
0.27719300	0.00037200	68.77193000	55.75188000	0.00072500	0.00203800	0.00117500	10.97744400	23.38345900	1.78947400	49.88721800	20.78947400	0.57719300	0.18421100	0.03578900	0.11899700	0.45338300	0.29699200	0.38421100	0.41278200	0.19122800	0.20000000
0.75263200	0.00116500	55.73934800	68.03258100	0.00098200	0.00194700	0.00025600	17.10526300	18.38345900	3.00751900	17.06766900	22.54386000	0.30175400	0.19022600	0.09042600	0.09869700	0.47744400	0.13609000	0.37894700	0.36766900	0.45388500	0.47631600
0.50350900	0.00041100	64.16040100	69.08521300	0.00063700	0.00176700	0.00091900	13.04511300	21.76691700	5.75939800	10.18797000	16.31578900	0.28947400	0.31654100	0.11373400	0.11573900	0.58120300	0.48646600	0.62280700	0.12406000	0.17619000	0.17631600
0.50877200	0.00065300	73.58396000	61.21553900	0.00015200	0.00905300	0.00061400	16.31578900	16.50375900	5.06015000	30.60150400	35.70175400	0.21754400	0.31754400	0.04080200	0.11498700	0.47142900	0.37218000	0.29473700	0.29398500	0.44486200	0.25639100
0.37894700	0.00143900	71.37844600	69.73684200	0.00041400	0.00939100	0.00120700	21.01503800	13.15789500	4.69924800	39.17293200	20.17543900	0.65614000	0.33659100	0.09919800	0.11323300	0.39022600	0.52105300	0.10350900	0.13909800	0.29248100	0.44586500
0.38421100	0.00121100	65.06265700	62.36842100	0.00014700	0.00533100	0.00023200	24.28571400	12.85714300	7.00000000	36.57894700	29.47368400	0.10701800	0.25238100	0.04055100	0.03453600	0.31052600	0.42030100	0.60000000	0.26240600	0.49298200	0.47406000
0.71228100	0.00120700	79.79949900	63.97243100	0.00093200	0.00456400	0.00098200	18.00751900	19.43609000	4.24812000	25.30075200	30.00000000	0.12982500	0.25037600	0.05032600	0.04080200	0.65639100	0.45639100	0.74035100	0.46240600	0.15814500	0.45037600
0.25263200	0.00149800	77.59398500	68.63408500	0.00059200	0.00742900	0.00041100	14.58646600	24.13533800	7.06766900	42.89473700	17.28070200	0.50000000	0.30751900	0.11423600	0.11548900	0.12857100	0.68496200	0.37017500	0.20676700	0.39774400	0.38496200
0.57894700	0.00051200	60.95238100	70.73934800	0.00033900	0.00406800	0.00020700	20.60150400	21.16541400	7.81203000	7.03007500	7.54386000	0.17719300	0.48496200	0.03303300	0.10997500	0.24887200	0.45338300	0.37719300	0.48947400	0.22832100	0.47744400
0.49473700	0.00082100	69.37343400	60.61403500	0.00085300	0.00569200	0.00138600	22.18045100	12.63157900	9.03007500	40.18797000	39.56140400	0.12105300	0.20426100	0.10571400	0.10295700	0.17969900	0.21428600	0.66491200	0.53458600	0.45589000	0.30714300
0.48596500	0.00135100	60.65162900	75.00000000	0.00068000	0.00269200	0.00141800	11.80451100	22.25563900	6.70676700	49.54887200	22.89473700	0.16140400	0.49799500	0.03002500	0.06661700	0.45789500	0.21278200	0.75789500	0.49248100	0.42381000	0.23496200
0.34386000	0.00150500	63.25814500	63.02005000	0.00098600	0.00253400	0.00135100	23.45864700	20.60150400	2.89473700	24.96240600	26.05263200	0.21228100	0.32456100	0.04907300	0.09669200	0.13909800	0.30902300	0.24736800	0.61127800	0.19624100	0.23834600
0.10175400	0.00107700	42.00501300	66.67919800	0.00061700	0.00943600	0.00135800	13.38345900	13.83458600	6.27819500	5.00000000	27.71929800	0.41228100	0.35764400	0.02401000	0.07238100	0.51804500	0.13909800	0.21754400	0.13458600	0.42681700	0.28120300
0.34912300	0.00091600	71.87969900	65.42606500	0.00054200	0.00336800	0.00095100	13.53383500	10.63909800	1.15789500	24.51127800	16.66666700	0.48070200	0.36365900	0.02426100	0.10721800	0.57969900	0.46391000	0.35964900	0.44887200	0.44987500	0.37932300
0.28245600	0.00100700	52.53132800	62.91979900	0.00036600	0.00264700	0.00051900	14.62406000	20.97744400	3.59398500	17.96992500	14.29824600	0.70175400	0.48897200	0.05884700	0.05233100	0.51052600	0.15112800	0.10701800	0.22932300	0.16416000	0.23045100
0.62807000	0.00106000	79.19799500	56.85463700	0.00078800	0.00627800	0.00109800	24.21052600	24.17293200	5.71428600	5.56391000	21.05263200	0.14736800	0.11102800	0.02977400	0.07263200	0.66240600	0.22330800	0.43333300	0.63233100	0.27343400	0.18082700
0.63859600	0.00030200	78.79699200	63.22055100	0.00041100	0.00553400	0.00125300	21.39097700	14.09774400	7.94736800	47.06766900	22.45614000	0.25263200	0.23333300	0.02451100	0.02802000	0.30150400	0.16616500	0.37193000	0.46391000	0.25538800	0.31616500
0.73333300	0.00154400	60.55137800	71.19047600	0.00040500	0.00476700	0.00121100	17.03007500	21.46616500	6.36842100	45.37594000	27.89473700	0.80000000	0.47393500	0.06360900	0.10396000	0.55714300	0.25037600	0.78596500	0.27744400	0.32656600	0.47518800
0.66315800	0.00053000	49.82456100	57.00501300	0.00045000	0.00275900	0.00030900	22.78195500	13.38345900	1.85714300	7.59398500	40.00000000	0.30526300	0.10501300	0.02676700	0.04280700	0.45037600	0.30601500	0.41578900	0.15112800	0.31353400	0.13345900
0.60350900	0.00111900	41.80451100	57.40601500	0.00031400	0.00512800	0.00116800	17.59398500	12.33082700	1.90225600	9.06015000	22.63157900	0.40877200	0.24736800	0.11248100	0.03027600	0.44736800	0.63233100	0.29122800	0.35112800	0.39573900	0.36353400
0.75087700	0.00153700	54.63659100	74.89974900	0.00034600	0.00842100	0.00048100	13.79699200	21.35338300	5.19548900	44.13533800	17.63157900	0.26140400	0.35363400	0.04982500	0.09468700	0.60075200	0.13308300	0.26666700	0.19624100	0.33157900	0.16729300
0.64561400	0.00160000	77.69423600	67.08020100	0.00012500	0.00643600	0.00088400	20.03759400	17.51879700	7.72180500	8.04511300	16.14035100	0.74210500	0.14711800	0.06686700	0.08491200	0.55864700	0.20526300	0.34736800	0.15714300	0.23533800	0.05338300
0.54210500	0.00023900	59.24812000	56.75438600	0.00047900	0.00478900	0.00151200	18.08270700	16.80451100	7.36090200	33.87218000	30.26315800	0.38947400	0.49198000	0.03378400	0.04531300	0.18872200	0.48496200	0.75438600	0.37969900	0.15012500	0.21804500
0.53333300	0.00121800	73.48370900	64.02255600	0.00032300	0.00909800	0.00156100	19.17293200	11.39097700	5.87218000	27.89473700	15.00000000	0.66842100	0.18220600	0.08340900	0.03203000	0.23383500	0.16315800	0.48771900	0.36917300	0.10501300	0.33082700
0.34561400	0.00149100	46.31578900	66.62907300	0.00015900	0.00206000	0.00024900	22.96992500	10.26315800	8.60150400	32.40601500	17.98245600	0.66140400	0.28045100	0.09343400	0.06686700	0.55263200	0.28496200	0.19122800	0.47744400	0.47594000	0.14473700
0.22456100	0.00114400	78.29573900	58.40852100	0.00021100	0.00318800	0.00094700	10.63909800	23.83458600	1.72180500	48.75939800	28.77193000	0.22105300	0.34761900	0.11548900	0.10571400	0.35864700	0.40827100	0.22807000	0.51203000	0.33358400	0.39849600
0.33859600	0.00151900	42.90726800	59.31077700	0.00064100	0.00984200	0.00091600	21.09022600	23.57142900	4.54135300	25.52631600	20.00000000	0.18596500	0.23634100	0.05659100	0.09568900	0.30601500	0.12706800	0.28245600	0.38120300	0.26140400	0.08834600
0.22631600	0.00136800	47.61904800	60.06265700	0.00075000	0.00420300	0.00068800	17.33082700	16.27819500	4.90225600	18.98496200	33.24561400	0.75789500	0.41779400	0.02501300	0.09293200	0.46541400	0.68646600	0.42456100	0.28947400	0.40476200	0.45714300
0.11578900	0.00048400	40.40100300	59.66165400	0.00018800	0.00564700	0.00031600	12.81954900	24.43609000	4.00000000	43.34586500	12.01754400	0.37017500	0.22731800	0.08115300	0.07162900	0.29548900	0.57218000	0.23508800	0.30902300	0.28145400	0.16616500
0.50701800	0.00130500	51.02756900	69.13533800	0.00063500	0.00278200	0.00060700	10.60150400	14.32330800	3.09774400	15.48872200	20.87719300	0.51403500	0.34260700	0.08290700	0.04832100	0.18721800	0.35714300	0.60701800	0.50000000	0.32556400	0.45263200
0.43859600	0.00094400	62.05513800	72.49373400	0.00055800	0.00963900	0.00146700	24.84962400	16.61654100	9.23308300	46.84210500	33.94736800	0.13684200	0.27243100	0.06185500	0.05333300	0.64135300	0.56015000	0.48245600	0.16766900	0.31954900	0.18421100
0.42280700	0.00029500	70.87719300	56.05263200	0.00067300	0.00501500	0.00149800	14.06015000	15.07518800	1.69924800	13.12030100	29.91228100	0.61403500	0.11704300	0.02476200	0.10070200	0.68195500	0.54511300	0.21403500	0.10902300	0.45990000	0.19097700
0.27543900	0.00114000	59.34837100	63.32080200	0.00012300	0.00551100	0.00028100	23.83458600	24.73684200	9.52631600	14.81203000	14.21052600	0.48771900	0.43985000	0.06436100	0.10145400	0.36315800	0.38120300	0.56491200	0.50601500	0.47493700	0.25188000
0.67017500	0.00066300	67.46867200	56.95488700	0.00057100	0.00230800	0.00071600	11.20300800	16.05263200	2.28571400	29.36090200	22.10526300	0.73157900	0.13809500	0.04030100	0.08616500	0.10300800	0.62782000	0.46140400	0.39924800	0.38671700	0.30037600
0.24210500	0.00143200	65.96491200	67.43107800	0.00061000	0.00154100	0.00153000	19.54887200	14.28571400	4.56391000	5.33834600	37.10526300	0.32982500	0.41478700	0.02100300	0.07438600	0.20977400	0.25939800	0.79298200	0.61879700	0.38170400	0.41879700
0.40000000	0.00042500	63.75939800	61.71679200	0.00057400	0.00837600	0.00092300	12.14285700	10.41353400	7.29323300	34.66165400	31.57894700	0.79473700	0.44586500	0.11674200	0.03403500	0.31503800	0.29849600	0.29298200	0.66842100	0.35764400	0.28684200
0.24912300	0.00026700	65.76441100	74.59899700	0.00080200	0.00894000	0.00100700	18.53383500	21.69172900	3.77443600	47.18045100	34.21052600	0.47193000	0.46391000	0.03954900	0.10496200	0.50601500	0.12255600	0.42105300	0.30000000	0.14210500	0.39511300
0.52807000	0.00073000	40.20050100	73.59649100	0.00038900	0.00934600	0.00036100	19.47368400	19.77443600	8.51127800	12.33082700	7.28070200	0.63157900	0.43784500	0.10095200	0.02877200	0.25338300	0.49548900	0.63508800	0.31954900	0.26340900	0.41428600
0.34035100	0.00141400	67.56892200	61.06516300	0.00096400	0.00490200	0.00030500	11.50375900	18.60902300	5.64661700	25.18797000	34.38596500	0.51052600	0.49899700	0.05809500	0.02050100	0.21578900	0.27293200	0.25263200	0.37218000	0.40676700	0.26315800
0.65789500	0.00038200	51.52882200	71.84210500	0.00068200	0.00945900	0.00098600	20.97744400	18.19548900	3.70676700	30.26315800	19.29824600	0.18070200	0.10802000	0.10020100	0.03654100	0.24135300	0.18872200	0.61929800	0.58571400	0.26942400	0.15375900
0.59824600	0.00026300	51.32832100	57.25563900	0.00064400	0.00918800	0.00039600	21.72932300	17.33082700	9.07518800	34.54887200	23.33333300	0.20877200	0.22932300	0.09969900	0.07614000	0.19022600	0.15563900	0.23333300	0.67142900	0.48095200	0.42669200
