 0.366667 0.001011 50.426065 66.929825 0.000702 0.004677 0.001526 11.842105 20.338346 5.601504 6.353383 14.473684 0.733333 0.385714 0.112231 0.088170 0.321053 0.107519 0.578947 0.648872 0.410777 0.062406
 0.173684 0.001347 56.140351 61.967419 0.000772 0.007925 0.001263 15.526316 16.654135 2.105263 27.218045 28.333333 0.729825 0.315539 0.073383 0.118747 0.391729 0.209774 0.659649 0.125564 0.418797 0.103008
 0.775439 0.001554 65.263158 55.852130 0.000765 0.005759 0.000333 12.481203 12.781955 5.037594 35.112782 13.508772 0.377193 0.370677 0.061604 0.090426 0.561654 0.115038 0.587719 0.406767 0.378697 0.333083
 0.768421 0.000842 65.162907 63.070175 0.000445 0.007564 0.000811 19.097744 23.684211 2.849624 39.624060 18.684211 0.645614 0.116040 0.061353 0.081153 0.145113 0.128571 0.275439 0.438346 0.110025 0.386090
 0.324561 0.000814 48.721805 71.390977 0.000619 0.007203 0.000635 25.000000 11.127820 3.458647 33.533835 29.649123 0.485965 0.130075 0.051830 0.043810 0.417293 0.477444 0.459649 0.107519 0.293484 0.315038
 0.559649 0.001326 48.020050 59.060150 0.000560 0.001789 0.000782 21.428571 19.586466 9.661654 15.150376 5.087719 0.182456 0.245363 0.031529 0.026767 0.626316 0.382707 0.289474 0.615789 0.429825 0.327444
 0.289474 0.001589 76.691729 59.511278 0.000980 0.001113 0.001298 16.729323 23.007519 8.127820 32.631579 25.877193 0.473684 0.239348 0.096441 0.061855 0.166165 0.391729 0.517544 0.226316 0.323559 0.350000
 0.126316 0.000695 76.290727 59.010025 0.000948 0.003865 0.000860 23.045113 15.902256 6.097744 19.436090 37.982456 0.415789 0.447870 0.020251 0.043058 0.475940 0.522556 0.296491 0.230827 0.133083 0.068045
 0.271930 0.000747 64.962406 74.548872 0.000738 0.003481 0.000681 21.315789 10.375940 5.218045 11.654135 29.035088 0.752632 0.334586 0.086165 0.044812 0.677444 0.292481 0.408772 0.322556 0.494987 0.264286
 0.424561 0.000256 49.423559 70.989975 0.000495 0.009797 0.000898 13.157895 12.406015 8.060150 49.661654 31.842105 0.407018 0.406767 0.031779 0.094436 0.352632 0.552632 0.257895 0.160150 0.414787 0.400752
 0.168421 0.001281 56.040100 57.556391 0.000686 0.008737 0.000772 13.646617 21.127820 9.368421 6.127820 29.561404 0.707018 0.396742 0.029023 0.083910 0.650376 0.513534 0.133333 0.175188 0.143108 0.320677
 0.675439 0.001551 58.446115 60.012531 0.000754 0.007271 0.001368 11.240602 14.398496 1.541353 38.947368 26.315789 0.789474 0.448872 0.086917 0.068371 0.700000 0.510526 0.159649 0.468421 0.298496 0.293609
 0.708772 0.000207 72.882206 73.095238 0.000513 0.004226 0.001130 15.789474 14.849624 5.398496 14.360902 27.631579 0.273684 0.408772 0.022757 0.112982 0.318045 0.433835 0.764912 0.232331 0.291479 0.177444
 0.124561 0.001018 66.065163 55.250627 0.000213 0.002805 0.001274 16.278195 20.300752 5.330827 39.736842 37.543860 0.505263 0.319549 0.021253 0.087669 0.624812 0.525564 0.615789 0.612782 0.280451 0.321805
 0.543860 0.000919 45.714286 74.849624 0.000183 0.004000 0.000975 10.375940 17.631579 2.714286 19.774436 22.017544 0.414035 0.248371 0.118747 0.117494 0.388722 0.319549 0.192982 0.409774 0.215288 0.419925
 0.700000 0.001319 63.859649 74.248120 0.000319 0.001361 0.001021 14.962406 22.894737 6.030075 9.849624 6.140351 0.263158 0.164160 0.060351 0.047318 0.185714 0.376692 0.719298 0.645865 0.134085 0.441353
 0.312281 0.000509 63.057644 62.218045 0.000502 0.006707 0.000698 17.631579 14.661654 6.864662 12.105263 6.228070 0.307018 0.375689 0.060852 0.096942 0.674436 0.678947 0.447368 0.137594 0.262406 0.486466
 0.642105 0.000895 52.832080 66.228070 0.000141 0.002556 0.000386 18.496241 12.443609 2.578947 30.150376 38.508772 0.761404 0.369674 0.045313 0.030526 0.322556 0.256391 0.357895 0.599248 0.211278 0.326316
 0.600000 0.000804 58.145363 62.719298 0.000849 0.001090 0.000291 16.766917 17.030075 1.360902 44.812030 35.087719 0.424561 0.259398 0.022506 0.108471 0.370677 0.411278 0.729825 0.146617 0.428822 0.396241
 0.771930 0.000940 57.042607 57.907268 0.000181 0.004925 0.000274 17.781955 22.481203 8.578947 27.556391 25.614035 0.561404 0.341604 0.110977 0.107469 0.599248 0.355639 0.468421 0.161654 0.460902 0.174060
 0.375439 0.000221 62.656642 68.734336 0.000511 0.003617 0.001379 21.917293 19.624060 3.819549 45.263158 18.333333 0.189474 0.475940 0.095439 0.093935 0.137594 0.468421 0.200000 0.537594 0.408772 0.374812
 0.726316 0.000344 54.937343 73.145363 0.000310 0.002331 0.000853 15.488722 14.248120 8.443609 40.977444 31.315789 0.250877 0.403759 0.027519 0.088672 0.327068 0.642857 0.303509 0.555639 0.113033 0.492105
 0.761404 0.000779 59.749373 64.724311 0.000199 0.005917 0.000267 14.473684 24.323308 4.834586 18.533835 19.385965 0.664912 0.450877 0.063358 0.059348 0.666917 0.548120 0.522807 0.100000 0.144110 0.301504
 0.682456 0.001558 49.122807 73.345865 0.000783 0.006549 0.001232 20.451128 10.977444 9.052632 7.819549 21.315789 0.608772 0.244361 0.076140 0.081404 0.260902 0.340602 0.778947 0.118045 0.307519 0.391729
 0.717544 0.000667 47.117794 61.867168 0.000578 0.002714 0.001235 10.000000 22.744361 6.300752 12.669173 21.578947 0.343860 0.205263 0.044060 0.077895 0.435338 0.496992 0.473684 0.361654 0.369674 0.162782
 0.563158 0.000839 46.416040 58.809524 0.000941 0.002353 0.000323 14.285714 11.954887 2.511278 19.323308 8.245614 0.219298 0.183208 0.028772 0.102707 0.575188 0.439850 0.156140 0.635338 0.156140 0.203383
 0.317544 0.001425 64.761905 68.483709 0.000172 0.001023 0.001333 20.112782 12.819549 4.090226 18.308271 24.912281 0.163158 0.193233 0.084160 0.068120 0.672932 0.351128 0.401754 0.181203 0.393734 0.205639
 0.722807 0.001232 48.521303 65.726817 0.000253 0.004090 0.001070 16.090226 24.097744 7.766917 9.624060 11.929825 0.601754 0.432832 0.042306 0.075138 0.217293 0.369173 0.705263 0.119549 0.422807 0.490977
 0.666667 0.001042 55.037594 72.894737 0.000763 0.008263 0.000260 11.578947 20.939850 3.436090 20.563910 32.105263 0.133333 0.209273 0.029273 0.023258 0.509023 0.118045 0.212281 0.360150 0.229323 0.425564
 0.175439 0.000993 52.631579 66.578947 0.000628 0.001180 0.001505 15.676692 23.421053 9.097744 32.067669 13.771930 0.422807 0.139098 0.104461 0.107970 0.316541 0.660902 0.678947 0.442857 0.419799 0.351128
 0.461404 0.001074 64.060150 55.902256 0.000813 0.003098 0.000200 22.593985 10.112782 5.578947 44.473684 24.473684 0.149123 0.468922 0.116241 0.041303 0.684962 0.227820 0.628070 0.623308 0.200251 0.353383
 0.208772 0.000368 77.493734 70.388471 0.000386 0.008128 0.000751 15.112782 11.879699 4.992481 30.714286 33.596491 0.384211 0.360652 0.118496 0.065113 0.605263 0.696992 0.277193 0.143609 0.377694 0.334211
 0.636842 0.000712 53.433584 65.375940 0.000353 0.009865 0.001575 22.293233 11.090226 5.511278 24.060150 25.350877 0.680702 0.337594 0.117494 0.084160 0.639850 0.406767 0.345614 0.426316 0.111028 0.435714
 0.705263 0.000828 53.734336 62.468672 0.000271 0.008331 0.000765 17.857143 14.887218 5.353383 26.541353 39.912281 0.638596 0.304511 0.079649 0.097444 0.131579 0.540602 0.531579 0.164662 0.119048 0.443609
 0.159649 0.001396 78.195489 70.939850 0.000569 0.009075 0.000463 14.248120 15.639098 7.225564 22.368421 35.964912 0.754386 0.361654 0.074887 0.060602 0.238346 0.451880 0.161404 0.614286 0.289474 0.431203
 0.617544 0.001130 70.776942 65.927318 0.000795 0.009549 0.000337 20.939850 18.984962 9.616541 30.488722 32.631579 0.238596 0.194236 0.104962 0.058346 0.636842 0.295489 0.626316 0.247368 0.487970 0.146992
 0.610526 0.001393 78.897243 58.909774 0.000393 0.008489 0.000695 12.631579 22.406015 2.466165 16.165414 39.736842 0.440351 0.480952 0.043559 0.030025 0.548120 0.345113 0.528070 0.606767 0.260401 0.224812
 0.100000 0.000853 62.556391 73.546366 0.000727 0.003075 0.001112 19.398496 17.593985 8.849624 19.661654 13.070175 0.114035 0.234336 0.083910 0.025514 0.576692 0.278947 0.652632 0.281955 0.138095 0.309398
 0.210526 0.001568 43.709273 56.453634 0.000192 0.007090 0.000849 15.075188 10.075188 1.654135 19.097744 7.807018 0.491228 0.379699 0.071128 0.032782 0.405263 0.241353 0.633333 0.352632 0.332581 0.430075
 0.782456 0.000856 45.313283 59.160401 0.000186 0.004158 0.000814 14.097744 18.646617 1.609023 19.887218 15.087719 0.108772 0.382707 0.032030 0.112231 0.690977 0.614286 0.322807 0.235338 0.233333 0.423308
 0.454386 0.000572 69.774436 73.796992 0.000779 0.008444 0.000712 13.421053 17.443609 7.744361 49.323308 28.245614 0.535088 0.321554 0.092932 0.089674 0.124060 0.388722 0.645614 0.588722 0.469925 0.081579
 0.268421 0.000326 56.942356 63.270677 0.000926 0.001248 0.001488 20.225564 15.488722 4.293233 26.203008 28.684211 0.517544 0.311529 0.101955 0.111228 0.343609 0.387218 0.670175 0.584211 0.389724 0.057895
 0.484211 0.001596 49.624060 56.604010 0.000774 0.004361 0.001347 23.872180 13.233083 4.112782 9.285714 38.684211 0.101754 0.199248 0.091429 0.117744 0.146617 0.418797 0.556140 0.312030 0.183208 0.397368
 0.107018 0.001344 62.155388 61.516291 0.000894 0.004609 0.001267 15.601504 24.473684 7.789474 16.729323 25.789474 0.400000 0.452882 0.109474 0.047569 0.647368 0.157143 0.205263 0.391729 0.445865 0.345489
 0.152632 0.000702 74.586466 67.280702 0.000265 0.001068 0.001295 11.917293 14.812030 1.022556 23.721805 35.526316 0.550877 0.195238 0.105965 0.071378 0.369173 0.390226 0.333333 0.563158 0.264411 0.082707
 0.214035 0.000477 66.967419 63.370927 0.000526 0.007180 0.000530 10.751880 23.233083 2.421053 24.285714 28.070175 0.280702 0.148120 0.100702 0.062607 0.678947 0.119549 0.229825 0.284962 0.127068 0.265414
 0.635088 0.000905 44.310777 68.132832 0.000973 0.006797 0.001214 12.293233 20.451128 8.105263 46.503759 15.263158 0.578947 0.323559 0.066115 0.102206 0.396241 0.445865 0.101754 0.259398 0.314536 0.225940
 0.545614 0.000782 76.591479 57.155388 0.000177 0.003955 0.001589 16.654135 18.007519 6.345865 37.819549 19.824561 0.396491 0.141103 0.119248 0.086917 0.382707 0.603759 0.496491 0.278947 0.218296 0.370301
 0.228070 0.001081 50.526316 63.621554 0.000298 0.006233 0.000354 11.954887 11.578947 5.533835 32.857143 10.877193 0.291228 0.465915 0.039799 0.081654 0.542105 0.536090 0.142105 0.516541 0.427820 0.092857
 0.777193 0.000305 74.686717 57.807018 0.000508 0.009323 0.000649 24.248120 18.345865 7.406015 40.300752 10.350877 0.540351 0.420802 0.106717 0.050075 0.194737 0.203759 0.364912 0.348120 0.251378 0.303759
 0.184211 0.000533 66.365915 60.263158 0.000492 0.009662 0.000523 15.977444 14.060150 2.330827 41.766917 31.491228 0.100000 0.270426 0.047569 0.029774 0.330075 0.533083 0.349123 0.364662 0.274436 0.408647
 0.417544 0.000744 75.588972 70.187970 0.000871 0.009617 0.000660 17.969925 15.037594 6.142857 47.744361 26.754386 0.582456 0.320551 0.096190 0.027018 0.221805 0.194737 0.770175 0.548120 0.177193 0.458271
 0.410526 0.000709 68.571429 55.551378 0.000132 0.003391 0.001481 14.774436 11.052632 6.977444 23.383459 29.824561 0.542105 0.161153 0.064862 0.046316 0.269925 0.265414 0.661404 0.433835 0.371679 0.187594
 0.200000 0.001495 52.330827 56.503759 0.000603 0.001203 0.001586 15.037594 13.796992 9.819549 46.052632 30.877193 0.270175 0.228321 0.042055 0.095188 0.597744 0.260902 0.763158 0.385714 0.479950 0.099624
 0.301754 0.000274 49.924812 68.333333 0.000303 0.002872 0.000733 15.451128 18.947368 1.406015 28.345865 32.280702 0.245614 0.294486 0.069373 0.037293 0.669925 0.620301 0.614035 0.638346 0.390727 0.271053
 0.284211 0.000589 61.954887 69.335840 0.000923 0.006504 0.001260 22.518797 16.729323 6.436090 45.939850 6.578947 0.319298 0.137093 0.069624 0.036792 0.202256 0.268421 0.519298 0.163158 0.462907 0.178571
 0.129825 0.000677 57.343358 55.802005 0.000163 0.009955 0.001302 17.932331 17.556391 6.458647 21.015038 27.280702 0.452632 0.246366 0.120000 0.083409 0.644361 0.677444 0.210526 0.540602 0.250376 0.243985
 0.391228 0.000996 58.947368 70.789474 0.000136 0.003707 0.000491 19.511278 13.646617 8.375940 48.308271 11.842105 0.196491 0.191228 0.043308 0.067118 0.620301 0.363158 0.354386 0.564662 0.232331 0.242857
 0.550877 0.000558 69.974937 58.107769 0.000759 0.001226 0.000495 24.323308 13.120301 8.218045 32.180451 10.000000 0.607018 0.127068 0.020000 0.099950 0.448872 0.367669 0.794737 0.503008 0.257393 0.212406
 0.377193 0.000235 60.150376 69.385965 0.000887 0.001632 0.000312 23.796992 12.894737 7.969925 11.879699 15.701754 0.461404 0.418797 0.103459 0.054085 0.337594 0.342105 0.731579 0.466917 0.135088 0.109774
 0.631579 0.001323 67.067669 64.473684 0.000838 0.002083 0.000663 22.030075 22.105263 9.458647 15.263158 24.210526 0.745614 0.344612 0.075388 0.083158 0.460902 0.647368 0.385965 0.450376 0.284461 0.325188
 0.633333 0.001470 60.751880 71.240602 0.000966 0.007406 0.000628 14.887218 10.563910 2.015038 26.992481 34.824561 0.278947 0.441855 0.033534 0.059599 0.161654 0.503008 0.324561 0.250376 0.448872 0.410902
 0.142105 0.000225 51.729323 56.002506 0.000723 0.004451 0.001361 19.285714 17.894737 4.203008 27.781955 8.421053 0.298246 0.494987 0.114486 0.046817 0.281955 0.330075 0.435088 0.501504 0.208271 0.257519
 0.154386 0.000684 48.120301 60.914787 0.000429 0.004135 0.001225 18.571429 18.759398 7.834586 38.834586 35.614035 0.256140 0.242356 0.089424 0.078897 0.436842 0.318045 0.640351 0.199248 0.100000 0.406391
 0.680702 0.001291 44.010025 65.526316 0.000522 0.008511 0.001558 22.744361 19.699248 4.631579 46.278195 12.807018 0.249123 0.196241 0.073885 0.080401 0.588722 0.394737 0.457895 0.605263 0.130075 0.448120
 0.112281 0.001298 48.822055 63.421053 0.000835 0.001496 0.000326 22.142857 21.842105 2.781955 17.744361 30.175439 0.382456 0.231328 0.108221 0.070125 0.513534 0.124060 0.712281 0.363158 0.305514 0.192105
 0.426316 0.000365 61.654135 72.593985 0.000154 0.006481 0.001393 24.060150 16.766917 8.308271 27.669173 39.385965 0.566667 0.426817 0.020501 0.086416 0.507519 0.280451 0.407018 0.621805 0.443860 0.322932
 0.294737 0.001116 77.293233 72.293233 0.000226 0.003165 0.000568 15.225564 21.390977 9.909774 6.578947 27.807018 0.512281 0.275439 0.052080 0.053584 0.203759 0.415789 0.173684 0.596241 0.340602 0.079323
 0.342105 0.000754 78.596491 70.839599 0.000666 0.003752 0.001137 20.751880 10.000000 4.609023 47.293233 28.859649 0.143860 0.145113 0.102206 0.093434 0.148120 0.641353 0.689474 0.101504 0.210276 0.086090
 0.135088 0.001256 53.233083 64.624060 0.000165 0.004992 0.001018 18.646617 23.872180 1.225564 11.766917 32.807018 0.585965 0.235338 0.108471 0.040551 0.278947 0.587218 0.735088 0.539098 0.124060 0.416541
 0.368421 0.000881 42.506266 64.072682 0.000671 0.003143 0.001540 15.939850 20.714286 5.263158 46.390977 24.035088 0.698246 0.433835 0.072130 0.104461 0.251880 0.534586 0.380702 0.683459 0.154135 0.124436
 0.170175 0.001302 75.889724 68.784461 0.000743 0.001609 0.000828 22.105263 18.684211 2.804511 15.714286 17.456140 0.322807 0.322556 0.077143 0.046566 0.403759 0.530075 0.280702 0.366165 0.347619 0.472932
 0.568421 0.001467 49.022556 62.869674 0.000878 0.005466 0.000835 24.736842 18.533835 9.345865 42.556391 16.403509 0.798246 0.428822 0.027769 0.072882 0.109023 0.557143 0.340351 0.552632 0.452882 0.381579
 0.435088 0.000281 80.000000 73.646617 0.000693 0.003571 0.000470 10.864662 16.691729 4.947368 26.428571 25.701754 0.768421 0.393734 0.027018 0.059850 0.262406 0.412782 0.366667 0.191729 0.221303 0.354511
 0.280702 0.000260 57.944862 56.654135 0.000384 0.007880 0.000821 19.699248 17.857143 3.661654 11.992481 32.456140 0.229825 0.107018 0.092431 0.089925 0.239850 0.669925 0.612281 0.269925 0.184211 0.125564
 0.235088 0.001228 61.453634 68.383459 0.000657 0.005218 0.000639 16.428571 21.203008 9.390977 41.203008 29.298246 0.715789 0.421805 0.057594 0.045815 0.585714 0.121053 0.375439 0.384211 0.199248 0.467293
 0.552632 0.000968 71.779449 62.568922 0.000815 0.002376 0.001579 15.338346 14.624060 2.646617 29.473684 20.087719 0.138596 0.279449 0.113233 0.077143 0.503008 0.193233 0.605263 0.436842 0.468922 0.405263
 0.398246 0.000330 46.015038 60.463659 0.000824 0.001880 0.001249 12.255639 16.315789 3.233083 37.481203 27.368421 0.775439 0.313534 0.059348 0.024261 0.333083 0.293985 0.338596 0.106015 0.104010 0.189850
 0.791228 0.001277 58.245614 61.115288 0.000831 0.002015 0.000537 15.639098 16.541353 4.383459 39.398496 6.315789 0.763158 0.413784 0.048321 0.119499 0.361654 0.506015 0.452632 0.121053 0.249373 0.382707
 0.696491 0.001593 73.684211 68.583960 0.000910 0.008579 0.000954 17.067669 11.654135 9.142857 40.639098 37.456140 0.719298 0.490977 0.092180 0.064612 0.645865 0.140602 0.514035 0.176692 0.335589 0.284586
 0.468421 0.001446 60.852130 62.518797 0.000355 0.003459 0.000905 15.150376 11.766917 7.248120 43.909774 29.736842 0.785965 0.419799 0.062356 0.071880 0.621805 0.247368 0.777193 0.647368 0.126065 0.137970
 0.798246 0.000502 54.235589 64.273183 0.000580 0.006188 0.000740 22.218045 10.939850 3.503759 26.766917 19.122807 0.670175 0.262406 0.107719 0.108972 0.355639 0.493985 0.787719 0.375188 0.204261 0.119925
 0.463158 0.001421 56.541353 72.744361 0.000583 0.006684 0.000677 20.526316 16.879699 8.353383 21.917293 26.140351 0.247368 0.443860 0.075890 0.032531 0.140602 0.112030 0.124561 0.337594 0.160150 0.481955
 0.521053 0.000642 42.807018 70.639098 0.000874 0.004880 0.000449 11.466165 15.676692 2.375940 13.909774 26.491228 0.554386 0.219298 0.048070 0.106717 0.336090 0.657895 0.738596 0.271429 0.159148 0.157143
 0.442105 0.000351 79.498747 56.553885 0.000714 0.004519 0.000825 20.639098 16.428571 3.616541 34.774436 10.175439 0.417544 0.398747 0.090175 0.110727 0.349624 0.656391 0.780702 0.334586 0.490977 0.296992
 0.773684 0.000649 45.112782 67.481203 0.000869 0.004113 0.000263 16.165414 18.045113 3.075188 39.849624 33.333333 0.150877 0.392732 0.107970 0.055840 0.609774 0.585714 0.208772 0.200752 0.209273 0.227068
 0.573684 0.000232 70.476190 60.714286 0.000565 0.006346 0.001428 13.120301 23.721805 4.045113 21.578947 35.789474 0.321053 0.372682 0.097694 0.026015 0.603759 0.602256 0.673684 0.394737 0.363659 0.468421
 0.784211 0.001442 55.538847 60.864662 0.000968 0.008218 0.000214 18.796992 17.293233 8.939850 48.421053 39.298246 0.696491 0.288471 0.062105 0.098947 0.615789 0.245865 0.629825 0.597744 0.320551 0.202256
 0.452632 0.001361 70.275689 57.055138 0.000612 0.008647 0.000646 23.233083 23.533835 4.315789 25.977444 38.947368 0.328070 0.207268 0.029524 0.110226 0.300000 0.430827 0.722807 0.693985 0.430827 0.344361
 0.794737 0.000347 69.874687 72.142857 0.000332 0.002511 0.000589 24.398496 17.067669 3.932331 40.413534 8.596491 0.587719 0.257393 0.032281 0.047068 0.481955 0.442857 0.335088 0.487970 0.484962 0.123308
 0.389474 0.000435 72.280702 60.814536 0.000971 0.004045 0.001091 12.030075 22.932331 6.796992 37.255639 37.631579 0.598246 0.460902 0.055088 0.108722 0.651880 0.109023 0.166667 0.662406 0.254386 0.337594
 0.443860 0.000628 70.175439 70.037594 0.000955 0.003120 0.001312 16.015038 12.556391 3.413534 18.082707 7.368421 0.324561 0.330576 0.057845 0.063358 0.280451 0.399248 0.536842 0.593233 0.172180 0.231579
 0.163158 0.001561 77.192982 70.137845 0.000808 0.007970 0.001189 22.894737 23.345865 5.624060 5.112782 15.789474 0.778947 0.224311 0.054586 0.075388 0.191729 0.349624 0.594737 0.441353 0.308521 0.196617
 0.447368 0.001242 48.421053 61.616541 0.000174 0.006256 0.000726 10.902256 22.330827 2.533835 16.503759 9.035088 0.619298 0.352632 0.115739 0.090677 0.121053 0.164662 0.538596 0.133083 0.330576 0.150376
 0.659649 0.000442 41.704261 55.701754 0.000274 0.003414 0.001305 11.691729 16.240602 6.842105 40.864662 16.842105 0.501754 0.458897 0.095188 0.102456 0.110526 0.343609 0.117544 0.454887 0.214286 0.412030
 0.419298 0.001133 76.390977 57.105263 0.000364 0.006391 0.000446 18.383459 24.849624 7.992481 23.496241 19.912281 0.156140 0.292481 0.098195 0.054837 0.367669 0.475940 0.510526 0.173684 0.123058 0.194361
 0.668421 0.001056 63.157895 64.924812 0.000962 0.005872 0.000912 14.210526 18.120301 2.443609 18.759398 19.035088 0.780702 0.355639 0.097945 0.091429 0.122556 0.208271 0.145614 0.324060 0.436842 0.319549
 0.350877 0.001095 41.203008 67.781955 0.000222 0.008105 0.001147 16.616541 13.045113 7.270677 32.293233 27.456140 0.292982 0.283459 0.023509 0.027268 0.590226 0.236842 0.501754 0.698496 0.402757 0.393985
 0.529825 0.000867 69.072682 67.030075 0.000840 0.009414 0.001326 21.654135 15.526316 7.451128 28.909774 35.350877 0.738596 0.386717 0.037544 0.066366 0.170677 0.235338 0.480702 0.336090 0.339599 0.161654
 0.685965 0.001460 42.305764 60.213033 0.000416 0.009504 0.000846 20.263158 24.285714 4.676692 31.616541 38.333333 0.521053 0.310526 0.117995 0.039799 0.492481 0.131579 0.270175 0.390226 0.299499 0.236090
 0.256140 0.000291 41.904762 70.238095 0.000844 0.003256 0.000856 16.541353 17.706767 7.473684 44.586466 21.228070 0.629825 0.464912 0.058346 0.064110 0.250376 0.373684 0.477193 0.475940 0.446867 0.495489
 0.171930 0.001565 58.646617 67.882206 0.000368 0.006098 0.000842 23.533835 19.661654 1.428571 15.037594 15.614035 0.519298 0.495990 0.101203 0.106216 0.173684 0.635338 0.750877 0.286466 0.207268 0.340977
 0.387719 0.001340 66.566416 55.050125 0.000567 0.002850 0.000618 10.150376 23.609023 4.338346 12.218045 36.228070 0.442105 0.102005 0.047068 0.033534 0.220301 0.421805 0.285965 0.218797 0.278446 0.329699
 0.478947 0.001474 41.002506 69.586466 0.000833 0.001857 0.000611 18.308271 11.804511 7.902256 43.120301 29.385965 0.749123 0.407769 0.110727 0.118496 0.289474 0.450376 0.582456 0.110526 0.106015 0.090602
 0.742105 0.001182 72.681704 65.075188 0.000790 0.004496 0.000221 23.421053 13.458647 5.556391 36.466165 15.438596 0.673684 0.424812 0.038797 0.093183 0.167669 0.257895 0.154386 0.650376 0.224311 0.255263
 0.522807 0.001309 46.115288 66.829574 0.000208 0.005060 0.000709 15.000000 11.203008 9.548872 10.864662 17.368421 0.747368 0.425815 0.111729 0.047820 0.134586 0.693985 0.761404 0.417293 0.343609 0.159398
 0.687719 0.000688 42.406015 58.959900 0.000441 0.007744 0.000358 24.661654 18.872180 4.721805 6.691729 13.421053 0.610526 0.338596 0.099950 0.092180 0.376692 0.483459 0.278947 0.525564 0.447870 0.229323
 0.308772 0.000670 47.218045 58.458647 0.000632 0.009707 0.000516 12.330827 16.165414 4.766917 5.451128 18.859649 0.380702 0.291479 0.037293 0.040050 0.469925 0.465414 0.128070 0.490977 0.195238 0.183083
 0.594737 0.001358 57.744361 67.581454 0.000328 0.008759 0.001470 14.661654 20.263158 2.759398 19.548872 17.719298 0.557895 0.134085 0.091930 0.062105 0.348120 0.492481 0.650877 0.187218 0.103008 0.072556
 0.407018 0.000579 40.802005 70.338346 0.000468 0.005782 0.001123 16.466165 20.112782 9.187970 18.646617 10.964912 0.259649 0.165163 0.118997 0.059098 0.143609 0.518045 0.177193 0.522556 0.385714 0.371429
 0.766667 0.001172 40.000000 59.962406 0.000747 0.009752 0.001432 14.849624 23.796992 1.451128 47.857143 5.614035 0.756140 0.295489 0.028020 0.056842 0.136090 0.190226 0.671930 0.572180 0.182206 0.148120
 0.778947 0.000449 47.318296 69.987469 0.000420 0.001158 0.001116 15.751880 11.278195 2.984962 16.390977 12.456140 0.312281 0.303509 0.113985 0.051579 0.164662 0.683459 0.656140 0.236842 0.240351 0.282331
 0.336842 0.000646 50.125313 57.506266 0.000908 0.009211 0.000319 19.060150 23.308271 1.496241 23.834586 35.263158 0.568421 0.128070 0.088672 0.103459 0.429323 0.361654 0.271930 0.275940 0.367669 0.434586
 0.500000 0.000481 65.864662 56.804511 0.000134 0.009910 0.000937 11.390977 24.548872 2.218045 23.270677 16.754386 0.659649 0.216291 0.095940 0.083659 0.459398 0.370677 0.598246 0.451880 0.417794 0.074812
 0.601754 0.001105 59.949875 73.395990 0.000761 0.009256 0.000228 20.338346 15.939850 9.278195 22.819549 20.438596 0.714035 0.121053 0.081905 0.056591 0.112030 0.507519 0.150877 0.579699 0.131078 0.165038
 0.524561 0.000681 74.786967 59.411028 0.000614 0.005376 0.001554 10.338346 14.436090 9.684211 25.413534 37.368421 0.466667 0.187218 0.044561 0.095439 0.346617 0.644361 0.463158 0.663910 0.359649 0.375940
 0.185965 0.001263 57.142857 65.977444 0.000953 0.008150 0.000723 13.458647 13.947368 9.954887 16.052632 37.807018 0.231579 0.210276 0.053333 0.036291 0.408271 0.537594 0.273684 0.208271 0.477945 0.380451
 0.477193 0.000354 42.706767 61.917293 0.000797 0.004699 0.000428 19.736842 23.947368 1.518797 17.406015 11.140351 0.300000 0.214286 0.023759 0.029524 0.357143 0.331579 0.515789 0.268421 0.216291 0.343233
 0.470175 0.001084 78.496241 61.165414 0.000957 0.009887 0.001039 10.112782 13.082707 9.774436 49.436090 22.807018 0.691228 0.144110 0.062857 0.067870 0.259398 0.103008 0.261404 0.549624 0.350627 0.221429
 0.547368 0.000593 44.611529 64.824561 0.000418 0.001316 0.001228 21.954887 21.804511 1.270677 31.503759 36.315789 0.235088 0.381704 0.023258 0.092431 0.570677 0.239850 0.310526 0.233835 0.322556 0.113158
 0.292982 0.001260 50.827068 69.436090 0.000919 0.007947 0.001537 24.962406 22.556391 7.924812 48.646617 9.824561 0.650877 0.485965 0.079900 0.109724 0.587218 0.403759 0.419298 0.651880 0.220301 0.347744
 0.580702 0.000505 78.696742 65.225564 0.000427 0.004180 0.001172 21.278195 18.157895 6.751880 9.962406 22.982456 0.724561 0.185213 0.036792 0.101704 0.272932 0.328571 0.642105 0.524060 0.179198 0.496617
 0.714035 0.001449 40.501253 68.834586 0.000434 0.002669 0.000989 16.879699 12.969925 3.729323 25.075188 34.912281 0.173684 0.132080 0.051579 0.085915 0.293985 0.578195 0.680702 0.478947 0.288471 0.098496
 0.222807 0.000835 58.746867 68.433584 0.000862 0.007113 0.000895 11.052632 12.669173 4.654135 10.413534 10.614035 0.157895 0.119048 0.059599 0.097694 0.292481 0.366165 0.236842 0.113534 0.302506 0.462782
 0.482456 0.000947 64.561404 59.360902 0.000202 0.004947 0.001600 13.759398 22.593985 6.390977 17.180451 36.403509 0.538596 0.391729 0.025514 0.024511 0.500000 0.327068 0.438596 0.166165 0.348622 0.248496
 0.114035 0.000825 45.513784 55.350877 0.000605 0.001970 0.000277 18.909774 10.714286 9.255639 20.789474 14.561404 0.240351 0.299499 0.046065 0.070376 0.554135 0.315038 0.617544 0.472932 0.334586 0.459398
 0.475439 0.001014 75.388471 72.243108 0.000454 0.003323 0.000642 16.390977 12.518797 3.345865 29.586466 6.754386 0.266667 0.112030 0.097444 0.023759 0.232331 0.582707 0.256140 0.420301 0.355639 0.175188
 0.745614 0.000333 53.634085 67.731830 0.000596 0.006459 0.000930 15.375940 18.571429 8.894737 36.015038 6.929825 0.124561 0.440852 0.106466 0.069123 0.515038 0.364662 0.543860 0.444361 0.141103 0.171805
 0.785965 0.001274 66.265664 66.478697 0.000294 0.005556 0.000204 21.992481 10.037594 9.007519 21.240602 34.649123 0.375439 0.256391 0.087669 0.049323 0.104511 0.266917 0.592982 0.423308 0.338596 0.131203
 0.198246 0.001147 55.839599 65.827068 0.000278 0.001135 0.001277 13.270677 10.902256 8.421053 7.706767 31.929825 0.657895 0.435840 0.051328 0.111729 0.227820 0.700000 0.445614 0.692481 0.373684 0.359023
 0.259649 0.001098 55.438596 62.819549 0.000806 0.008962 0.001133 23.721805 22.819549 6.729323 10.751880 10.526316 0.228070 0.306516 0.030526 0.089424 0.593233 0.480451 0.791228 0.456391 0.259398 0.051128
 0.133333 0.001333 76.190476 62.117794 0.000901 0.002895 0.000330 15.827068 21.992481 4.428571 31.842105 24.298246 0.192982 0.430827 0.110226 0.069624 0.648872 0.618797 0.478947 0.263910 0.368672 0.054511
 0.263158 0.000888 79.298246 55.651629 0.000792 0.007767 0.001344 11.165414 23.984962 9.481203 7.932331 21.666667 0.594737 0.151128 0.026516 0.085664 0.393233 0.173684 0.250877 0.498496 0.318546 0.378195
 0.291228 0.000495 55.639098 70.889724 0.000650 0.003639 0.000295 11.315789 20.676692 5.894737 48.872180 25.526316 0.770175 0.471930 0.081404 0.041053 0.519549 0.675940 0.392982 0.313534 0.272431 0.115414
 0.652632 0.001337 61.353383 65.877193 0.000190 0.001722 0.000979 17.819549 20.789474 1.112782 49.774436 15.526316 0.254386 0.213283 0.033283 0.109223 0.484962 0.500000 0.305263 0.251880 0.125063 0.134586
 0.178947 0.001112 47.017544 64.774436 0.000842 0.003008 0.001140 14.736842 17.218045 2.939850 48.082707 13.596491 0.310526 0.175188 0.021754 0.025013 0.543609 0.191729 0.663158 0.421805 0.189223 0.105263
 0.201754 0.001004 54.436090 65.175439 0.000917 0.001338 0.000786 21.165414 15.338346 9.639098 21.466165 36.140351 0.470175 0.168170 0.073634 0.034787 0.298496 0.623308 0.535088 0.212782 0.201253 0.170677
 0.315789 0.000554 43.408521 67.932331 0.000939 0.005150 0.001179 15.300752 11.729323 9.300752 18.872180 18.508772 0.391228 0.331579 0.111479 0.073634 0.199248 0.543609 0.756140 0.358647 0.174185 0.401880
 0.243860 0.000428 79.699248 64.223058 0.000533 0.001586 0.001025 14.172932 21.052632 7.383459 14.699248 17.894737 0.347368 0.431830 0.088421 0.035288 0.266917 0.160150 0.387719 0.140602 0.300501 0.440226
 0.298246 0.000877 72.581454 69.486216 0.000781 0.007383 0.001365 18.721805 16.954887 5.939850 38.721805 34.298246 0.336842 0.453885 0.049574 0.051830 0.324060 0.698496 0.668421 0.346617 0.321554 0.469549
 0.219298 0.000270 73.984962 66.027569 0.000896 0.004023 0.000460 23.270677 20.187970 6.932331 13.684211 10.789474 0.456140 0.188221 0.078647 0.056090 0.659398 0.612782 0.426316 0.453383 0.297494 0.140226
 0.629825 0.000740 52.230576 73.897243 0.000538 0.002737 0.001435 24.473684 18.834586 4.022556 28.684211 7.456140 0.787719 0.282456 0.097193 0.053083 0.551128 0.211278 0.549123 0.245865 0.356642 0.110902
 0.250877 0.000796 66.867168 68.233083 0.000114 0.007857 0.000944 23.909774 20.827068 4.812030 42.443609 34.035088 0.385965 0.146115 0.066366 0.045063 0.442857 0.378195 0.647368 0.527068 0.478947 0.097368
 0.364912 0.000674 51.228070 55.451128 0.000100 0.002624 0.000498 13.609023 13.270677 8.037594 10.075188 20.263158 0.207018 0.298496 0.117243 0.022005 0.304511 0.561654 0.715789 0.600752 0.392732 0.442481
 0.396491 0.000298 52.030075 69.235589 0.000337 0.009684 0.001242 22.255639 23.270677 1.315789 48.533835 33.771930 0.154386 0.332581 0.070376 0.094185 0.546617 0.590226 0.342105 0.316541 0.437845 0.362406
 0.589474 0.001365 72.080201 57.756892 0.000529 0.003684 0.001270 20.075188 16.203008 3.909774 24.172932 30.964912 0.198246 0.482957 0.055840 0.116992 0.657895 0.405263 0.108772 0.184211 0.166165 0.245113
 0.575439 0.000618 60.050125 58.057644 0.000240 0.006594 0.001396 22.932331 21.654135 8.759398 27.443609 35.438596 0.184211 0.203258 0.049323 0.038296 0.176692 0.435338 0.164912 0.695489 0.344612 0.073684
 0.392982 0.001200 51.428571 57.656642 0.000659 0.006211 0.000298 22.330827 12.180451 4.586466 36.240602 23.684211 0.403509 0.411779 0.116491 0.099449 0.411278 0.393233 0.284211 0.266917 0.246366 0.136842
 0.357895 0.001516 50.325815 58.157895 0.000260 0.007158 0.000670 18.270677 14.699248 8.556391 9.736842 12.192982 0.507018 0.328571 0.055589 0.044311 0.623308 0.253383 0.621053 0.178195 0.500000 0.101880
 0.684211 0.000860 66.666667 55.000000 0.000504 0.009481 0.001105 20.789474 13.308271 7.090226 28.120301 9.912281 0.722807 0.371679 0.091178 0.052080 0.456391 0.671429 0.149123 0.642857 0.309524 0.299248
 0.557895 0.001249 44.110276 72.543860 0.000120 0.006639 0.000425 17.443609 24.962406 1.248120 30.037594 6.491228 0.492982 0.335589 0.079398 0.050827 0.226316 0.230827 0.152632 0.227820 0.287469 0.421053
 0.749123 0.001389 67.167920 65.676692 0.000668 0.005263 0.001460 13.872180 10.601504 3.684211 7.255639 39.122807 0.759649 0.162155 0.043810 0.091679 0.695489 0.269925 0.431579 0.594737 0.375689 0.130075
 0.229825 0.000930 79.899749 66.979950 0.000276 0.003436 0.001414 11.278195 21.917293 1.473684 42.330827 11.578947 0.215789 0.220301 0.088170 0.073133 0.451880 0.426316 0.747368 0.221805 0.244361 0.070301
 0.770175 0.000614 52.932331 61.265664 0.000959 0.003549 0.001281 17.669173 21.428571 6.887218 45.827068 17.807018 0.687719 0.150125 0.109724 0.044060 0.387218 0.436842 0.728070 0.495489 0.495990 0.135714
 0.491228 0.000775 41.503759 73.496241 0.000296 0.009165 0.000582 14.924812 15.563910 1.180451 32.969925 37.894737 0.468421 0.358647 0.077393 0.116491 0.496992 0.594737 0.157895 0.439850 0.405764 0.060150
 0.105263 0.000751 74.185464 66.528822 0.000684 0.009774 0.001088 13.721805 23.045113 6.323308 44.022556 22.719298 0.105263 0.174185 0.102707 0.060351 0.181203 0.290977 0.505263 0.190226 0.237343 0.302632
 0.405263 0.001579 74.486216 61.365915 0.000402 0.008286 0.001495 12.932331 22.030075 8.240602 35.676692 9.649123 0.187719 0.254386 0.068120 0.055338 0.635338 0.654887 0.491228 0.471429 0.271429 0.179699
 0.436842 0.000421 75.087719 58.709273 0.000472 0.006526 0.000509 20.827068 19.285714 8.962406 16.616541 30.350877 0.528070 0.312531 0.105213 0.067619 0.441353 0.629323 0.643860 0.696992 0.458897 0.304887
 0.261404 0.001151 62.857143 70.689223 0.000630 0.005895 0.000804 11.616541 22.180451 1.924812 6.917293 30.614035 0.126316 0.493985 0.108722 0.036040 0.399248 0.573684 0.570175 0.217293 0.370677 0.342105
 0.254386 0.000211 73.182957 74.348371 0.000993 0.003932 0.000533 16.353383 20.751880 2.488722 34.323308 14.824561 0.166667 0.223308 0.026015 0.024762 0.530075 0.687970 0.742105 0.307519 0.202256 0.413158
 0.352632 0.000319 59.548872 67.330827 0.000732 0.006955 0.000554 24.548872 13.759398 8.917293 42.669173 26.403509 0.135088 0.438847 0.023008 0.031028 0.130075 0.447368 0.494737 0.257895 0.403759 0.215789
 0.238596 0.000691 42.105263 58.609023 0.000285 0.003797 0.001291 11.428571 23.646617 8.669173 34.887218 18.421053 0.498246 0.400752 0.060602 0.048571 0.474436 0.178195 0.450877 0.496992 0.266416 0.093985
 0.136842 0.001582 40.701754 59.711779 0.000653 0.005602 0.001389 14.135338 11.428571 6.954887 44.360902 16.052632 0.277193 0.277444 0.089674 0.064862 0.567669 0.169173 0.684211 0.103008 0.400752 0.409774
 0.584211 0.000596 42.205514 59.812030 0.000547 0.001383 0.000996 21.804511 17.819549 6.819549 35.789474 8.947368 0.170175 0.402757 0.050075 0.117243 0.242857 0.402256 0.580702 0.432331 0.275439 0.247368
 0.661404 0.001091 62.255639 65.325815 0.000817 0.007586 0.001323 19.135338 14.586466 6.548872 10.639098 37.017544 0.449123 0.103008 0.044812 0.029273 0.331579 0.617293 0.308772 0.576692 0.435840 0.197744
 0.703509 0.001477 61.052632 69.937343 0.000698 0.003887 0.000621 10.263158 14.172932 7.857143 16.278195 9.298246 0.222807 0.281454 0.062607 0.079398 0.584211 0.524060 0.361404 0.656391 0.396742 0.267669
 0.505263 0.001288 69.473684 68.934837 0.000524 0.002579 0.000902 10.075188 15.413534 8.330827 28.007519 28.421053 0.689474 0.131078 0.069875 0.069875 0.439850 0.489474 0.189474 0.172180 0.146115 0.262030
 0.187719 0.000551 62.756892 57.305764 0.000935 0.009932 0.001161 17.293233 19.172932 6.684211 8.383459 18.157895 0.508772 0.500000 0.090927 0.096190 0.501504 0.242857 0.403509 0.130075 0.282456 0.291353
 0.394737 0.001000 70.075188 71.441103 0.000851 0.008669 0.001484 12.443609 24.924812 6.413534 13.345865 27.105263 0.545614 0.211278 0.051078 0.031278 0.290977 0.206767 0.563158 0.672932 0.116040 0.283459
 0.800000 0.000874 58.345865 63.471178 0.000709 0.008015 0.001144 17.406015 13.496241 2.917293 27.330827 36.491228 0.503509 0.261404 0.065113 0.095940 0.698496 0.584211 0.601754 0.355639 0.394737 0.417669
 0.489474 0.001407 56.741855 70.087719 0.000111 0.006865 0.000874 10.488722 21.954887 3.390977 43.796992 16.929825 0.522807 0.104010 0.065614 0.030777 0.116541 0.161654 0.798246 0.378195 0.181203 0.485338
 0.607018 0.000870 77.393484 73.847118 0.000497 0.001451 0.000625 15.263158 23.195489 7.045113 46.954887 34.122807 0.536842 0.427820 0.073133 0.057093 0.671429 0.137594 0.301754 0.558647 0.354637 0.139098
 0.359649 0.001193 62.456140 71.090226 0.000129 0.008602 0.001477 12.894737 11.240602 6.187970 19.210526 12.280702 0.242105 0.356642 0.064110 0.072130 0.397744 0.527068 0.143860 0.242857 0.128070 0.185338
 0.147368 0.000891 72.380952 70.288221 0.000741 0.005940 0.000379 21.127820 13.609023 5.669173 37.368421 31.052632 0.224561 0.286466 0.118246 0.023509 0.489474 0.481955 0.201754 0.630827 0.157143 0.083835
 0.408772 0.000982 74.085213 55.100251 0.000330 0.002917 0.001439 20.488722 15.225564 6.909774 11.315789 8.333333 0.354386 0.397744 0.034536 0.079900 0.340602 0.262406 0.440351 0.223308 0.171178 0.096241
 0.464912 0.000456 73.784461 66.177945 0.000551 0.004586 0.000225 17.368421 16.390977 2.308271 38.609023 18.245614 0.284211 0.268421 0.076892 0.043559 0.560150 0.303008 0.691228 0.127068 0.380702 0.253008
 0.191228 0.000340 46.516291 74.498747 0.000170 0.001835 0.001593 12.706767 14.774436 5.962406 14.135338 9.385965 0.392982 0.155138 0.056842 0.089173 0.268421 0.310526 0.707018 0.265414 0.192231 0.186466
 0.328070 0.000547 73.383459 72.443609 0.000301 0.002150 0.001382 21.503759 23.082707 4.924812 15.375940 12.894737 0.564912 0.273434 0.050827 0.076892 0.478947 0.409774 0.589474 0.657895 0.324561 0.056767
 0.694737 0.000540 68.972431 73.295739 0.000975 0.002263 0.000375 21.616541 10.488722 5.105263 41.879699 23.947368 0.636842 0.179198 0.039048 0.120000 0.274436 0.339098 0.298246 0.254887 0.388722 0.214662
 0.285965 0.001411 43.308271 58.258145 0.000598 0.005962 0.000400 17.481203 23.157895 6.503759 8.721805 8.771930 0.624561 0.429825 0.067619 0.108221 0.564662 0.672932 0.471930 0.244361 0.285464 0.108647
 0.347368 0.001372 46.917293 67.832080 0.000984 0.008692 0.000442 23.345865 13.421053 4.360902 38.270677 11.666667 0.454386 0.232331 0.068371 0.113734 0.223308 0.636842 0.264912 0.510526 0.102005 0.355639
 0.414035 0.001530 75.488722 74.949875 0.000946 0.003278 0.000270 12.556391 15.451128 7.315789 41.428571 36.754386 0.584211 0.269424 0.057343 0.075639 0.414286 0.274436 0.701754 0.414286 0.242356 0.122180
 0.556140 0.000467 54.837093 62.017544 0.000247 0.007248 0.001193 23.383459 21.315789 7.879699 27.105263 39.210526 0.447368 0.126065 0.084411 0.111980 0.427820 0.134586 0.610526 0.542105 0.329574 0.390602
 0.577193 0.001463 77.794486 56.303258 0.000289 0.009571 0.000818 24.511278 19.812030 1.067669 8.834586 8.508772 0.642105 0.140100 0.104712 0.033033 0.549624 0.429323 0.363158 0.627820 0.372682 0.260902
 0.314035 0.000639 43.909774 58.508772 0.000623 0.006977 0.001067 10.037594 24.398496 8.872180 39.511278 34.736842 0.450877 0.113033 0.098947 0.025764 0.275940 0.301504 0.222807 0.387218 0.155138 0.280075
 0.373684 0.000463 69.172932 70.588972 0.000341 0.007812 0.001196 17.518797 14.511278 1.879699 49.097744 10.087719 0.140351 0.423810 0.031028 0.078145 0.375188 0.148120 0.784211 0.333083 0.219298 0.348872
 0.203509 0.001088 49.223058 61.817043 0.000470 0.007023 0.001151 18.684211 10.300752 8.533835 41.654135 30.789474 0.478947 0.409774 0.115990 0.027769 0.665414 0.564662 0.521053 0.188722 0.212281 0.169549
 0.570175 0.000519 67.368421 73.947368 0.000357 0.007992 0.000600 20.150376 22.293233 1.045113 20.676692 25.175439 0.357895 0.415789 0.106967 0.051328 0.445865 0.474436 0.240351 0.560150 0.296491 0.493233
 0.538596 0.001028 75.689223 71.340852 0.000204 0.004429 0.000467 14.398496 10.150376 3.842105 32.744361 21.140351 0.654386 0.474937 0.109223 0.099699 0.133083 0.591729 0.484211 0.402256 0.336591 0.241729
 0.247368 0.001158 52.431078 66.328321 0.000292 0.010000 0.000421 24.586466 17.669173 6.526316 7.368421 24.122807 0.342105 0.120050 0.038045 0.041805 0.424812 0.539098 0.692982 0.483459 0.277444 0.483083
 0.122807 0.000793 54.135338 71.741855 0.000822 0.006887 0.000439 21.842105 20.150376 3.165414 43.233083 22.368421 0.296491 0.489975 0.093935 0.082406 0.113534 0.152632 0.245614 0.518045 0.163158 0.198872
 0.480702 0.000607 77.092732 61.466165 0.000885 0.009143 0.001463 11.541353 13.684211 1.383459 41.541353 13.245614 0.373684 0.368672 0.080401 0.021504 0.540602 0.605263 0.547368 0.136090 0.351629 0.154887
 0.540351 0.000218 60.451128 55.501253 0.000883 0.006774 0.000972 23.947368 22.706767 9.977444 11.203008 9.122807 0.361404 0.348622 0.044311 0.073885 0.149624 0.325564 0.638596 0.493985 0.352632 0.388346
 0.764912 0.000446 52.731830 71.641604 0.000889 0.009729 0.000754 11.015038 19.511278 4.225564 37.030075 38.421053 0.436842 0.455890 0.086667 0.048070 0.466917 0.229323 0.398246 0.639850 0.256391 0.290226
 0.403509 0.000600 57.644110 57.857143 0.000621 0.001699 0.000965 24.436090 12.105263 5.781955 23.157895 37.280702 0.394737 0.449875 0.056341 0.026516 0.334586 0.110526 0.422807 0.700000 0.276441 0.117669
 0.449123 0.000407 46.616541 71.040100 0.000912 0.003211 0.000372 24.924812 15.977444 7.541353 11.541353 17.192982 0.626316 0.173183 0.059098 0.074637 0.230827 0.487970 0.449123 0.415789 0.283459 0.488722
 0.501754 0.000765 61.152882 73.746867 0.000944 0.002985 0.001582 19.849624 22.631579 8.263158 35.451128 14.649123 0.433333 0.345614 0.086416 0.053835 0.563158 0.566165 0.312281 0.578195 0.434837 0.392857
 0.498246 0.000460 43.508772 69.536341 0.000373 0.003301 0.001547 20.413534 17.180451 3.481203 14.022556 11.052632 0.592982 0.333584 0.085664 0.068872 0.197744 0.130075 0.657895 0.590226 0.198246 0.484211
 0.656140 0.000432 69.273183 68.884712 0.000662 0.002105 0.001354 18.120301 16.842105 6.120301 29.924812 37.719298 0.705263 0.241353 0.100451 0.020000 0.400752 0.277444 0.524561 0.507519 0.241353 0.233835
 0.619298 0.001189 63.959900 74.649123 0.000718 0.006752 0.000968 17.180451 10.864662 3.142857 20.902256 27.982456 0.159649 0.169173 0.107469 0.020752 0.525564 0.516541 0.726316 0.318045 0.203258 0.201128
 0.354386 0.000323 59.649123 60.313283 0.000820 0.007789 0.001309 20.187970 11.353383 5.421053 13.571429 13.947368 0.773684 0.467920 0.032531 0.042556 0.430827 0.275940 0.187719 0.608271 0.303509 0.071429
 0.322807 0.001428 46.817043 56.353383 0.000258 0.004541 0.000958 12.593985 19.849624 1.992481 39.285714 28.508772 0.533333 0.149123 0.083158 0.106466 0.539098 0.576692 0.126316 0.469925 0.188221 0.276692
 0.671930 0.000316 47.518797 65.275689 0.000377 0.005714 0.000744 16.804511 15.375940 2.669173 17.518797 5.964912 0.475439 0.354637 0.095689 0.066115 0.660902 0.104511 0.603509 0.690977 0.311529 0.084962
 0.526316 0.000986 68.872180 59.561404 0.000898 0.007699 0.000246 13.345865 11.541353 3.548872 22.593985 8.157895 0.429825 0.230326 0.087920 0.037794 0.107519 0.142105 0.682456 0.280451 0.306516 0.087218
 0.664912 0.000807 55.939850 56.904762 0.000249 0.002398 0.001509 16.917293 23.458647 4.157895 41.090226 24.736842 0.677193 0.180201 0.036040 0.071128 0.284962 0.312030 0.140351 0.179699 0.481955 0.100752
 0.673684 0.001253 50.025063 74.749373 0.000206 0.004857 0.001565 20.864662 16.917293 4.496241 16.954887 15.877193 0.110526 0.416792 0.064612 0.106967 0.522556 0.609774 0.733333 0.654887 0.365664 0.126692
 0.150877 0.000516 66.165414 63.571429 0.000977 0.004744 0.001284 21.466165 14.924812 1.676692 37.142857 5.789474 0.635088 0.243358 0.068872 0.101955 0.536090 0.218797 0.268421 0.397744 0.162155 0.064662
 0.157895 0.000761 50.225564 61.015038 0.000287 0.001902 0.000351 16.691729 18.796992 1.969925 34.210526 19.210526 0.575439 0.177193 0.034286 0.068622 0.182707 0.558647 0.529825 0.248872 0.117043 0.494361
 0.519298 0.000768 68.370927 55.601504 0.000553 0.001293 0.000382 16.954887 10.451128 3.300752 28.458647 6.403509 0.459649 0.301504 0.084912 0.039298 0.402256 0.384211 0.114035 0.459398 0.107018 0.312782
 0.421053 0.001025 51.629073 72.393484 0.000716 0.009030 0.000302 16.203008 24.248120 3.526316 43.007519 26.228070 0.600000 0.135088 0.063108 0.052581 0.287970 0.354135 0.243860 0.321053 0.353634 0.163910
 0.303509 0.000242 71.979950 66.278195 0.000326 0.004632 0.001204 14.436090 11.842105 2.240602 47.631579 20.526316 0.573684 0.202256 0.036291 0.076642 0.537594 0.626316 0.203509 0.224812 0.147118 0.444737
 0.689474 0.000933 67.969925 74.799499 0.000362 0.003030 0.000604 17.556391 22.969925 9.593985 20.451128 36.578947 0.570175 0.201253 0.022256 0.054586 0.379699 0.569173 0.394737 0.573684 0.488972 0.437970
 0.514035 0.000923 78.095238 71.942356 0.000905 0.006120 0.001319 18.458647 24.210526 1.586466 6.015038 9.736842 0.571930 0.122055 0.047820 0.054336 0.235338 0.176692 0.194737 0.567669 0.412782 0.463910
 0.221053 0.000393 75.288221 55.150376 0.000465 0.004654 0.001081 19.436090 11.691729 3.796992 25.864662 12.719298 0.122807 0.359649 0.053083 0.033283 0.602256 0.200752 0.703509 0.575188 0.424812 0.383835
 0.363158 0.001102 48.922306 72.694236 0.000229 0.007226 0.001453 18.947368 20.488722 4.789474 13.458647 26.929825 0.796491 0.326566 0.075138 0.067368 0.339098 0.681955 0.500000 0.530075 0.476942 0.268797
 0.128070 0.000418 61.253133 64.423559 0.000150 0.007474 0.001063 24.812030 22.443609 2.082707 22.932331 17.105263 0.615789 0.200251 0.076391 0.113985 0.409774 0.358647 0.456140 0.304511 0.425815 0.366917
 0.296491 0.000625 72.781955 55.401003 0.000348 0.001474 0.000586 19.887218 24.774436 2.601504 43.571429 26.842105 0.308772 0.123058 0.066617 0.035539 0.206767 0.512030 0.319298 0.551128 0.239348 0.294737
 0.719298 0.001137 56.641604 73.696742 0.000371 0.006053 0.001400 16.240602 14.548872 3.639098 17.631579 6.666667 0.515789 0.401754 0.025263 0.061353 0.125564 0.549624 0.568421 0.182707 0.483960 0.052256
 0.643860 0.001418 64.862155 62.769424 0.000459 0.003729 0.000667 21.541353 24.360902 1.000000 33.984962 21.929825 0.443860 0.318546 0.089173 0.078647 0.172180 0.466917 0.554386 0.396241 0.456892 0.213534
 0.310526 0.001295 58.546366 64.373434 0.000244 0.008353 0.000565 12.857143 12.481203 2.263158 42.218045 13.684211 0.633333 0.152130 0.084662 0.024010 0.675940 0.668421 0.752632 0.424812 0.316541 0.219173
 0.370175 0.001123 40.100251 63.671679 0.000829 0.008195 0.000393 23.157895 19.135338 4.744361 33.308271 32.192982 0.378947 0.136090 0.077644 0.045564 0.354135 0.113534 0.654386 0.513534 0.101003 0.466165
 0.587719 0.001067 62.355890 69.837093 0.000799 0.002962 0.001502 21.353383 10.676692 7.203008 10.526316 8.859649 0.563158 0.487970 0.099449 0.088421 0.572180 0.179699 0.121053 0.331579 0.234336 0.112030
 0.756140 0.000660 44.711779 62.418546 0.000576 0.004722 0.001375 24.097744 10.827068 3.120301 29.022556 27.192982 0.671930 0.106015 0.021504 0.084662 0.212782 0.498496 0.608772 0.474436 0.383709 0.318421
 0.536842 0.001484 53.132832 63.521303 0.000233 0.008895 0.001316 19.248120 18.458647 9.887218 13.233083 21.842105 0.243860 0.300501 0.030777 0.107719 0.257895 0.248872 0.721053 0.603759 0.366667 0.403008
 0.471930 0.001070 73.082707 73.446115 0.000483 0.004293 0.001337 10.714286 17.969925 7.676692 23.609023 11.491228 0.315789 0.266416 0.045564 0.091178 0.119549 0.232331 0.389474 0.480451 0.498997 0.259774
 0.614035 0.001526 67.869674 58.358396 0.000438 0.006030 0.000368 24.022556 13.984962 3.571429 9.511278 38.596491 0.285965 0.481955 0.094436 0.101203 0.531579 0.271429 0.412281 0.641353 0.415789 0.269925
 0.456140 0.000846 76.791980 62.669173 0.000305 0.003662 0.000456 21.240602 20.037594 2.736842 13.796992 33.421053 0.617544 0.459900 0.035038 0.055589 0.406767 0.313534 0.100000 0.677444 0.464912 0.439098
 0.740351 0.001533 70.375940 60.513784 0.000474 0.003346 0.000211 22.819549 17.105263 4.406015 6.804511 7.894737 0.333333 0.462907 0.040050 0.046065 0.313534 0.515038 0.489474 0.504511 0.225313 0.324060
 0.428070 0.000404 54.736842 70.538847 0.000847 0.007835 0.000863 14.323308 19.924812 7.609023 10.300752 14.122807 0.675439 0.271429 0.072882 0.117995 0.534586 0.427820 0.575439 0.295489 0.493985 0.273308
 0.189474 0.000523 43.809524 58.558897 0.000608 0.008827 0.001154 21.052632 11.917293 7.563910 33.082707 33.859649 0.275439 0.314536 0.107218 0.022256 0.184211 0.674436 0.178947 0.528571 0.193233 0.240602
 0.233333 0.000800 60.350877 74.197995 0.000251 0.007361 0.000344 12.518797 22.857143 6.233083 25.751880 8.070175 0.621053 0.276441 0.082657 0.105965 0.426316 0.648872 0.171930 0.684962 0.132080 0.106391
 0.177193 0.001382 46.215539 60.112782 0.000531 0.004271 0.001551 24.624060 15.112782 2.624060 31.052632 32.017544 0.356140 0.240351 0.034035 0.033784 0.487970 0.397744 0.321053 0.481955 0.451880 0.114286
 0.300000 0.000379 59.147870 59.912281 0.000858 0.002421 0.000839 22.406015 22.669173 5.691729 31.390977 27.017544 0.303509 0.115038 0.052832 0.062356 0.630827 0.202256 0.649123 0.330075 0.441855 0.451504
 0.196491 0.001404 68.070175 56.152882 0.000217 0.008556 0.001182 22.368421 21.240602 4.473684 12.556391 28.157895 0.428070 0.142105 0.052331 0.043308 0.152632 0.531579 0.566667 0.211278 0.442857 0.274436
 0.431579 0.000389 53.032581 74.047619 0.000515 0.005241 0.001372 10.300752 11.503759 1.293233 20.112782 6.052632 0.612281 0.171178 0.076642 0.104211 0.493985 0.143609 0.559649 0.515038 0.465915 0.365789
 0.585965 0.001235 43.609023 65.576441 0.000756 0.008038 0.001533 24.774436 11.616541 6.616541 14.586466 14.912281 0.117544 0.399749 0.065363 0.077393 0.617293 0.462406 0.708772 0.349624 0.398747 0.433459
 0.592982 0.001547 62.957393 64.974937 0.000549 0.005985 0.000540 10.789474 21.879699 1.744361 46.165414 29.122807 0.438596 0.267419 0.058596 0.119248 0.504511 0.546617 0.136842 0.115038 0.454887 0.352256
 0.747368 0.000621 53.834586 72.794486 0.000677 0.005737 0.001053 16.127820 24.586466 2.872180 17.293233 11.403509 0.771930 0.156140 0.053835 0.081905 0.596241 0.187218 0.577193 0.272932 0.170175 0.480827
 0.119298 0.000544 45.213033 73.245614 0.000436 0.009526 0.001340 12.969925 22.067669 8.736842 28.233083 24.649123 0.649123 0.189223 0.074386 0.060100 0.423308 0.633835 0.429825 0.205263 0.151128 0.152632
 0.445614 0.000884 61.754386 60.563910 0.000267 0.004316 0.000432 23.120301 22.781955 5.240602 39.962406 25.087719 0.591228 0.287469 0.031278 0.038546 0.312030 0.167669 0.766667 0.373684 0.178195 0.292481
 0.757895 0.000200 63.458647 73.045113 0.000720 0.001045 0.000435 18.157895 19.323308 3.323308 45.150376 14.736842 0.364912 0.110025 0.063860 0.061604 0.211278 0.555639 0.215789 0.215789 0.168170 0.317293
 0.796491 0.000849 54.035088 72.042607 0.000344 0.008805 0.000558 19.323308 15.601504 1.947368 33.195489 5.263158 0.410526 0.289474 0.115238 0.063860 0.612782 0.224812 0.696491 0.327068 0.253383 0.446992
 0.591228 0.000386 79.598997 62.969925 0.000490 0.001677 0.000877 21.578947 24.022556 9.413534 23.947368 11.228070 0.119298 0.394737 0.054085 0.056341 0.373684 0.478947 0.135088 0.591729 0.470927 0.310526
 0.326316 0.000937 77.994987 67.230576 0.000520 0.006143 0.000365 19.962406 21.578947 3.954887 8.270677 39.035088 0.398246 0.422807 0.055338 0.105213 0.381203 0.149624 0.666667 0.445865 0.167168 0.377068
 0.582456 0.000811 65.664160 72.844612 0.000235 0.005579 0.001011 23.308271 13.195489 9.796992 20.000000 28.596491 0.647368 0.290476 0.037043 0.037544 0.632331 0.263910 0.585965 0.405263 0.118045 0.328571
 0.640351 0.000975 69.674185 60.162907 0.000601 0.003526 0.001491 23.496241 13.007519 1.631579 26.090226 24.824561 0.164912 0.380702 0.041303 0.058095 0.663910 0.615789 0.115789 0.678947 0.387719 0.285714
 0.615789 0.000979 67.669173 60.363409 0.000921 0.007654 0.001084 22.556391 22.368421 1.834586 37.593985 13.333333 0.200000 0.208271 0.041554 0.075890 0.236842 0.289474 0.782456 0.602256 0.129073 0.066917
 0.510526 0.000733 40.300752 67.681704 0.000109 0.007451 0.001042 17.255639 17.406015 1.090226 39.060150 14.385965 0.294737 0.387719 0.042807 0.115990 0.100000 0.175188 0.503509 0.427820 0.485965 0.295865
 0.121053 0.001586 56.441103 65.626566 0.000269 0.005624 0.000993 24.699248 18.909774 5.488722 29.812030 15.964912 0.463158 0.496992 0.112732 0.098446 0.296992 0.238346 0.428070 0.689474 0.349624 0.497744
 0.792982 0.001575 79.097744 64.122807 0.000950 0.005669 0.001028 19.360902 12.030075 7.631579 50.000000 22.280702 0.335088 0.412782 0.094937 0.023008 0.438346 0.423308 0.470175 0.531579 0.391729 0.500000
 0.380702 0.000361 57.443609 66.428571 0.000745 0.003977 0.001004 17.142857 17.368421 5.308271 38.157895 36.052632 0.233333 0.167168 0.020752 0.091930 0.158647 0.459398 0.231579 0.388722 0.304511 0.121053
 0.649123 0.001049 76.491228 62.318296 0.000989 0.008850 0.000474 19.586466 15.263158 2.172932 35.225564 23.771930 0.643860 0.166165 0.102456 0.060852 0.463910 0.570677 0.368421 0.486466 0.327569 0.158271
 0.266667 0.001375 64.360902 69.887218 0.000262 0.006414 0.000347 23.684211 21.729323 9.842105 29.699248 33.070175 0.314035 0.163158 0.101704 0.088922 0.271429 0.321053 0.249123 0.665414 0.173183 0.311654
 0.763158 0.000214 58.847118 61.666667 0.000161 0.003594 0.001046 20.563910 24.511278 6.593985 12.781955 7.192982 0.622807 0.264411 0.030276 0.062857 0.689474 0.651880 0.550877 0.408271 0.399749 0.461654
 0.305263 0.001312 52.130326 56.253133 0.000409 0.008534 0.000719 19.812030 12.067669 2.556391 9.172932 20.350877 0.777193 0.157143 0.059850 0.057343 0.524060 0.100000 0.170175 0.274436 0.248371 0.249624
 0.710526 0.000561 56.240602 64.323308 0.000145 0.006075 0.000933 10.563910 19.060150 9.436090 44.924812 17.543860 0.603509 0.263409 0.070627 0.035038 0.328571 0.575188 0.343860 0.457895 0.180201 0.357895
 0.321053 0.000470 67.268170 63.872180 0.000477 0.009278 0.000547 13.007519 20.225564 5.827068 48.984962 11.315789 0.338596 0.466917 0.111228 0.094937 0.462406 0.281955 0.287719 0.533083 0.360652 0.369173
 0.605263 0.001032 53.533835 64.172932 0.000127 0.001271 0.001474 10.225564 10.338346 4.857143 47.518797 23.596491 0.352632 0.339599 0.070877 0.099198 0.687970 0.414286 0.238596 0.545113 0.187218 0.407519
 0.270175 0.001435 61.854637 69.185464 0.000359 0.009977 0.000414 22.669173 19.022556 4.180451 36.691729 37.192982 0.784211 0.384712 0.060100 0.028271 0.385714 0.596241 0.571930 0.241353 0.268421 0.132331
 0.554386 0.000832 57.243108 69.686717 0.000280 0.005421 0.001109 16.503759 12.593985 7.157895 16.842105 12.982456 0.652632 0.172180 0.067870 0.057594 0.283459 0.101504 0.119298 0.659398 0.295489 0.095113
 0.415789 0.001316 67.769424 67.531328 0.000321 0.007632 0.000779 23.082707 21.541353 6.255639 22.030075 21.491228 0.345614 0.486967 0.067118 0.085414 0.627820 0.504511 0.391228 0.687970 0.149123 0.188722
 0.207018 0.000902 46.716792 71.290727 0.000195 0.003053 0.001523 18.045113 20.864662 1.135338 21.804511 31.403509 0.764912 0.349624 0.028271 0.040301 0.115038 0.221805 0.314035 0.660902 0.265414 0.206767
 0.108772 0.001196 73.283208 73.997494 0.000517 0.003820 0.001404 19.774436 20.563910 3.052632 12.894737 5.701754 0.368421 0.309524 0.026266 0.103709 0.118045 0.460902 0.400000 0.131579 0.194236 0.222556
 0.701754 0.000818 71.278195 61.416040 0.000238 0.004383 0.000940 13.571429 17.481203 9.165414 28.796992 24.385965 0.366667 0.451880 0.105464 0.110476 0.516541 0.638346 0.131579 0.582707 0.439850 0.346617
 0.236842 0.001175 57.844612 70.438596 0.000461 0.007722 0.001186 12.067669 12.368421 9.932331 43.458647 18.947368 0.426316 0.367669 0.039298 0.065363 0.200752 0.182707 0.694737 0.158647 0.148120 0.331955
 0.612281 0.000656 45.012531 67.631579 0.000556 0.001429 0.001544 18.759398 15.751880 8.150376 34.436090 5.175439 0.175439 0.133083 0.041053 0.080652 0.692481 0.233835 0.573684 0.253383 0.411779 0.258647
 0.692982 0.001379 74.285714 70.488722 0.000998 0.005805 0.000526 18.345865 21.015038 9.706767 40.075188 6.842105 0.682456 0.285464 0.082406 0.021253 0.528571 0.519549 0.414035 0.357143 0.140100 0.077068
 0.138596 0.000249 69.573935 71.691729 0.000867 0.007293 0.001449 18.421053 18.308271 7.180451 22.142857 33.684211 0.115789 0.238346 0.046817 0.086667 0.545113 0.375188 0.110526 0.145113 0.230326 0.387218
 0.264912 0.001046 77.894737 59.210526 0.000102 0.003233 0.000418 22.067669 20.413534 10.000000 42.781955 25.000000 0.710526 0.251378 0.096942 0.026266 0.265414 0.217293 0.533333 0.561654 0.382707 0.061278
 0.356140 0.001523 66.766917 74.097744 0.000224 0.001654 0.001446 14.511278 15.187970 3.187970 24.849624 12.105263 0.494737 0.226316 0.111980 0.038797 0.415789 0.581203 0.700000 0.609774 0.169173 0.193233
 0.535088 0.001168 45.614035 71.140351 0.000589 0.007045 0.000505 22.481203 12.218045 7.654135 18.421053 31.754386 0.605263 0.461905 0.048822 0.021754 0.533083 0.665414 0.552632 0.484962 0.413784 0.356767
 0.759649 0.000400 51.127820 60.664160 0.000729 0.009368 0.000544 12.218045 22.142857 2.150376 46.616541 12.543860 0.750877 0.154135 0.052581 0.078396 0.420301 0.630827 0.198246 0.587218 0.409774 0.306015
 0.433333 0.000375 54.335840 57.957393 0.000903 0.007609 0.000674 11.879699 11.015038 5.466165 26.654135 35.877193 0.694737 0.302506 0.045815 0.029023 0.309023 0.608271 0.454386 0.203759 0.440852 0.209023
 0.487719 0.000604 44.210526 68.283208 0.000540 0.002128 0.000235 13.909774 18.270677 9.729323 9.398496 22.192982 0.152632 0.410777 0.078145 0.050326 0.629323 0.457895 0.685965 0.296992 0.346617 0.272180
 0.780702 0.000358 47.418546 66.077694 0.000452 0.006842 0.001060 23.007519 20.375940 3.887218 25.639098 26.578947 0.721053 0.378697 0.048571 0.028521 0.394737 0.197744 0.464912 0.298496 0.461905 0.415414
 0.457895 0.000396 41.303258 58.659148 0.000639 0.006932 0.000284 11.353383 16.015038 6.210526 14.473684 10.438596 0.684211 0.366667 0.071629 0.100201 0.157143 0.287970 0.492982 0.315038 0.206266 0.336466
 0.728070 0.001204 59.849624 72.944862 0.000585 0.004812 0.000737 13.233083 19.210526 2.060150 49.210526 7.105263 0.736842 0.389724 0.041805 0.085163 0.418797 0.441353 0.328070 0.624812 0.496992 0.471805
 0.245614 0.000277 44.912281 67.982456 0.000811 0.006008 0.001572 11.127820 17.932331 5.984962 36.127820 31.666667 0.171930 0.221303 0.074637 0.074135 0.319549 0.554135 0.242105 0.636842 0.114035 0.498872
 0.103509 0.000474 50.626566 69.636591 0.000350 0.003842 0.000575 20.902256 10.225564 9.864662 36.353383 38.070175 0.666667 0.383709 0.032782 0.057845 0.421805 0.396241 0.185965 0.104511 0.231328 0.368045
 0.459649 0.000972 63.358396 66.127820 0.000116 0.001564 0.001049 19.661654 19.097744 6.639098 23.045113 9.210526 0.359649 0.470927 0.110476 0.049825 0.566165 0.283459 0.768421 0.400752 0.341604 0.361278
 0.231579 0.000414 40.601504 61.566416 0.000423 0.007677 0.001425 12.406015 17.744361 2.827068 6.240602 5.526316 0.712281 0.478947 0.079148 0.084411 0.345113 0.336090 0.175439 0.686466 0.121053 0.211278
 0.307018 0.000789 47.819549 66.378446 0.000544 0.004474 0.001200 10.451128 14.210526 2.398496 13.007519 31.228070 0.792982 0.377694 0.082155 0.090927 0.169173 0.588722 0.254386 0.260902 0.361654 0.065789
 0.738596 0.000309 68.471178 57.456140 0.000395 0.006571 0.000881 24.135338 16.127820 6.661654 37.706767 30.701754 0.257895 0.405764 0.114737 0.082155 0.642857 0.689474 0.373684 0.194737 0.247368 0.181955
 0.215789 0.000989 71.679198 59.110276 0.000826 0.005083 0.000832 18.872180 15.864662 7.428571 24.398496 16.578947 0.782456 0.444862 0.069123 0.074887 0.160150 0.551128 0.105263 0.149624 0.238346 0.277820
 0.371930 0.000253 65.463659 63.170426 0.000179 0.007496 0.000512 19.924812 15.300752 9.571429 31.278195 36.842105 0.194737 0.305514 0.022005 0.042306 0.573684 0.385714 0.591228 0.112030 0.197243 0.145865
 0.496491 0.001456 74.385965 63.922306 0.000308 0.009820 0.000253 12.781955 21.090226 8.195489 26.315789 20.614035 0.191228 0.212281 0.067368 0.070877 0.303008 0.199248 0.396491 0.581203 0.438847 0.404135
 0.517544 0.001400 51.829574 71.591479 0.000143 0.005038 0.000705 13.496241 18.421053 9.210526 8.496241 38.771930 0.210526 0.253383 0.085163 0.090175 0.366165 0.220301 0.317544 0.170677 0.364662 0.289098
 0.736842 0.000863 50.927318 64.874687 0.000876 0.002218 0.001407 12.368421 19.736842 6.052632 8.947368 38.859649 0.703509 0.327569 0.056090 0.080902 0.433835 0.254887 0.631579 0.509023 0.108020 0.453759
 0.273684 0.001053 74.987469 71.992481 0.000928 0.008782 0.001456 15.864662 13.909774 8.624060 43.684211 18.070175 0.349123 0.404762 0.043058 0.097945 0.151128 0.528571 0.224561 0.557143 0.213283 0.116541
 0.205263 0.001214 64.260652 57.355890 0.000488 0.002489 0.000632 22.857143 12.142857 3.210526 5.789474 18.771930 0.628070 0.329574 0.094185 0.077644 0.454887 0.621805 0.485965 0.617293 0.223308 0.223684
 0.743860 0.000698 55.338346 72.644110 0.000220 0.008872 0.000484 14.812030 19.248120 3.368421 10.977444 5.877193 0.317544 0.124060 0.053584 0.020251 0.384211 0.542105 0.356140 0.570677 0.222306 0.075940
 0.361404 0.001284 41.403509 61.315789 0.000138 0.001000 0.001256 23.984962 19.360902 5.917293 31.165414 12.631579 0.678947 0.186216 0.081654 0.079148 0.254887 0.145113 0.796491 0.154135 0.450877 0.207895
 0.194737 0.000951 64.661654 63.771930 0.000594 0.007068 0.000653 20.375940 16.466165 8.082707 15.827068 19.736842 0.543860 0.197243 0.101454 0.055088 0.286466 0.172180 0.724561 0.301504 0.421805 0.373684
 0.131579 0.000611 45.413534 71.541353 0.000664 0.009594 0.000793 21.766917 21.616541 9.120301 44.248120 25.964912 0.350877 0.373684 0.091679 0.119749 0.229323 0.337594 0.714035 0.209774 0.374687 0.424436
 0.217544 0.001509 49.523810 59.461153 0.000995 0.008917 0.001246 10.939850 13.872180 7.699248 40.751880 25.263158 0.331579 0.362657 0.098446 0.116742 0.480451 0.509023 0.307018 0.680451 0.310526 0.250752
 0.608772 0.001154 56.340852 62.619048 0.000231 0.008398 0.001288 23.571429 15.789474 3.278195 47.406015 20.964912 0.405263 0.479950 0.080902 0.104712 0.608271 0.226316 0.300000 0.128571 0.486967 0.220301
 0.549123 0.000488 41.102757 58.007519 0.000695 0.007541 0.001442 20.676692 16.578947 8.488722 24.624060 11.754386 0.791228 0.351629 0.047318 0.096441 0.483459 0.611278 0.512281 0.303008 0.152130 0.308271
 0.564912 0.000758 51.929825 68.182957 0.000283 0.003504 0.000218 15.563910 16.353383 2.691729 30.375940 10.701754 0.663158 0.225313 0.078396 0.065865 0.654887 0.600752 0.112281 0.370677 0.342607 0.298120
 0.596491 0.000288 56.842105 56.704261 0.000215 0.001812 0.000684 23.646617 13.721805 5.082707 47.969925 33.157895 0.549123 0.158145 0.070125 0.025263 0.486466 0.563158 0.405263 0.340602 0.317544 0.172932
 0.626316 0.001239 65.363409 68.533835 0.000335 0.007316 0.001519 10.526316 17.781955 7.586466 35.563910 35.175439 0.103509 0.153133 0.106216 0.031529 0.175188 0.692481 0.382456 0.148120 0.432832 0.449248
 0.145614 0.001488 44.812030 62.167920 0.000425 0.009008 0.000579 21.691729 17.255639 4.879699 8.157895 32.368421 0.640351 0.442857 0.090677 0.114236 0.154135 0.579699 0.184211 0.626316 0.286466 0.232707
 0.287719 0.001161 59.047619 59.761905 0.000398 0.005827 0.000407 12.669173 19.473684 1.203008 40.526316 39.649123 0.529825 0.476942 0.092682 0.114737 0.569173 0.606767 0.749123 0.142105 0.345614 0.151504
 0.110526 0.000786 54.536341 63.721805 0.000860 0.006820 0.000453 10.827068 20.000000 8.015038 12.443609 35.000000 0.726316 0.109023 0.085915 0.049073 0.512030 0.307519 0.584211 0.376692 0.145113 0.465038
 0.531579 0.001126 49.323308 60.413534 0.000118 0.006729 0.001032 11.729323 14.736842 5.736842 38.496241 15.350877 0.214035 0.376692 0.035288 0.073383 0.364662 0.597744 0.624561 0.220301 0.466917 0.360150
 0.450877 0.000582 48.621554 63.120301 0.000317 0.009120 0.001119 14.699248 24.624060 7.496241 29.135338 14.035088 0.457895 0.293484 0.087419 0.110977 0.218797 0.444361 0.698246 0.644361 0.112030 0.335338
 0.156140 0.000705 75.989975 69.285714 0.000705 0.007135 0.001126 12.105263 19.398496 4.270677 30.939850 7.719298 0.168421 0.176190 0.025764 0.103208 0.618797 0.379699 0.759649 0.566165 0.217293 0.454887
 0.789474 0.000909 72.180451 74.298246 0.000375 0.002286 0.000593 19.022556 11.992481 1.812030 15.601504 31.140351 0.552632 0.178195 0.077895 0.070627 0.606767 0.645865 0.540351 0.193233 0.401754 0.141353
 0.621053 0.000723 76.090226 59.862155 0.000734 0.001925 0.000800 16.842105 13.571429 8.646617 21.127820 36.929825 0.496491 0.143108 0.080652 0.118246 0.680451 0.346617 0.147368 0.543609 0.153133 0.160526
 0.707018 0.001453 71.578947 71.791980 0.000312 0.002195 0.000730 13.834586 18.721805 6.571429 7.481203 32.543860 0.596491 0.477945 0.057093 0.041554 0.611278 0.170677 0.442105 0.155639 0.258396 0.428947
 0.566667 0.001502 49.724311 66.779449 0.000880 0.007519 0.001074 14.022556 20.902256 8.172932 5.902256 19.561404 0.431579 0.284461 0.093684 0.115238 0.142105 0.501504 0.219298 0.666917 0.315539 0.080451
 0.787719 0.001540 50.726817 65.476190 0.000707 0.008241 0.001239 21.203008 12.255639 5.804511 29.248120 19.473684 0.236842 0.454887 0.045063 0.109474 0.244361 0.490977 0.180702 0.460902 0.312531 0.195489
 0.333333 0.001225 72.982456 58.759398 0.000991 0.008985 0.000789 10.676692 22.218045 5.172932 26.879699 33.508772 0.205263 0.181203 0.034787 0.051078 0.633835 0.304511 0.800000 0.169173 0.227318 0.078195
 0.331579 0.001386 57.543860 63.822055 0.000777 0.009301 0.000404 16.578947 16.090226 3.977444 5.225564 32.719298 0.766667 0.296491 0.046566 0.050576 0.127068 0.324060 0.636842 0.418797 0.122055 0.204511
 0.335088 0.000716 59.448622 55.952381 0.000892 0.005286 0.000747 14.360902 18.082707 8.781955 44.699248 7.631579 0.421053 0.159148 0.071378 0.080150 0.412782 0.348120 0.561404 0.343609 0.120050 0.127820
 0.654386 0.001330 78.997494 68.684211 0.000400 0.005173 0.000551 20.714286 12.706767 4.067669 14.248120 38.157895 0.477193 0.206266 0.075639 0.087920 0.256391 0.448872 0.163158 0.310526 0.463910 0.460526
 0.515789 0.001267 71.478697 72.343358 0.000481 0.007338 0.000561 16.052632 10.789474 2.127820 22.255639 7.017544 0.743860 0.297494 0.103709 0.027519 0.360150 0.146617 0.122807 0.185714 0.270426 0.266541
 0.192982 0.001021 53.333333 56.102757 0.000937 0.002827 0.001095 20.000000 19.887218 9.323308 33.759398 16.228070 0.547368 0.492982 0.112982 0.069373 0.490977 0.690977 0.542105 0.239850 0.473935 0.246241
 0.622807 0.000737 75.789474 61.766917 0.000499 0.004406 0.001158 15.187970 16.992481 3.751880 31.729323 34.473684 0.178947 0.395739 0.036541 0.049574 0.106015 0.438346 0.545614 0.653383 0.497995 0.239474
 0.735088 0.001186 44.411028 68.984962 0.000689 0.004835 0.000796 21.879699 15.827068 5.285714 24.736842 5.000000 0.735088 0.390727 0.114987 0.092682 0.638346 0.650376 0.259649 0.152632 0.165163 0.149248
 0.382456 0.001572 45.814536 57.205514 0.000168 0.006323 0.001077 18.609023 11.165414 5.443609 21.353383 32.982456 0.268421 0.101003 0.109975 0.076391 0.372180 0.125564 0.557895 0.214286 0.226316 0.156015
 0.647368 0.000565 63.659148 56.203008 0.000711 0.009233 0.001411 18.984962 23.759398 4.451128 28.571429 27.543860 0.435088 0.218296 0.046316 0.113484 0.696992 0.417293 0.196491 0.345113 0.236341 0.142481
 0.429825 0.001109 68.671679 58.308271 0.000456 0.006165 0.001165 18.834586 23.496241 2.037594 35.000000 23.508772 0.692982 0.446867 0.113484 0.064361 0.594737 0.352632 0.326316 0.287970 0.115038 0.456015
 0.329825 0.000961 55.137845 74.448622 0.000675 0.008466 0.001056 12.180451 14.962406 3.030075 36.804511 21.754386 0.401754 0.469925 0.096692 0.100952 0.614286 0.471429 0.736842 0.411278 0.190226 0.338722
 0.715789 0.000568 79.398496 74.398496 0.000700 0.004248 0.000926 23.609023 12.293233 8.984962 20.338346 24.561404 0.282456 0.198246 0.065865 0.063609 0.555639 0.251880 0.436842 0.620301 0.420802 0.143609
 0.117544 0.001270 42.606516 62.067669 0.000463 0.002466 0.000867 15.902256 17.142857 4.135338 30.827068 29.210526 0.580702 0.274436 0.028521 0.031779 0.307519 0.215789 0.129825 0.393233 0.358647 0.478571
 0.166667 0.001221 74.887218 59.260652 0.000648 0.005308 0.000870 13.308271 13.533835 5.015038 33.646617 23.245614 0.287719 0.129073 0.085414 0.097193 0.432331 0.663910 0.508772 0.202256 0.482957 0.372556
 0.212281 0.001246 71.077694 55.300752 0.001000 0.002602 0.000691 22.706767 20.526316 6.481203 42.105263 23.859649 0.482456 0.192231 0.103208 0.022757 0.495489 0.653383 0.745614 0.554135 0.301504 0.055639
 0.731579 0.000204 60.250627 60.764411 0.000443 0.008624 0.000596 13.984962 23.120301 8.466165 7.142857 13.157895 0.556140 0.100000 0.119499 0.063108 0.155639 0.333083 0.329825 0.675940 0.175188 0.091729
 0.729825 0.000284 65.563910 65.125313 0.000242 0.002241 0.000239 17.218045 24.887218 7.338346 45.601504 7.982456 0.326316 0.346617 0.071880 0.112481 0.196241 0.322556 0.743860 0.328571 0.472932 0.339850
 0.278947 0.001179 63.558897 64.573935 0.000752 0.005105 0.000961 18.195489 20.639098 6.075188 48.195489 5.438596 0.589474 0.170175 0.038546 0.037043 0.668421 0.432331 0.182456 0.256391 0.467920 0.432331
 0.466667 0.000337 70.977444 68.082707 0.000804 0.001744 0.001102 11.654135 25.000000 2.195489 37.932331 17.017544 0.445614 0.364662 0.080150 0.039549 0.247368 0.695489 0.417544 0.465414 0.205263 0.427820
 0.257895 0.000635 61.553885 58.208020 0.000655 0.007902 0.001421 11.992481 21.503759 9.503759 38.383459 21.403509 0.717544 0.308521 0.117744 0.112732 0.214286 0.639850 0.466667 0.325564 0.290476 0.059023
 0.650877 0.000491 41.604010 57.606516 0.000197 0.006368 0.000389 15.413534 24.812030 3.864662 41.992481 39.824561 0.201754 0.343609 0.038296 0.048822 0.277444 0.567669 0.352632 0.354135 0.379699 0.069173
 0.164912 0.000726 70.576441 65.025063 0.000691 0.002940 0.000572 11.090226 10.526316 6.774436 17.857143 34.561404 0.264912 0.260401 0.037794 0.082907 0.263910 0.360150 0.789474 0.430827 0.252381 0.313910
 0.677193 0.000498 73.884712 67.380952 0.000646 0.001992 0.001014 24.172932 21.278195 5.150376 41.315789 23.421053 0.203509 0.278446 0.050576 0.044561 0.693985 0.472932 0.138596 0.382707 0.139098 0.228195
 0.319298 0.001512 47.919799 74.699248 0.000626 0.005850 0.000891 20.300752 11.466165 8.691729 35.338346 13.859649 0.112281 0.374687 0.072381 0.087168 0.224812 0.196241 0.773684 0.238346 0.471930 0.237218
 0.678947 0.001063 45.914787 57.706767 0.000914 0.006910 0.000807 15.714286 15.000000 7.022556 15.939850 5.350877 0.419298 0.222306 0.089925 0.038045 0.582707 0.181203 0.475439 0.342105 0.161153 0.479699
 0.149123 0.000898 75.187970 66.729323 0.000736 0.008308 0.001330 10.187970 23.909774 4.518797 45.714286 23.070175 0.685965 0.325564 0.104211 0.021003 0.342105 0.454887 0.596491 0.403759 0.384712 0.050000
 0.492982 0.000312 48.320802 55.200501 0.000432 0.003774 0.001218 13.082707 14.473684 8.398496 33.421053 32.894737 0.371930 0.456892 0.102957 0.111479 0.591729 0.469925 0.498246 0.546617 0.109023 0.104135
 0.143860 0.001035 53.934837 72.092732 0.000382 0.005489 0.000656 14.548872 10.187970 5.849624 6.466165 9.561404 0.145614 0.472932 0.035539 0.042055 0.325564 0.400752 0.771930 0.435338 0.137093 0.216917
 0.561404 0.000965 47.719298 69.035088 0.000107 0.006662 0.000288 12.744361 12.744361 7.135338 36.917293 25.438596 0.559649 0.388722 0.119749 0.032281 0.527068 0.184211 0.350877 0.197744 0.376692 0.389474
 0.624561 0.000537 78.395990 64.674185 0.000587 0.008714 0.001516 24.360902 19.962406 2.962406 45.037594 30.087719 0.708772 0.265414 0.027268 0.061103 0.653383 0.316541 0.336842 0.633835 0.362657 0.399624
 0.385965 0.000575 76.992481 74.147870 0.000768 0.008060 0.000477 16.992481 15.714286 8.827068 18.195489 38.245614 0.128070 0.436842 0.054837 0.022506 0.578195 0.334586 0.331579 0.429323 0.279449 0.287970
 0.182456 0.000439 72.481203 69.786967 0.000856 0.002444 0.000488 19.210526 18.233083 7.518797 46.729323 12.368421 0.524561 0.255388 0.074135 0.034286 0.193233 0.106015 0.410526 0.674436 0.243358 0.128947
 0.473684 0.001481 58.045113 72.192982 0.000391 0.005195 0.001568 17.744361 11.315789 4.969925 35.902256 36.666667 0.526316 0.483960 0.116992 0.052832 0.498496 0.244361 0.443860 0.669925 0.337594 0.278947
 0.754386 0.000958 44.511278 59.611529 0.000535 0.004970 0.000761 10.413534 24.661654 8.714286 45.488722 19.649123 0.387719 0.434837 0.098697 0.087419 0.205263 0.154135 0.507018 0.519549 0.489975 0.470677
 0.691228 0.000772 48.220551 66.879699 0.000786 0.004338 0.000758 23.759398 14.360902 7.112782 32.518797 15.175439 0.131579 0.217293 0.042556 0.100451 0.686466 0.659398 0.226316 0.521053 0.407769 0.107519
 0.512281 0.000719 64.461153 58.859649 0.000930 0.008173 0.001221 17.706767 24.060150 9.751880 31.954887 9.473684 0.489474 0.237343 0.083659 0.035789 0.378195 0.624812 0.315789 0.290977 0.136090 0.487594
 0.440351 0.000954 43.208020 60.964912 0.000407 0.003910 0.001035 23.195489 15.150376 6.007519 14.924812 23.157895 0.340351 0.125063 0.068622 0.082657 0.178195 0.599248 0.168421 0.122556 0.491980 0.118797
 0.180702 0.000912 66.466165 64.523810 0.000447 0.006301 0.000702 13.195489 12.932331 1.338346 21.691729 10.263158 0.271930 0.160150 0.061103 0.116241 0.468421 0.158647 0.526316 0.629323 0.294486 0.089474
 0.724561 0.000526 68.170426 73.195489 0.000105 0.008083 0.001000 13.684211 18.496241 8.804511 8.609023 20.701754 0.740351 0.114035 0.054336 0.065614 0.208271 0.593233 0.710526 0.292481 0.433835 0.275564
 0.721053 0.000926 68.270677 56.403509 0.000256 0.005353 0.000768 18.233083 24.699248 1.563910 11.428571 26.666667 0.531579 0.350627 0.108972 0.039048 0.245865 0.300000 0.221053 0.116541 0.457895 0.489850
 0.571930 0.001039 43.007519 67.130326 0.000156 0.006617 0.000242 17.894737 14.022556 8.285714 34.097744 18.596491 0.363158 0.365664 0.103960 0.093684 0.521053 0.662406 0.775439 0.681955 0.185213 0.168421
 0.161404 0.000453 43.107769 65.776942 0.000380 0.005444 0.000340 19.624060 20.075188 5.127820 22.481203 28.947368 0.728070 0.457895 0.088922 0.058847 0.683459 0.286466 0.263158 0.569173 0.431830 0.436842
 0.140351 0.000228 40.902256 72.994987 0.000506 0.001519 0.000775 11.766917 13.345865 2.353383 38.045113 16.491228 0.226316 0.249373 0.078897 0.114486 0.472932 0.680451 0.687719 0.536090 0.186216 0.364662
 0.401754 0.000586 70.676692 62.268170 0.000770 0.007000 0.000888 24.887218 19.548872 3.255639 22.706767 30.526316 0.142105 0.118045 0.094687 0.058596 0.101504 0.185714 0.207018 0.339098 0.245363 0.422180
 0.698246 0.000246 76.892231 71.491228 0.000865 0.002173 0.000502 22.631579 22.518797 5.375940 20.225564 30.438596 0.484211 0.258396 0.093183 0.098195 0.351128 0.424812 0.675439 0.306015 0.416792 0.254135
 0.240351 0.001354 55.238095 71.892231 0.000562 0.001406 0.001596 13.947368 14.135338 6.165414 5.676692 8.684211 0.700000 0.340602 0.087168 0.105464 0.163158 0.666917 0.717544 0.283459 0.267419 0.210150
 0.412281 0.000632 71.177945 67.180451 0.000486 0.005398 0.000909 22.443609 10.751880 1.766917 11.090226 39.473684 0.464912 0.215288 0.072632 0.079649 0.444361 0.116541 0.677193 0.447368 0.328571 0.063534
 0.277193 0.000372 68.771930 55.751880 0.000725 0.002038 0.001175 10.977444 23.383459 1.789474 49.887218 20.789474 0.577193 0.184211 0.035789 0.118997 0.453383 0.296992 0.384211 0.412782 0.191228 0.200000
 0.752632 0.001165 55.739348 68.032581 0.000982 0.001947 0.000256 17.105263 18.383459 3.007519 17.067669 22.543860 0.301754 0.190226 0.090426 0.098697 0.477444 0.136090 0.378947 0.367669 0.453885 0.476316
 0.503509 0.000411 64.160401 69.085213 0.000637 0.001767 0.000919 13.045113 21.766917 5.759398 10.187970 16.315789 0.289474 0.316541 0.113734 0.115739 0.581203 0.486466 0.622807 0.124060 0.176190 0.176316
 0.508772 0.000653 73.583960 61.215539 0.000152 0.009053 0.000614 16.315789 16.503759 5.060150 30.601504 35.701754 0.217544 0.317544 0.040802 0.114987 0.471429 0.372180 0.294737 0.293985 0.444862 0.256391
 0.378947 0.001439 71.378446 69.736842 0.000414 0.009391 0.001207 21.015038 13.157895 4.699248 39.172932 20.175439 0.656140 0.336591 0.099198 0.113233 0.390226 0.521053 0.103509 0.139098 0.292481 0.445865
 0.384211 0.001211 65.062657 62.368421 0.000147 0.005331 0.000232 24.285714 12.857143 7.000000 36.578947 29.473684 0.107018 0.252381 0.040551 0.034536 0.310526 0.420301 0.600000 0.262406 0.492982 0.474060
 0.712281 0.001207 79.799499 63.972431 0.000932 0.004564 0.000982 18.007519 19.436090 4.248120 25.300752 30.000000 0.129825 0.250376 0.050326 0.040802 0.656391 0.456391 0.740351 0.462406 0.158145 0.450376
 0.252632 0.001498 77.593985 68.634085 0.000592 0.007429 0.000411 14.586466 24.135338 7.067669 42.894737 17.280702 0.500000 0.307519 0.114236 0.115489 0.128571 0.684962 0.370175 0.206767 0.397744 0.384962
 0.578947 0.000512 60.952381 70.739348 0.000339 0.004068 0.000207 20.601504 21.165414 7.812030 7.030075 7.543860 0.177193 0.484962 0.033033 0.109975 0.248872 0.453383 0.377193 0.489474 0.228321 0.477444
 0.494737 0.000821 69.373434 60.614035 0.000853 0.005692 0.001386 22.180451 12.631579 9.030075 40.187970 39.561404 0.121053 0.204261 0.105714 0.102957 0.179699 0.214286 0.664912 0.534586 0.455890 0.307143
 0.485965 0.001351 60.651629 75.000000 0.000680 0.002692 0.001418 11.804511 22.255639 6.706767 49.548872 22.894737 0.161404 0.497995 0.030025 0.066617 0.457895 0.212782 0.757895 0.492481 0.423810 0.234962
 0.343860 0.001505 63.258145 63.020050 0.000986 0.002534 0.001351 23.458647 20.601504 2.894737 24.962406 26.052632 0.212281 0.324561 0.049073 0.096692 0.139098 0.309023 0.247368 0.611278 0.196241 0.238346
 0.101754 0.001077 42.005013 66.679198 0.000617 0.009436 0.001358 13.383459 13.834586 6.278195 5.000000 27.719298 0.412281 0.357644 0.024010 0.072381 0.518045 0.139098 0.217544 0.134586 0.426817 0.281203
 0.349123 0.000916 71.879699 65.426065 0.000542 0.003368 0.000951 13.533835 10.639098 1.157895 24.511278 16.666667 0.480702 0.363659 0.024261 0.107218 0.579699 0.463910 0.359649 0.448872 0.449875 0.379323
 0.282456 0.001007 52.531328 62.919799 0.000366 0.002647 0.000519 14.624060 20.977444 3.593985 17.969925 14.298246 0.701754 0.488972 0.058847 0.052331 0.510526 0.151128 0.107018 0.229323 0.164160 0.230451
 0.628070 0.001060 79.197995 56.854637 0.000788 0.006278 0.001098 24.210526 24.172932 5.714286 5.563910 21.052632 0.147368 0.111028 0.029774 0.072632 0.662406 0.223308 0.433333 0.632331 0.273434 0.180827
 0.638596 0.000302 78.796992 63.220551 0.000411 0.005534 0.001253 21.390977 14.097744 7.947368 47.067669 22.456140 0.252632 0.233333 0.024511 0.028020 0.301504 0.166165 0.371930 0.463910 0.255388 0.316165
 0.733333 0.001544 60.551378 71.190476 0.000405 0.004767 0.001211 17.030075 21.466165 6.368421 45.375940 27.894737 0.800000 0.473935 0.063609 0.103960 0.557143 0.250376 0.785965 0.277444 0.326566 0.475188
 0.663158 0.000530 49.824561 57.005013 0.000450 0.002759 0.000309 22.781955 13.383459 1.857143 7.593985 40.000000 0.305263 0.105013 0.026767 0.042807 0.450376 0.306015 0.415789 0.151128 0.313534 0.133459
 0.603509 0.001119 41.804511 57.406015 0.000314 0.005128 0.001168 17.593985 12.330827 1.902256 9.060150 22.631579 0.408772 0.247368 0.112481 0.030276 0.447368 0.632331 0.291228 0.351128 0.395739 0.363534
 0.750877 0.001537 54.636591 74.899749 0.000346 0.008421 0.000481 13.796992 21.353383 5.195489 44.135338 17.631579 0.261404 0.353634 0.049825 0.094687 0.600752 0.133083 0.266667 0.196241 0.331579 0.167293
 0.645614 0.001600 77.694236 67.080201 0.000125 0.006436 0.000884 20.037594 17.518797 7.721805 8.045113 16.140351 0.742105 0.147118 0.066867 0.084912 0.558647 0.205263 0.347368 0.157143 0.235338 0.053383
 0.542105 0.000239 59.248120 56.754386 0.000479 0.004789 0.001512 18.082707 16.804511 7.360902 33.872180 30.263158 0.389474 0.491980 0.033784 0.045313 0.188722 0.484962 0.754386 0.379699 0.150125 0.218045
 0.533333 0.001218 73.483709 64.022556 0.000323 0.009098 0.001561 19.172932 11.390977 5.872180 27.894737 15.000000 0.668421 0.182206 0.083409 0.032030 0.233835 0.163158 0.487719 0.369173 0.105013 0.330827
 0.345614 0.001491 46.315789 66.629073 0.000159 0.002060 0.000249 22.969925 10.263158 8.601504 32.406015 17.982456 0.661404 0.280451 0.093434 0.066867 0.552632 0.284962 0.191228 0.477444 0.475940 0.144737
 0.224561 0.001144 78.295739 58.408521 0.000211 0.003188 0.000947 10.639098 23.834586 1.721805 48.759398 28.771930 0.221053 0.347619 0.115489 0.105714 0.358647 0.408271 0.228070 0.512030 0.333584 0.398496
 0.338596 0.001519 42.907268 59.310777 0.000641 0.009842 0.000916 21.090226 23.571429 4.541353 25.526316 20.000000 0.185965 0.236341 0.056591 0.095689 0.306015 0.127068 0.282456 0.381203 0.261404 0.088346
 0.226316 0.001368 47.619048 60.062657 0.000750 0.004203 0.000688 17.330827 16.278195 4.902256 18.984962 33.245614 0.757895 0.417794 0.025013 0.092932 0.465414 0.686466 0.424561 0.289474 0.404762 0.457143
 0.115789 0.000484 40.401003 59.661654 0.000188 0.005647 0.000316 12.819549 24.436090 4.000000 43.345865 12.017544 0.370175 0.227318 0.081153 0.071629 0.295489 0.572180 0.235088 0.309023 0.281454 0.166165
 0.507018 0.001305 51.027569 69.135338 0.000635 0.002782 0.000607 10.601504 14.323308 3.097744 15.488722 20.877193 0.514035 0.342607 0.082907 0.048321 0.187218 0.357143 0.607018 0.500000 0.325564 0.452632
 0.438596 0.000944 62.055138 72.493734 0.000558 0.009639 0.001467 24.849624 16.616541 9.233083 46.842105 33.947368 0.136842 0.272431 0.061855 0.053333 0.641353 0.560150 0.482456 0.167669 0.319549 0.184211
 0.422807 0.000295 70.877193 56.052632 0.000673 0.005015 0.001498 14.060150 15.075188 1.699248 13.120301 29.912281 0.614035 0.117043 0.024762 0.100702 0.681955 0.545113 0.214035 0.109023 0.459900 0.190977
 0.275439 0.001140 59.348371 63.320802 0.000123 0.005511 0.000281 23.834586 24.736842 9.526316 14.812030 14.210526 0.487719 0.439850 0.064361 0.101454 0.363158 0.381203 0.564912 0.506015 0.474937 0.251880
 0.670175 0.000663 67.468672 56.954887 0.000571 0.002308 0.000716 11.203008 16.052632 2.285714 29.360902 22.105263 0.731579 0.138095 0.040301 0.086165 0.103008 0.627820 0.461404 0.399248 0.386717 0.300376
 0.242105 0.001432 65.964912 67.431078 0.000610 0.001541 0.001530 19.548872 14.285714 4.563910 5.338346 37.105263 0.329825 0.414787 0.021003 0.074386 0.209774 0.259398 0.792982 0.618797 0.381704 0.418797
 0.400000 0.000425 63.759398 61.716792 0.000574 0.008376 0.000923 12.142857 10.413534 7.293233 34.661654 31.578947 0.794737 0.445865 0.116742 0.034035 0.315038 0.298496 0.292982 0.668421 0.357644 0.286842
 0.249123 0.000267 65.764411 74.598997 0.000802 0.008940 0.001007 18.533835 21.691729 3.774436 47.180451 34.210526 0.471930 0.463910 0.039549 0.104962 0.506015 0.122556 0.421053 0.300000 0.142105 0.395113
 0.528070 0.000730 40.200501 73.596491 0.000389 0.009346 0.000361 19.473684 19.774436 8.511278 12.330827 7.280702 0.631579 0.437845 0.100952 0.028772 0.253383 0.495489 0.635088 0.319549 0.263409 0.414286
 0.340351 0.001414 67.568922 61.065163 0.000964 0.004902 0.000305 11.503759 18.609023 5.646617 25.187970 34.385965 0.510526 0.498997 0.058095 0.020501 0.215789 0.272932 0.252632 0.372180 0.406767 0.263158
 0.657895 0.000382 51.528822 71.842105 0.000682 0.009459 0.000986 20.977444 18.195489 3.706767 30.263158 19.298246 0.180702 0.108020 0.100201 0.036541 0.241353 0.188722 0.619298 0.585714 0.269424 0.153759
 0.598246 0.000263 51.328321 57.255639 0.000644 0.009188 0.000396 21.729323 17.330827 9.075188 34.548872 23.333333 0.208772 0.229323 0.099699 0.076140 0.190226 0.155639 0.233333 0.671429 0.480952 0.426692
