 0.366667 0.001011 58.245614 65.426065 0.001137 16.127820 12.744361 8.060150 35.789474 22.894737
 0.177193 0.000895 56.140351 66.027569 0.001526 20.338346 19.097744 4.315789 24.962406 27.631579
 0.715789 0.001554 42.406015 69.385965 0.000726 15.375940 19.210526 2.488722 13.345865 11.228070
 0.768421 0.000856 65.162907 74.298246 0.000737 20.939850 16.541353 6.458647 5.000000 12.192982
 0.324561 0.000814 55.438596 71.390977 0.000309 11.052632 10.902256 10.000000 42.781955 24.912281
 0.559649 0.001326 48.020050 66.679198 0.000509 11.315789 16.240602 9.187970 33.759398 38.684211
 0.289474 0.001589 76.691729 59.360902 0.000600 10.187970 21.766917 5.037594 44.022556 7.982456
 0.126316 0.000519 76.290727 59.010025 0.001519 14.774436 19.360902 2.375940 8.045113 38.333333
 0.271930 0.000747 48.521303 71.641604 0.000839 22.631579 15.150376 7.789474 18.082707 14.035088
 0.526316 0.000937 49.423559 70.989975 0.000898 24.661654 20.112782 8.939850 23.157895 32.456140
 0.168421 0.001281 56.040100 57.556391 0.001112 18.233083 16.127820 1.609023 45.375940 9.912281
 0.675439 0.000909 58.446115 60.012531 0.000274 23.796992 22.518797 7.180451 18.195489 7.105263
 0.708772 0.000207 70.576441 73.095238 0.001509 14.586466 19.962406 4.473684 19.548872 22.105263
 0.124561 0.001018 66.065163 67.180451 0.000540 13.007519 20.037594 4.766917 36.466165 18.508772
 0.294737 0.001404 45.714286 63.721805 0.000719 15.864662 18.308271 3.774436 48.646617 11.666667
 0.415789 0.000232 49.624060 74.248120 0.001533 12.218045 18.796992 3.977444 43.684211 24.561404
 0.312281 0.000474 63.057644 62.218045 0.000842 20.263158 15.451128 5.849624 19.436090 27.807018
 0.615789 0.000218 52.832080 56.854637 0.000635 21.766917 11.992481 6.097744 12.330827 11.140351
 0.440351 0.000804 58.145363 62.719298 0.001365 13.045113 10.827068 8.984962 26.090226 6.403509
 0.771930 0.000940 65.964912 57.205514 0.000316 18.045113 10.789474 6.210526 42.443609 34.473684
 0.775439 0.000667 42.706767 71.591479 0.000361 19.436090 22.631579 8.150376 33.872180 15.964912
 0.726316 0.000274 54.937343 73.145363 0.000877 10.601504 16.992481 6.593985 17.293233 31.754386
 0.761404 0.001214 68.571429 64.724311 0.000389 13.834586 10.977444 3.684211 47.969925 24.824561
 0.682456 0.001558 49.122807 67.681704 0.001568 19.248120 17.706767 5.511278 7.932331 36.315789
 0.717544 0.000228 47.117794 55.501253 0.000944 12.857143 20.639098 1.000000 43.233083 25.614035
 0.800000 0.000839 75.288221 58.809524 0.000526 24.473684 11.315789 3.571429 10.864662 10.877193
 0.264912 0.001239 64.761905 68.032581 0.000312 17.368421 22.142857 7.225564 15.939850 17.017544
 0.731579 0.000691 64.962406 62.368421 0.000796 15.150376 19.323308 4.654135 47.293233 31.315789
 0.666667 0.001042 55.037594 72.894737 0.001232 22.105263 10.639098 1.947368 37.819549 14.473684
 0.219298 0.000849 52.631579 66.578947 0.001021 10.300752 11.842105 4.406015 45.263158 32.982456
 0.461404 0.001312 64.060150 65.776942 0.000828 12.894737 11.127820 9.571429 17.180451 22.807018
 0.392982 0.000368 77.493734 70.388471 0.000558 22.218045 22.706767 4.067669 10.639098 20.526316
 0.636842 0.000712 53.433584 65.375940 0.000593 10.150376 22.330827 8.375940 38.496241 22.543860
 0.705263 0.001533 41.403509 63.020050 0.000467 21.879699 16.052632 4.000000 36.804511 21.929825
 0.159649 0.000516 78.195489 68.132832 0.000930 23.233083 17.368421 5.082707 20.000000 36.491228
 0.617544 0.000407 70.776942 65.927318 0.001281 24.248120 11.466165 1.496241 31.954887 37.456140
 0.610526 0.001393 78.897243 65.676692 0.001011 22.481203 15.300752 2.578947 42.218045 7.368421
 0.100000 0.000800 62.556391 64.122807 0.001235 14.436090 15.939850 6.639098 27.781955 35.526316
 0.370175 0.001568 43.709273 56.453634 0.001039 20.150376 11.503759 4.045113 5.225564 7.543860
 0.782456 0.001428 55.639098 66.879699 0.000333 15.263158 16.578947 3.458647 30.939850 10.701754
 0.454386 0.000572 47.017544 69.536341 0.001256 22.406015 15.488722 3.052632 48.533835 32.543860
 0.268421 0.000326 56.942356 63.270677 0.001340 10.413534 23.796992 7.135338 21.466165 17.807018
 0.303509 0.001596 63.859649 56.604010 0.001333 17.142857 22.293233 9.323308 14.699248 17.105263
 0.631579 0.001365 62.155388 61.516291 0.001516 16.015038 21.428571 1.969925 48.421053 31.403509
 0.152632 0.000702 74.586466 67.280702 0.000456 10.112782 21.729323 3.278195 24.398496 5.087719
 0.505263 0.000477 77.092732 63.370927 0.000863 14.473684 13.533835 2.060150 44.699248 10.526316
 0.635088 0.000905 44.310777 57.406015 0.001179 11.203008 20.977444 8.466165 26.315789 32.631579
 0.556140 0.000782 64.260652 57.155388 0.000319 13.195489 24.887218 4.992481 33.308271 26.842105
 0.228070 0.001081 54.636591 63.621554 0.000891 18.609023 11.654135 2.827068 9.736842 22.631579
 0.777193 0.000344 71.077694 56.102757 0.000463 23.872180 14.812030 9.548872 30.037594 29.912281
 0.184211 0.000681 53.834586 65.175439 0.001200 24.436090 12.932331 4.586466 48.082707 10.175439
 0.417544 0.000744 75.588972 74.949875 0.001400 17.406015 14.699248 4.451128 24.736842 25.000000
 0.396491 0.000709 50.125313 58.959900 0.000249 16.842105 23.721805 3.864662 10.526316 28.245614
 0.200000 0.001126 52.330827 67.030075 0.001175 12.293233 24.849624 4.022556 16.390977 39.298246
 0.301754 0.000267 49.924812 72.994987 0.000516 11.917293 15.714286 4.270677 31.842105 6.578947
 0.256140 0.000319 61.954887 69.335840 0.001530 19.172932 17.067669 8.511278 28.120301 29.210526
 0.129825 0.000677 57.343358 55.802005 0.000649 24.924812 21.090226 5.759398 40.526316 26.228070
 0.547368 0.000411 58.947368 69.887218 0.000568 18.533835 13.421053 7.022556 13.458647 33.684211
 0.550877 0.000558 69.974937 58.107769 0.001558 10.375940 16.503759 9.593985 14.360902 27.894737
 0.377193 0.000235 60.150376 55.852130 0.001425 20.300752 11.203008 9.278195 9.849624 21.052632
 0.378947 0.001340 74.987469 64.473684 0.000860 19.360902 16.015038 6.142857 41.315789 37.894737
 0.633333 0.001021 60.751880 71.240602 0.001140 18.082707 13.045113 9.075188 18.533835 8.947368
 0.142105 0.000225 51.729323 56.002506 0.001168 23.947368 22.443609 7.992481 12.894737 17.456140
 0.226316 0.000684 48.120301 58.208020 0.001488 15.225564 20.864662 7.383459 31.278195 31.578947
 0.680702 0.001291 76.090226 65.827068 0.000856 23.458647 24.548872 8.646617 34.097744 24.122807
 0.112281 0.000281 48.822055 56.152882 0.001358 10.827068 11.353383 2.759398 11.992481 11.842105
 0.426316 0.000365 59.649123 59.962406 0.000284 19.135338 20.676692 9.436090 25.300752 25.350877
 0.543860 0.001407 77.293233 72.293233 0.000235 13.609023 14.436090 4.135338 30.827068 39.649123
 0.342105 0.000291 78.596491 62.769424 0.001081 15.338346 24.473684 7.947368 11.315789 19.035088
 0.135088 0.001256 60.852130 64.624060 0.001470 16.654135 21.804511 8.533835 37.368421 5.877193
 0.368421 0.000881 42.506266 60.614035 0.000972 13.571429 24.360902 2.127820 37.142857 21.842105
 0.170175 0.001302 52.531328 68.784461 0.001158 15.601504 16.729323 9.729323 31.052632 36.929825
 0.707018 0.001467 49.022556 62.869674 0.001411 17.443609 22.067669 9.842105 26.992481 38.508772
 0.435088 0.001298 71.679198 73.646617 0.001133 14.285714 12.368421 1.518797 25.075188 20.350877
 0.278947 0.000260 57.944862 70.739348 0.000786 21.466165 18.533835 6.819549 28.571429 36.666667
 0.429825 0.001228 54.837093 68.383459 0.001067 17.030075 11.090226 5.421053 10.075188 37.631579
 0.552632 0.000968 79.598997 72.042607 0.001312 10.338346 24.774436 5.578947 18.872180 11.403509
 0.503509 0.000330 46.015038 60.463659 0.001326 11.466165 21.240602 2.353383 23.947368 13.684211
 0.791228 0.001277 50.426065 57.105263 0.001337 11.691729 18.909774 5.015038 9.624060 18.157895
 0.696491 0.001196 73.984962 68.583960 0.001460 23.308271 18.082707 5.240602 28.458647 15.526316
 0.468421 0.001446 53.233083 62.518797 0.000870 14.097744 17.556391 4.383459 8.383459 29.298246
 0.798246 0.000502 43.408521 65.526316 0.000947 18.646617 15.789474 8.330827 41.090226 28.684211
 0.464912 0.001565 56.541353 72.744361 0.000951 23.270677 15.112782 6.368421 25.639098 29.385965
 0.521053 0.000316 41.904762 66.729323 0.001404 16.466165 12.669173 1.879699 22.030075 10.350877
 0.371930 0.000351 79.498747 56.553885 0.001151 15.000000 16.691729 6.954887 21.127820 33.947368
 0.598246 0.000649 45.112782 67.481203 0.001028 15.187970 10.676692 6.751880 29.135338 13.070175
 0.573684 0.001084 80.000000 60.714286 0.000751 20.639098 23.157895 2.872180 46.165414 16.842105
 0.784211 0.001414 69.473684 60.413534 0.001551 13.984962 10.150376 6.278195 26.879699 39.210526
 0.501754 0.000716 70.275689 55.902256 0.000400 11.390977 14.774436 2.894737 45.601504 17.894737
 0.794737 0.000347 67.669173 72.142857 0.001319 12.518797 23.984962 9.639098 23.496241 16.403509
 0.266667 0.000435 64.561404 67.581454 0.000347 16.390977 20.827068 2.218045 43.796992 27.543860
 0.321053 0.000628 67.167920 70.037594 0.001414 13.533835 21.917293 4.609023 12.669173 14.385965
 0.163158 0.001505 69.373434 70.137845 0.001302 21.616541 20.601504 9.142857 5.902256 22.982456
 0.408772 0.001242 48.421053 61.616541 0.000326 22.669173 12.443609 4.563910 38.270677 10.964912
 0.659649 0.000828 41.704261 66.228070 0.000470 14.022556 16.654135 2.015038 15.714286 28.333333
 0.419298 0.001133 76.390977 61.115288 0.000533 14.924812 20.150376 5.872180 49.548872 19.561404
 0.668421 0.001056 45.814536 64.924812 0.001540 21.203008 17.631579 3.526316 29.360902 14.824561
 0.350877 0.001095 62.055138 61.265664 0.000354 17.518797 10.225564 4.969925 14.135338 35.701754
 0.529825 0.000867 69.072682 73.395990 0.001165 11.654135 23.270677 8.218045 21.578947 30.087719
 0.756140 0.001460 42.305764 60.213033 0.000691 24.172932 21.654135 7.157895 43.345865 29.122807
 0.284211 0.000754 42.205514 73.847118 0.001344 13.759398 14.398496 5.150376 6.466165 30.175439
 0.171930 0.001421 58.646617 64.774436 0.000618 18.383459 16.879699 9.120301 37.706767 6.666667
 0.331579 0.000919 72.982456 55.050125 0.000926 20.075188 14.473684 1.090226 45.827068 17.982456
 0.478947 0.001474 41.002506 64.223058 0.001484 14.736842 17.030075 5.984962 23.383459 31.842105
 0.742105 0.001182 72.681704 73.596491 0.001274 23.759398 14.285714 8.578947 15.375940 25.087719
 0.522807 0.000989 46.115288 55.250627 0.000368 16.766917 13.609023 5.714286 23.045113 38.245614
 0.354386 0.000467 46.516291 55.551378 0.000730 23.120301 11.691729 8.488722 31.616541 18.596491
 0.215789 0.001246 47.218045 58.458647 0.001396 19.849624 13.383459 2.398496 26.203008 19.649123
 0.138596 0.001358 50.225564 60.814536 0.000537 20.375940 23.609023 6.932331 47.067669 11.929825
 0.407018 0.001035 40.802005 69.285714 0.000772 17.969925 23.308271 9.390977 35.338346 36.842105
 0.701754 0.001172 58.345865 72.593985 0.001351 16.541353 23.195489 4.090226 46.390977 6.754386
 0.778947 0.000449 49.724311 69.987469 0.000874 10.263158 19.812030 3.819549 8.834586 12.719298
 0.612281 0.000646 68.471178 57.506266 0.001456 23.533835 20.075188 6.436090 48.759398 6.929825
 0.500000 0.000481 65.864662 56.804511 0.000253 24.849624 17.894737 3.593985 27.894737 8.596491
 0.601754 0.001309 59.949875 56.503759 0.001056 19.548872 16.842105 7.203008 22.819549 37.192982
 0.524561 0.001351 74.786967 60.764411 0.001000 17.293233 15.827068 1.203008 18.308271 38.771930
 0.194737 0.001396 78.395990 65.977444 0.001144 21.917293 15.601504 3.075188 16.842105 39.824561
 0.449123 0.000354 47.418546 62.117794 0.001284 16.165414 17.669173 6.842105 46.842105 7.017544
 0.470175 0.001319 78.496241 73.796992 0.000375 24.812030 18.984962 5.488722 14.248120 39.122807
 0.359649 0.000593 44.611529 55.150376 0.000695 12.631579 21.015038 8.172932 40.413534 19.473684
 0.292982 0.001260 50.827068 59.511278 0.001014 21.578947 24.323308 9.977444 44.135338 23.508772
 0.580702 0.000505 78.696742 67.330827 0.000449 13.947368 23.496241 7.766917 29.473684 36.403509
 0.714035 0.001470 42.005013 59.561404 0.000330 12.781955 18.458647 5.127820 16.278195 9.298246
 0.222807 0.000835 42.807018 67.882206 0.001386 13.646617 21.052632 7.360902 13.007519 19.210526
 0.489474 0.001235 72.280702 69.436090 0.000358 16.578947 22.105263 3.255639 36.240602 25.964912
 0.114035 0.001007 45.513784 58.859649 0.001260 12.255639 12.706767 6.345865 7.142857 37.105263
 0.182456 0.001372 65.062657 72.243108 0.000460 12.556391 14.924812 4.834586 12.556391 6.842105
 0.745614 0.000333 53.634085 64.423559 0.000888 19.097744 17.819549 2.939850 30.714286 34.824561
 0.619298 0.001274 66.265664 71.741855 0.000867 14.248120 10.037594 8.195489 43.909774 36.140351
 0.198246 0.001147 55.839599 62.669173 0.000477 10.225564 21.541353 2.962406 7.706767 33.859649
 0.280702 0.001477 68.671679 61.967419 0.001298 14.135338 20.000000 7.902256 43.458647 27.017544
 0.133333 0.001333 75.187970 61.917293 0.000702 13.157895 11.616541 4.496241 40.977444 5.000000
 0.243860 0.000888 79.298246 55.651629 0.001246 21.278195 22.255639 1.699248 17.857143 37.982456
 0.291228 0.001442 45.313283 70.889724 0.001228 14.398496 11.015038 1.789474 14.812030 24.035088
 0.652632 0.001337 60.651629 65.877193 0.000340 21.541353 18.345865 5.691729 42.669173 5.438596
 0.178947 0.001112 69.774436 59.862155 0.001354 13.345865 11.278195 3.842105 13.120301 33.421053
 0.300000 0.001004 50.927318 60.263158 0.000281 10.563910 21.691729 7.699248 21.015038 27.982456
 0.108772 0.000554 66.766917 67.932331 0.001505 16.917293 20.488722 1.315789 36.015038 37.280702
 0.477193 0.000421 45.012531 63.120301 0.000733 10.977444 16.315789 3.503759 38.157895 29.824561
 0.275439 0.000877 68.872180 69.486216 0.000986 18.909774 22.481203 6.233083 25.864662 25.789474
 0.175439 0.000270 73.684211 62.969925 0.000754 11.428571 12.781955 7.293233 35.563910 28.070175
 0.629825 0.000740 52.230576 73.446115 0.000881 22.932331 23.233083 9.684211 10.977444 16.754386
 0.328070 0.000796 66.867168 68.233083 0.000267 22.819549 17.969925 9.345865 39.060150 25.263158
 0.364912 0.000674 51.228070 62.167920 0.000200 12.706767 13.195489 3.165414 5.789474 32.368421
 0.773684 0.000298 58.546366 69.085213 0.000432 19.473684 15.977444 8.353383 9.962406 6.228070
 0.589474 0.001344 72.080201 61.817043 0.000502 13.233083 21.466165 7.045113 23.609023 16.315789
 0.575439 0.000807 57.744361 69.786967 0.000418 17.894737 13.571429 8.759398 39.962406 35.175439
 0.233333 0.001200 47.819549 57.907268 0.001070 14.172932 11.052632 8.398496 21.917293 21.578947
 0.357895 0.001523 76.992481 57.857143 0.000709 19.812030 14.511278 5.962406 19.097744 34.385965
 0.684211 0.000860 66.666667 55.000000 0.001309 24.022556 19.699248 9.413534 14.924812 14.736842
 0.557895 0.001028 44.110276 72.543860 0.000232 19.398496 18.270677 9.300752 49.887218 5.964912
 0.749123 0.001211 70.175439 58.909774 0.001084 17.105263 20.413534 3.323308 6.804511 17.368421
 0.229825 0.000958 79.899749 60.313283 0.000474 14.060150 23.007519 1.766917 37.481203 14.122807
 0.770175 0.000884 52.932331 67.781955 0.001537 23.421053 21.578947 7.609023 20.225564 32.192982
 0.491228 0.000993 41.503759 74.097744 0.000505 22.443609 14.097744 1.744361 18.984962 7.807018
 0.103509 0.000547 70.877193 62.318296 0.001109 22.255639 19.511278 3.233083 46.616541 25.701754
 0.405263 0.001579 74.486216 61.365915 0.000670 22.142857 23.872180 3.796992 7.819549 33.157895
 0.436842 0.000428 75.087719 68.834586 0.000761 19.210526 13.308271 7.090226 32.857143 35.964912
 0.196491 0.001151 62.857143 69.185464 0.001095 18.157895 10.000000 4.360902 40.300752 9.736842
 0.750877 0.000211 73.182957 74.348371 0.001589 14.887218 12.218045 5.804511 36.353383 10.789474
 0.352632 0.000589 59.548872 65.225564 0.001182 19.924812 24.586466 8.263158 31.503759 38.947368
 0.238596 0.001232 42.105263 58.609023 0.000211 16.954887 20.375940 1.857143 45.939850 33.596491
 0.600000 0.001102 40.701754 59.711779 0.001060 17.669173 22.744361 3.481203 9.285714 12.543860
 0.584211 0.000596 44.010025 59.812030 0.000895 10.639098 18.684211 6.706767 15.488722 8.245614
 0.661404 0.001091 62.255639 65.325815 0.001502 20.977444 22.030075 8.624060 18.759398 8.157895
 0.703509 0.000737 61.052632 69.937343 0.001130 14.812030 15.037594 1.157895 33.195489 31.666667
 0.698246 0.001288 55.538847 68.934837 0.001347 10.526316 21.992481 8.443609 21.240602 38.157895
 0.187719 0.000551 51.528822 57.305764 0.001498 24.887218 20.300752 6.030075 32.518797 12.280702
 0.394737 0.001000 70.075188 71.441103 0.001368 20.676692 23.759398 1.451128 49.774436 23.684211
 0.563158 0.000874 63.157895 63.471178 0.001025 21.691729 17.481203 5.443609 10.300752 12.456140
 0.482456 0.001116 56.741855 70.288221 0.000218 19.774436 17.218045 1.383459 40.864662 14.298246
 0.607018 0.000870 77.393484 71.090226 0.000818 10.751880 14.548872 4.157895 27.669173 27.192982
 0.247368 0.001193 62.456140 59.110276 0.000246 22.330827 24.699248 2.736842 8.721805 25.175439
 0.147368 0.000891 72.380952 70.087719 0.001196 24.511278 11.917293 7.676692 15.827068 23.157895
 0.107018 0.000982 74.085213 55.100251 0.000646 18.984962 22.781955 8.962406 20.676692 38.596491
 0.568421 0.000456 73.784461 66.177945 0.000961 10.902256 10.451128 4.857143 24.172932 10.087719
 0.191228 0.000340 63.358396 74.498747 0.000214 15.075188 24.924812 9.819549 19.323308 24.298246
 0.250877 0.000751 73.383459 72.443609 0.000512 13.421053 16.353383 9.233083 44.248120 20.263158
 0.694737 0.001330 68.972431 73.295739 0.000632 12.105263 13.646617 7.969925 37.030075 8.421053
 0.285965 0.001225 43.308271 58.258145 0.000975 11.165414 12.142857 1.067669 44.473684 26.403509
 0.347368 0.000825 46.917293 67.832080 0.001575 21.428571 12.593985 9.007519 15.263158 18.070175
 0.487719 0.001530 75.488722 73.496241 0.001435 12.969925 22.556391 5.060150 21.353383 29.561404
 0.545614 0.000204 50.526316 65.726817 0.000428 20.413534 21.353383 9.030075 38.947368 36.578947
 0.577193 0.001463 77.794486 56.303258 0.000495 15.789474 16.616541 9.706767 34.436090 5.263158
 0.314035 0.000639 43.909774 58.508772 0.000993 19.661654 19.285714 1.022556 37.932331 35.614035
 0.214035 0.000604 56.842105 70.588972 0.000575 20.112782 10.563910 3.909774 27.556391 20.964912
 0.363158 0.001098 49.223058 57.756892 0.000775 20.037594 21.503759 5.669173 45.037594 34.298246
 0.570175 0.000614 67.368421 73.947368 0.001204 21.654135 12.631579 8.285714 40.751880 5.175439
 0.587719 0.000933 76.491228 71.340852 0.001193 15.714286 12.857143 3.639098 5.451128 16.052632
 0.375439 0.001158 52.431078 69.586466 0.000498 25.000000 12.894737 2.691729 14.022556 26.491228
 0.122807 0.000793 53.734336 70.789474 0.001323 19.736842 12.556391 8.804511 41.879699 13.421053
 0.549123 0.000607 75.889724 61.466165 0.001421 23.571429 22.368421 1.924812 16.052632 6.491228
 0.608772 0.001418 40.401003 61.566416 0.001418 19.624060 10.375940 9.368421 43.120301 39.912281
 0.764912 0.000446 52.731830 68.433584 0.001428 24.548872 12.406015 3.187970 22.706767 17.543860
 0.403509 0.000470 60.250627 58.157895 0.000656 18.270677 23.383459 4.180451 46.052632 23.596491
 0.710526 0.001263 46.616541 60.914787 0.001463 13.684211 14.172932 9.954887 30.263158 31.228070
 0.452632 0.000765 48.721805 73.746867 0.001172 15.751880 24.812030 5.308271 42.894737 30.000000
 0.498246 0.000460 43.809524 61.165414 0.000625 16.428571 24.436090 7.248120 25.187970 9.649123
 0.656140 0.000463 69.273183 68.884712 0.000382 18.684211 20.714286 5.894737 30.488722 14.561404
 0.389474 0.001189 63.959900 74.649123 0.001161 19.586466 21.390977 6.909774 7.593985 13.333333
 0.687719 0.000323 61.654135 62.819549 0.001481 10.789474 21.879699 8.421053 38.045113 28.947368
 0.322807 0.001067 59.248120 57.656642 0.000446 15.902256 18.120301 2.556391 34.548872 8.859649
 0.400000 0.000642 47.518797 65.275689 0.000744 17.857143 17.330827 3.548872 37.255639 11.491228
 0.231579 0.001249 72.581454 58.709273 0.001442 21.165414 10.488722 3.007519 24.624060 14.912281
 0.664912 0.000618 55.939850 56.904762 0.000705 12.330827 24.022556 4.924812 48.984962 5.526316
 0.517544 0.001253 50.025063 74.749373 0.000365 22.593985 24.624060 7.518797 25.751880 6.052632
 0.150877 0.000526 67.769424 63.571429 0.001565 16.240602 21.616541 7.879699 19.774436 7.631579
 0.157895 0.000761 60.050125 60.964912 0.000491 11.503759 16.466165 7.270677 31.390977 8.771930
 0.161404 0.000768 68.370927 55.601504 0.000905 18.195489 11.954887 5.172932 6.353383 9.824561
 0.421053 0.001046 51.629073 72.393484 0.000811 23.383459 14.736842 5.353383 38.609023 10.614035
 0.207018 0.000579 71.979950 66.278195 0.000277 16.052632 20.751880 3.661654 8.157895 13.947368
 0.689474 0.000986 67.969925 74.799499 0.000344 21.090226 14.323308 5.533835 48.195489 32.105263
 0.514035 0.000923 78.095238 71.942356 0.001453 10.939850 17.518797 6.075188 47.631579 7.280702
 0.626316 0.000393 54.436090 64.824561 0.000628 17.932331 19.436090 1.112782 12.105263 15.877193
 0.203509 0.001218 48.922306 70.639098 0.000996 13.496241 23.421053 7.315789 35.902256 19.736842
 0.128070 0.000382 61.253133 67.731830 0.000660 20.789474 19.548872 9.887218 42.330827 9.210526
 0.296491 0.000625 72.781955 55.401003 0.000586 21.315789 16.804511 7.496241 49.323308 20.701754
 0.236842 0.001137 46.215539 73.696742 0.000621 18.421053 22.857143 4.744361 18.646617 15.263158
 0.785965 0.001347 64.862155 70.839599 0.000758 15.977444 15.000000 7.924812 9.398496 22.280702
 0.508772 0.001295 61.353383 64.373434 0.001474 11.992481 13.909774 2.714286 19.661654 37.543860
 0.210526 0.001123 41.303258 63.671679 0.001249 21.992481 12.067669 9.932331 32.406015 24.736842
 0.538596 0.001140 47.919799 72.944862 0.001389 13.270677 23.947368 7.812030 7.030075 19.298246
 0.380702 0.001502 44.711779 62.418546 0.000940 16.203008 22.593985 9.458647 5.563910 34.649123
 0.536842 0.001484 53.132832 63.421053 0.000407 19.962406 21.954887 6.548872 26.541353 39.561404
 0.282456 0.000772 73.082707 73.897243 0.000982 15.488722 22.180451 1.428571 28.909774 30.614035
 0.722807 0.001526 67.869674 58.358396 0.001288 11.766917 11.804511 5.781955 16.954887 15.000000
 0.456140 0.000846 77.192982 70.338346 0.000519 13.120301 19.774436 6.300752 35.112782 6.315789
 0.724561 0.000288 68.170426 60.513784 0.000782 13.909774 10.112782 8.691729 24.285714 32.719298
 0.428070 0.000404 54.736842 63.521303 0.001361 21.390977 15.526316 3.954887 34.774436 19.824561
 0.189474 0.000523 43.508772 58.558897 0.000989 12.593985 20.225564 7.631579 10.751880 30.526316
 0.308772 0.000495 60.350877 74.197995 0.001088 17.218045 11.541353 2.511278 43.571429 28.157895
 0.173684 0.001382 56.641604 60.112782 0.000884 15.451128 20.789474 2.669173 10.413534 11.315789
 0.240351 0.000758 59.147870 59.912281 0.001379 15.037594 10.300752 1.045113 43.007519 23.245614
 0.261404 0.001453 68.070175 71.842105 0.001074 10.488722 20.526316 7.112782 38.721805 11.754386
 0.431579 0.000432 53.032581 74.047619 0.000846 19.511278 10.751880 1.180451 9.511278 35.000000
 0.185965 0.001432 54.536341 65.576441 0.001221 11.804511 24.285714 9.864662 13.684211 24.210526
 0.385965 0.001551 67.067669 64.974937 0.000814 18.308271 11.879699 1.473684 40.639098 36.052632
 0.747368 0.000621 54.035088 72.794486 0.000933 19.323308 19.135338 4.676692 44.924812 27.105263
 0.119298 0.000544 45.213033 73.245614 0.000723 24.210526 22.218045 2.781955 41.203008 35.087719
 0.670175 0.000537 61.754386 66.528822 0.000923 15.526316 12.481203 7.834586 47.857143 21.491228
 0.242105 0.000200 63.458647 73.045113 0.001207 10.075188 12.518797 6.187970 32.969925 21.403509
 0.496491 0.000775 70.977444 70.689223 0.000579 24.060150 13.834586 4.293233 23.270677 8.684211
 0.591228 0.000386 71.779449 69.235589 0.000807 12.744361 17.255639 3.436090 10.187970 37.719298
 0.384211 0.000902 77.994987 67.230576 0.000853 22.894737 11.240602 6.977444 39.736842 7.456140
 0.533333 0.000811 65.664160 72.844612 0.000411 17.631579 21.842105 5.646617 14.586466 35.877193
 0.640351 0.000975 71.879699 60.162907 0.001316 14.210526 23.834586 8.827068 11.766917 15.175439
 0.642105 0.000979 69.874687 66.979950 0.001477 12.142857 19.473684 5.375940 42.105263 23.859649
 0.443860 0.000733 40.300752 73.345865 0.001007 20.751880 19.022556 4.721805 14.473684 5.350877
 0.121053 0.001586 56.441103 66.428571 0.000835 17.706767 18.496241 2.624060 31.729323 22.456140
 0.792982 0.001575 79.097744 73.546366 0.001523 17.781955 18.872180 6.616541 11.090226 30.789474
 0.287719 0.000361 57.443609 65.626566 0.000551 13.383459 18.609023 5.285714 27.105263 21.754386
 0.438596 0.001049 75.689223 63.872180 0.001582 23.045113 13.458647 6.796992 20.789474 9.561404
 0.373684 0.000723 64.360902 66.478697 0.000453 13.082707 11.578947 9.210526 23.834586 39.385965
 0.763158 0.000214 58.847118 69.035088 0.000295 14.323308 18.834586 7.338346 36.917293 26.754386
 0.305263 0.001074 52.130326 56.253133 0.000681 22.556391 15.563910 6.887218 11.203008 11.052632
 0.645614 0.000575 56.240602 64.323308 0.000298 18.345865 12.819549 1.338346 47.406015 37.807018
 0.510526 0.000379 67.268170 60.563910 0.000642 20.451128 13.721805 2.172932 35.676692 23.771930
 0.605263 0.001032 53.533835 68.283208 0.000740 10.451128 15.639098 6.413534 6.015038 20.000000
 0.270175 0.001435 61.854637 70.438596 0.000604 24.774436 12.293233 8.601504 32.067669 18.947368
 0.796491 0.000832 57.243108 69.686717 0.000481 10.037594 19.736842 1.360902 28.007519 22.192982
 0.700000 0.001316 66.165414 58.057644 0.000572 24.323308 15.413534 4.112782 35.225564 35.350877
 0.136842 0.000600 46.716792 62.017544 0.001554 12.368421 24.962406 5.827068 41.428571 17.280702
 0.754386 0.001063 73.283208 73.997494 0.000849 18.571429 22.894737 6.864662 36.691729 12.982456
 0.766667 0.000705 71.278195 61.666667 0.000414 19.699248 17.932331 3.142857 27.443609 36.754386
 0.719298 0.000944 57.844612 62.568922 0.000779 18.120301 20.563910 1.834586 12.443609 39.736842
 0.336842 0.000656 64.661654 63.822055 0.000825 10.714286 24.398496 6.255639 22.255639 32.807018
 0.692982 0.001130 73.583960 70.488722 0.000712 18.007519 13.496241 6.007519 9.060150 38.859649
 0.105263 0.000249 69.573935 71.691729 0.001393 11.879699 17.105263 3.616541 9.172932 29.035088
 0.317544 0.001025 77.894737 64.072682 0.000204 13.721805 14.586466 8.240602 44.812030 40.000000
 0.356140 0.001516 54.235589 70.187970 0.000393 11.090226 23.345865 3.030075 22.481203 13.508772
 0.535088 0.001168 45.614035 71.140351 0.000768 19.022556 13.270677 9.796992 11.654135 30.877193
 0.780702 0.000400 51.127820 60.664160 0.001225 13.308271 13.684211 2.330827 37.593985 9.473684
 0.433333 0.000375 54.335840 57.957393 0.001449 21.015038 16.954887 1.541353 12.781955 22.368421
 0.410526 0.000389 44.210526 64.172932 0.000596 17.330827 13.947368 2.150376 21.804511 35.789474
 0.759649 0.001204 62.656642 61.065163 0.000747 17.067669 11.165414 8.105263 36.127820 16.228070
 0.259649 0.000396 40.100251 58.659148 0.000607 19.887218 14.661654 1.812030 20.338346 18.245614
 0.728070 0.000358 59.849624 69.837093 0.000954 16.353383 15.751880 4.225564 32.631579 9.122807
 0.245614 0.000277 44.912281 67.982456 0.001305 14.962406 23.684211 1.676692 28.796992 24.385965
 0.257895 0.001207 50.626566 69.636591 0.000589 13.458647 14.022556 8.917293 5.676692 12.017544
 0.459649 0.000972 65.263158 66.127820 0.000225 14.511278 18.233083 7.473684 32.293233 26.315789
 0.424561 0.001544 40.601504 65.476190 0.001446 21.127820 23.120301 2.443609 28.233083 12.105263
 0.307018 0.000302 51.428571 66.378446 0.000916 24.285714 23.533835 1.270677 17.631579 10.438596
 0.738596 0.000295 59.749373 57.456140 0.001263 19.285714 17.293233 9.481203 8.609023 27.280702
 0.208772 0.001105 68.771930 70.238095 0.001330 16.804511 16.766917 8.849624 22.593985 14.649123
 0.442105 0.000253 65.463659 63.170426 0.000288 20.488722 13.345865 7.563910 20.902256 15.438596
 0.484211 0.001456 74.385965 63.922306 0.000523 24.699248 14.135338 9.774436 24.849624 27.719298
 0.673684 0.001400 51.829574 68.734336 0.000674 16.729323 15.338346 3.097744 22.932331 39.473684
 0.475439 0.000863 46.416040 64.874687 0.001407 12.030075 15.676692 2.421053 34.210526 24.649123
 0.273684 0.001498 62.957393 71.992481 0.001596 24.097744 23.458647 4.518797 16.729323 34.122807
 0.319298 0.001495 76.591479 57.355890 0.000804 12.481203 14.624060 8.714286 11.428571 13.596491
 0.743860 0.000698 55.338346 72.644110 0.000386 16.278195 12.330827 3.887218 47.518797 14.210526
 0.361404 0.000965 54.135338 61.315789 0.000260 21.729323 20.187970 4.879699 33.082707 22.719298
 0.614035 0.001014 79.699248 63.771930 0.001253 12.443609 19.586466 7.067669 21.691729 30.438596
 0.131579 0.000611 45.413534 71.541353 0.001077 21.052632 22.669173 2.105263 39.849624 16.491228
 0.166667 0.001509 49.523810 59.461153 0.001593 23.195489 21.203008 1.563910 6.691729 31.052632
 0.540351 0.001154 56.340852 62.619048 0.000404 18.759398 15.902256 8.736842 22.368421 13.859649
 0.752632 0.000488 41.102757 58.007519 0.001126 23.157895 19.887218 7.406015 20.112782 13.245614
 0.650877 0.000256 51.929825 68.182957 0.000484 13.796992 10.187970 4.338346 16.616541 11.578947
 0.596491 0.000442 69.172932 56.704261 0.000379 15.939850 15.187970 9.052632 45.150376 20.877193
 0.221053 0.001425 65.363409 68.533835 0.000565 20.526316 24.135338 9.661654 6.917293 30.964912
 0.145614 0.001488 44.812030 55.451128 0.001561 23.345865 14.060150 8.015038 26.766917 20.087719
 0.685965 0.001161 59.047619 59.761905 0.000684 24.586466 22.819549 2.601504 33.421053 5.789474
 0.110526 0.000786 43.609023 61.416040 0.001382 15.639098 10.714286 7.451128 35.000000 32.280702
 0.531579 0.000565 49.323308 60.864662 0.000228 16.691729 16.203008 5.917293 19.210526 23.070175
 0.450877 0.000582 48.621554 66.328321 0.000554 23.684211 19.849624 4.699248 48.872180 30.263158
 0.156140 0.000632 75.989975 64.273183 0.001547 20.225564 19.924812 2.263158 17.518797 17.719298
 0.789474 0.001053 70.476190 72.343358 0.000902 23.609023 14.210526 1.135338 13.909774 26.578947
 0.621053 0.001375 58.746867 74.548872 0.001186 11.541353 16.428571 5.105263 23.721805 34.736842
 0.712281 0.000954 61.152882 59.310777 0.000530 24.624060 22.932331 3.300752 31.165414 26.666667
 0.566667 0.000660 47.318296 66.779449 0.001432 20.864662 23.646617 3.413534 33.984962 32.894737
 0.787719 0.001547 50.726817 72.192982 0.000439 22.067669 21.127820 7.721805 33.533835 26.052632
 0.333333 0.001411 75.388471 58.759398 0.001586 11.616541 18.045113 1.406015 41.654135 21.228070
 0.387719 0.001386 57.543860 67.631579 0.001512 23.834586 12.180451 2.646617 29.812030 16.578947
 0.335088 0.000635 59.448622 55.952381 0.000561 11.954887 15.864662 6.052632 29.248120 35.263158
 0.654386 0.000540 71.578947 74.147870 0.000667 14.661654 13.759398 7.428571 26.654135 16.929825
 0.515789 0.001267 71.478697 63.070175 0.000793 11.278195 13.872180 4.631579 7.368421 9.385965
 0.192982 0.001449 53.333333 57.807018 0.000221 24.962406 18.646617 7.000000 34.661654 37.368421
 0.622807 0.001088 73.483709 61.766917 0.000821 12.932331 20.263158 1.721805 25.977444 15.701754
 0.735088 0.001284 44.411028 68.984962 0.001116 22.518797 16.390977 8.127820 20.563910 21.666667
 0.382456 0.001572 62.756892 56.353383 0.000305 18.872180 19.398496 6.165414 8.496241 18.333333
 0.647368 0.001389 63.659148 56.203008 0.001154 23.721805 22.969925 6.390977 46.278195 18.421053
 0.235088 0.001109 78.997494 58.308271 0.001439 18.721805 15.225564 5.736842 45.488722 9.035088
 0.422807 0.000961 43.007519 72.493734 0.001147 11.842105 19.172932 2.308271 19.887218 12.894737
 0.391228 0.000568 76.190476 74.398496 0.001123 15.413534 17.781955 9.165414 11.879699 17.631579
 0.117544 0.001270 42.606516 62.067669 0.000765 21.353383 17.142857 4.541353 26.428571 5.614035
 0.217544 0.001221 74.887218 59.260652 0.001053 17.180451 17.180451 2.984962 15.601504 20.614035
 0.212281 0.000779 57.042607 55.300752 0.001600 12.669173 15.263158 6.481203 46.503759 26.929825
 0.263158 0.000688 57.644110 59.411028 0.000698 22.706767 14.248120 3.390977 44.360902 34.035088
 0.603509 0.000284 65.563910 65.075188 0.000421 12.067669 10.413534 5.330827 49.661654 29.649123
 0.649123 0.001179 63.558897 64.573935 0.001214 22.030075 18.157895 9.616541 40.187970 33.070175
 0.466667 0.000337 66.365915 68.082707 0.001295 11.240602 19.661654 1.992481 50.000000 15.614035
 0.594737 0.001361 61.553885 71.040100 0.001063 21.503759 23.082707 2.195489 5.112782 38.070175
 0.564912 0.000530 41.604010 57.606516 0.000351 14.699248 12.030075 4.248120 49.436090 16.140351
 0.224561 0.000726 72.882206 65.025063 0.001119 20.902256 13.984962 1.654135 6.578947 27.456140
 0.677193 0.000498 73.884712 67.380952 0.001049 24.135338 18.721805 7.541353 38.834586 21.140351
 0.205263 0.000453 62.355890 74.699248 0.001018 18.496241 17.406015 2.240602 5.338346 34.912281
 0.678947 0.000853 45.914787 57.706767 0.001467 18.947368 13.157895 4.428571 17.744361 31.929825
 0.149123 0.000561 79.398496 72.694236 0.001189 22.180451 25.000000 6.661654 13.796992 18.684211
 0.492982 0.000312 48.320802 71.190476 0.000716 18.796992 20.902256 2.849624 18.421053 33.771930
 0.143860 0.000242 53.934837 72.092732 0.000639 17.481203 14.887218 3.729323 7.481203 12.368421
 0.561404 0.001186 47.719298 74.849624 0.000488 20.563910 10.939850 4.947368 25.413534 28.859649
 0.624561 0.000695 57.142857 64.674185 0.000396 17.593985 24.097744 2.037594 34.887218 12.631579
 0.592982 0.001144 79.799499 68.684211 0.001239 23.082707 12.969925 5.195489 22.142857 35.438596
 0.643860 0.000439 72.481203 66.829574 0.001375 12.406015 13.082707 6.526316 29.699248 30.350877
 0.473684 0.001481 58.045113 61.867168 0.000653 11.015038 24.661654 2.533835 38.383459 20.438596
 0.315789 0.000930 44.511278 56.954887 0.000832 24.360902 14.962406 1.248120 8.947368 6.140351
 0.691228 0.001070 48.220551 59.160401 0.001267 15.563910 10.263158 9.255639 6.127820 28.771930
 0.512281 0.000719 64.160401 55.350877 0.001491 21.954887 20.939850 5.624060 25.526316 39.035088
 0.554386 0.001323 43.208020 59.210526 0.000677 15.112782 18.947368 9.503759 20.451128 24.473684
 0.180702 0.001039 66.466165 64.523810 0.000242 18.834586 15.375940 2.917293 46.729323 19.912281
 0.740351 0.000509 70.375940 73.195489 0.000207 21.804511 18.571429 7.654135 28.684211 31.491228
 0.721053 0.000926 68.270677 56.403509 0.000442 17.255639 16.090226 5.939850 49.097744 7.192982
 0.571930 0.000912 55.137845 67.130326 0.000323 10.000000 21.165414 4.812030 17.067669 33.333333
 0.298246 0.000533 43.107769 68.333333 0.000263 16.616541 15.075188 6.774436 39.624060 38.421053
 0.140351 0.000221 40.902256 57.055138 0.000435 10.864662 16.165414 2.466165 15.037594 10.263158
 0.401754 0.000586 70.676692 62.268170 0.001242 20.000000 18.421053 8.894737 33.646617 15.087719
 0.414035 0.000246 76.892231 71.491228 0.001277 16.992481 13.233083 7.857143 42.556391 22.017544
 0.201754 0.000309 55.238095 71.892231 0.000919 10.676692 24.172932 3.368421 17.406015 19.122807
 0.412281 0.000818 71.177945 71.290727 0.000800 20.827068 17.593985 9.097744 13.233083 30.701754
 0.277193 0.000372 72.180451 55.751880 0.000968 11.729323 20.451128 1.586466 16.165414 8.070175
 0.480702 0.001165 55.739348 68.483709 0.001572 14.548872 10.601504 5.263158 30.150376 12.807018
 0.398246 0.000996 64.461153 60.363409 0.001035 14.360902 17.443609 2.804511 41.541353 28.421053
 0.310526 0.000653 74.285714 61.215539 0.000302 22.744361 24.210526 4.789474 24.511278 20.789474
 0.447368 0.001439 71.378446 69.736842 0.000688 23.984962 21.315789 5.601504 27.218045 19.385965
 0.326316 0.000670 66.566416 66.929825 0.001218 17.744361 10.338346 8.556391 13.571429 29.736842
 0.463158 0.001379 50.325815 63.972431 0.001495 11.353383 18.383459 7.744361 29.022556 7.894737
 0.252632 0.001175 77.593985 68.634085 0.000965 20.714286 12.255639 3.751880 32.180451 26.140351
 0.578947 0.000512 60.952381 56.654135 0.000544 14.849624 10.075188 1.631579 8.270677 25.438596
 0.494737 0.000821 76.791980 61.015038 0.001372 17.819549 16.917293 8.308271 36.578947 36.228070
 0.485965 0.001512 52.030075 75.000000 0.001102 12.819549 23.045113 2.082707 41.766917 28.508772
 0.343860 0.001561 63.258145 70.939850 0.001579 13.872180 19.248120 3.932331 47.744361 33.245614
 0.101754 0.001077 40.501253 59.060150 0.001004 23.007519 22.406015 3.706767 16.503759 25.526316
 0.349123 0.000916 69.674185 62.468672 0.000909 15.300752 11.428571 3.120301 28.345865 17.192982
 0.471930 0.000951 66.967419 62.919799 0.000614 11.127820 11.390977 8.781955 39.511278 13.771930
 0.638596 0.001060 79.197995 55.701754 0.000979 14.624060 19.624060 9.526316 32.744361 23.333333
 0.628070 0.000789 78.796992 63.220551 0.000663 17.556391 21.278195 5.466165 11.541353 32.017544
 0.733333 0.000414 60.551378 55.200501 0.001270 21.240602 24.736842 5.218045 39.398496 25.877193
 0.663158 0.000491 49.824561 57.005013 0.000256 15.676692 19.060150 8.669173 15.150376 8.333333
 0.729825 0.001119 41.804511 67.531328 0.000611 16.879699 14.849624 5.556391 44.586466 8.508772
 0.254386 0.001537 61.453634 74.899749 0.000582 22.368421 13.007519 3.345865 35.451128 21.315789
 0.585965 0.001600 77.694236 67.080201 0.000239 19.060150 24.511278 8.082707 24.060150 31.140351
 0.542105 0.000239 46.817043 56.754386 0.000789 23.496241 24.060150 4.902256 7.255639 28.596491
 0.582456 0.001582 75.789474 64.022556 0.000547 16.315789 13.796992 6.503759 29.924812 23.947368
 0.345614 0.001491 46.315789 66.629073 0.000291 22.781955 10.526316 1.225564 47.180451 34.561404
 0.164912 0.000898 78.295739 58.408521 0.000372 20.187970 18.007519 1.293233 30.375940 5.701754
 0.338596 0.001519 42.907268 71.791980 0.001042 24.736842 18.759398 3.210526 45.714286 18.771930
 0.249123 0.001368 47.619048 60.062657 0.001211 16.090226 20.338346 5.398496 27.330827 20.175439
 0.115789 0.000484 60.451128 59.661654 0.000337 20.601504 11.766917 9.751880 48.308271 16.666667
 0.507018 0.001305 51.027569 69.135338 0.001032 18.458647 14.360902 4.203008 17.969925 13.157895
 0.457895 0.001540 41.203008 74.448622 0.000912 24.398496 23.571429 9.909774 41.992481 37.017544
 0.340351 0.001354 74.185464 56.052632 0.001091 15.827068 23.909774 6.571429 39.285714 7.719298
 0.519298 0.000842 59.348371 63.320802 0.000958 21.842105 10.864662 8.872180 49.210526 33.508772
 0.445614 0.000663 67.468672 59.611529 0.000270 12.180451 18.195489 6.323308 12.218045 10.000000
 0.757895 0.000947 74.686717 67.431078 0.000425 11.578947 24.248120 6.729323 46.954887 18.859649
 0.671930 0.000425 63.759398 61.716792 0.000937 22.293233 17.744361 2.285714 6.240602 29.473684
 0.154386 0.000305 65.764411 74.598997 0.001291 22.857143 16.278195 6.120301 40.075188 15.789474
 0.528070 0.000730 40.200501 65.125313 0.001098 23.909774 11.729323 6.684211 34.323308 34.210526
 0.329825 0.001593 67.568922 66.077694 0.001544 16.503759 13.120301 1.902256 39.172932 23.421053
 0.657895 0.000418 40.000000 70.538847 0.001105 22.969925 17.857143 7.586466 29.586466 15.350877
 0.736842 0.000263 51.328321 57.255639 0.001046 23.646617 12.105263 8.037594 30.601504 27.368421
