 0.366667 0.001095 76.090226 58.258145
 0.177193 0.000995 56.140351 61.967419
 0.715789 0.001561 42.406015 69.385965
 0.768421 0.001143 65.162907 74.298246
 0.324561 0.000926 55.438596 71.390977
 0.559649 0.001365 48.020050 59.060150
 0.289474 0.001591 62.456140 59.360902
 0.126316 0.001495 76.290727 59.010025
 0.705263 0.000869 48.521303 68.433584
 0.424561 0.000595 49.423559 70.989975
 0.168421 0.001326 56.040100 57.556391
 0.675439 0.001558 58.446115 60.012531
 0.708772 0.000406 70.576441 73.095238
 0.124561 0.001275 66.065163 55.250627
 0.543860 0.001047 45.714286 74.849624
 0.317544 0.001359 63.859649 74.248120
 0.312281 0.000671 49.022556 62.218045
 0.642105 0.000415 52.832080 72.493734
 0.566667 0.000917 74.185464 68.984962
 0.771930 0.001035 65.964912 57.656642
 0.375439 0.000424 56.842105 71.591479
 0.726316 0.000490 54.937343 73.145363
 0.761404 0.000896 68.571429 64.724311
 0.682456 0.001564 49.122807 67.681704
 0.717544 0.000800 47.117794 65.476190
 0.800000 0.000947 46.416040 58.809524
 0.700000 0.001290 64.761905 75.000000
 0.722807 0.001284 64.962406 62.368421
 0.666667 0.000977 55.037594 72.894737
 0.175439 0.001408 69.974937 66.578947
 0.461404 0.001149 64.060150 73.746867
 0.208772 0.000544 77.493734 70.388471
 0.636842 0.000839 53.433584 65.375940
 0.271930 0.001543 41.403509 57.105263
 0.159649 0.001426 78.195489 70.939850
 0.617544 0.000635 70.776942 57.055138
 0.610526 0.001423 43.809524 73.295739
 0.100000 0.000914 62.556391 73.546366
 0.117544 0.000785 43.709273 56.453634
 0.521053 0.000740 55.639098 66.879699
 0.454386 0.001134 47.017544 69.536341
 0.268421 0.000508 56.942356 63.270677
 0.303509 0.001023 75.889724 64.122807
 0.631579 0.001380 62.155388 61.516291
 0.152632 0.001119 74.586466 67.280702
 0.505263 0.000638 66.967419 63.370927
 0.635088 0.001005 61.453634 57.406015
 0.556140 0.000899 76.591479 57.155388
 0.228070 0.001155 50.526316 63.621554
 0.777193 0.001110 71.077694 56.102757
 0.184211 0.000617 66.365915 57.506266
 0.417544 0.000866 75.588972 70.187970
 0.410526 0.000836 50.125313 58.959900
 0.200000 0.001194 52.330827 56.503759
 0.380702 0.000457 49.924812 64.774436
 0.284211 0.000734 61.954887 69.335840
 0.129825 0.000809 57.343358 55.802005
 0.359649 0.000580 58.947368 70.789474
 0.550877 0.000707 52.631579 58.107769
 0.377193 0.000430 60.150376 55.852130
 0.149123 0.001362 62.957393 68.834586
 0.633333 0.001471 60.751880 71.240602
 0.142105 0.000421 51.729323 56.002506
 0.226316 0.001179 48.120301 60.914787
 0.680702 0.001335 58.245614 65.827068
 0.112281 0.000469 48.822055 70.538847
 0.426316 0.000541 61.654135 72.593985
 0.294737 0.001435 77.293233 72.293233
 0.342105 0.000478 78.596491 70.839599
 0.135088 0.001305 60.852130 64.624060
 0.368421 0.000983 42.506266 60.614035
 0.170175 0.001197 49.624060 68.784461
 0.463158 0.001486 63.057644 65.726817
 0.435088 0.000674 48.621554 73.646617
 0.278947 0.000451 57.944862 70.739348
 0.696491 0.001281 79.598997 68.383459
 0.552632 0.001059 71.779449 62.568922
 0.503509 0.000511 46.015038 60.463659
 0.791228 0.001323 50.426065 61.115288
 0.235088 0.001263 73.984962 68.583960
 0.663158 0.001468 53.233083 62.518797
 0.798246 0.000659 43.408521 70.338346
 0.464912 0.001447 56.240602 72.744361
 0.782456 0.000779 41.904762 66.729323
 0.605263 0.000529 79.498747 56.553885
 0.475439 0.001573 45.112782 67.481203
 0.573684 0.000427 54.636591 60.714286
 0.784211 0.001441 69.473684 60.864662
 0.501754 0.000773 70.275689 65.927318
 0.794737 0.000526 69.874687 72.142857
 0.266667 0.000602 72.280702 67.581454
 0.321053 0.000767 67.167920 70.037594
 0.163158 0.001519 69.373434 70.137845
 0.408772 0.001293 48.421053 61.616541
 0.659649 0.000938 41.704261 55.701754
 0.419298 0.001200 76.390977 62.468672
 0.668421 0.000719 62.756892 64.924812
 0.350877 0.001167 62.055138 61.265664
 0.529825 0.001212 69.072682 73.395990
 0.756140 0.001480 42.305764 60.213033
 0.515789 0.000821 42.205514 59.110276
 0.171930 0.001570 58.646617 55.902256
 0.331579 0.001516 61.253133 55.050125
 0.478947 0.001492 41.002506 64.223058
 0.742105 0.001242 72.681704 73.596491
 0.522807 0.001176 46.115288 67.531328
 0.714035 0.000403 65.263158 55.551378
 0.198246 0.000803 47.218045 58.007519
 0.594737 0.001465 57.744361 57.807018
 0.407018 0.001116 40.802005 64.273183
 0.766667 0.001233 40.000000 61.466165
 0.568421 0.001597 47.318296 69.987469
 0.647368 0.000782 68.471178 65.175439
 0.500000 0.000641 65.864662 56.804511
 0.601754 0.001350 45.914787 67.030075
 0.524561 0.001386 74.786967 59.411028
 0.626316 0.000577 57.142857 65.977444
 0.477193 0.000532 60.350877 62.117794
 0.470175 0.001158 78.496241 73.796992
 0.547368 0.000737 44.611529 55.150376
 0.292982 0.001308 50.827068 59.511278
 0.122807 0.000662 78.696742 67.330827
 0.687719 0.001489 63.959900 60.062657
 0.222807 0.000944 51.027569 67.882206
 0.489474 0.001041 64.561404 69.436090
 0.114035 0.000935 45.513784 55.350877
 0.773684 0.001405 72.982456 72.243108
 0.745614 0.000514 53.634085 64.423559
 0.619298 0.001320 66.265664 71.741855
 0.308772 0.000971 51.829574 62.669173
 0.259649 0.001341 48.721805 68.884712
 0.133333 0.001371 76.190476 61.917293
 0.243860 0.000989 67.769424 55.651629
 0.291228 0.001392 45.313283 70.889724
 0.652632 0.001374 66.466165 65.877193
 0.178947 0.001182 69.774436 74.548872
 0.300000 0.001089 54.436090 60.263158
 0.315789 0.000704 54.235589 67.932331
 0.449123 0.000589 79.699248 66.328321
 0.298246 0.001549 68.872180 66.077694
 0.219298 0.000460 64.260652 62.969925
 0.629825 0.000863 52.230576 73.897243
 0.328070 0.000911 44.310777 68.233083
 0.364912 0.000806 51.228070 62.167920
 0.182456 0.000484 61.353383 69.085213
 0.589474 0.001398 72.080201 61.817043
 0.575439 0.000758 60.050125 69.786967
 0.392982 0.001257 47.819549 57.907268
 0.526316 0.001113 79.799499 57.857143
 0.684211 0.000965 66.666667 55.000000
 0.557895 0.001029 49.223058 72.543860
 0.749123 0.001510 70.175439 65.676692
 0.229825 0.001050 79.899749 66.979950
 0.770175 0.000986 52.932331 67.781955
 0.145614 0.001080 48.922306 74.097744
 0.138596 0.000698 70.877193 66.528822
 0.405263 0.001582 74.486216 61.365915
 0.436842 0.000448 75.087719 59.561404
 0.196491 0.001215 62.857143 69.185464
 0.254386 0.000409 73.182957 74.348371
 0.352632 0.000502 59.548872 65.225564
 0.238596 0.000875 55.338346 58.609023
 0.600000 0.001585 40.701754 59.711779
 0.584211 0.000962 44.010025 59.812030
 0.661404 0.001164 62.255639 65.325815
 0.703509 0.000860 61.052632 69.937343
 0.173684 0.001332 55.538847 68.934837
 0.187719 0.000701 51.528822 57.305764
 0.394737 0.001086 70.075188 71.441103
 0.563158 0.001122 63.157895 63.471178
 0.482456 0.000475 56.741855 70.288221
 0.607018 0.001534 77.393484 71.090226
 0.391228 0.001251 76.691729 73.847118
 0.147368 0.000992 75.689223 70.087719
 0.107018 0.001071 74.085213 64.874687
 0.778947 0.000620 73.784461 66.177945
 0.191228 0.000520 46.516291 74.498747
 0.301754 0.000872 73.383459 58.859649
 0.694737 0.001368 68.972431 58.909774
 0.285965 0.001438 43.308271 62.869674
 0.347368 0.001098 46.917293 67.832080
 0.414035 0.001540 75.488722 73.496241
 0.545614 0.001083 54.837093 65.426065
 0.577193 0.001483 77.794486 56.303258
 0.314035 0.000776 43.909774 58.508772
 0.214035 0.000626 69.172932 61.315789
 0.203509 0.001170 44.110276 57.756892
 0.570175 0.000755 67.368421 73.947368
 0.538596 0.000523 76.491228 71.340852
 0.247368 0.001062 52.431078 69.586466
 0.580702 0.000908 53.734336 69.887218
 0.480702 0.000749 52.531328 59.962406
 0.608772 0.001444 40.401003 55.501253
 0.764912 0.000611 52.731830 68.283208
 0.403509 0.000553 61.152882 58.157895
 0.194737 0.001311 46.616541 72.393484
 0.452632 0.000884 60.250627 65.776942
 0.498246 0.000623 78.897243 61.165414
 0.785965 0.000598 69.273183 60.363409
 0.656140 0.001248 42.005013 74.649123
 0.614035 0.000505 59.649123 60.313283
 0.322807 0.001453 46.817043 56.353383
 0.671930 0.000499 47.518797 65.275689
 0.643860 0.001299 72.581454 71.791980
 0.664912 0.000920 55.939850 56.904762
 0.673684 0.001302 50.025063 74.749373
 0.150877 0.000680 79.298246 63.571429
 0.157895 0.000881 50.225564 61.015038
 0.161404 0.000887 68.370927 55.601504
 0.421053 0.001125 51.629073 58.208020
 0.136842 0.000436 71.979950 66.278195
 0.689474 0.001074 67.969925 74.799499
 0.431579 0.001020 78.095238 71.942356
 0.221053 0.000565 75.288221 64.824561
 0.363158 0.001173 41.503759 72.694236
 0.128070 0.000586 65.062657 67.731830
 0.296491 0.000764 72.781955 55.401003
 0.719298 0.001161 46.215539 73.696742
 0.357895 0.001383 64.862155 62.769424
 0.310526 0.001338 58.546366 64.373434
 0.210526 0.001191 41.303258 63.671679
 0.587719 0.001206 62.355890 69.837093
 0.447368 0.001017 44.711779 62.418546
 0.536842 0.000713 53.132832 63.421053
 0.282456 0.000890 65.664160 73.446115
 0.731579 0.001537 67.869674 58.358396
 0.456140 0.000433 77.192982 72.844612
 0.724561 0.001185 68.170426 60.513784
 0.185965 0.000574 54.736842 63.521303
 0.189474 0.000677 43.508772 58.558897
 0.233333 0.000653 42.706767 74.197995
 0.373684 0.001414 56.641604 60.112782
 0.240351 0.000878 45.213033 66.478697
 0.261404 0.001474 68.070175 71.842105
 0.514035 0.000562 53.032581 74.047619
 0.428070 0.001456 54.536341 65.576441
 0.385965 0.001008 67.067669 64.974937
 0.747368 0.000761 54.035088 65.526316
 0.119298 0.000695 59.147870 73.245614
 0.445614 0.000689 61.754386 70.689223
 0.242105 0.000400 63.458647 73.045113
 0.440351 0.000893 53.834586 62.318296
 0.591228 0.000559 78.997494 66.027569
 0.384211 0.001002 77.994987 67.230576
 0.582456 0.000629 73.082707 72.794486
 0.640351 0.001065 69.674185 60.162907
 0.615789 0.001588 67.669173 62.819549
 0.443860 0.000857 40.300752 73.345865
 0.121053 0.001068 56.441103 65.626566
 0.792982 0.001579 79.097744 56.604010
 0.250877 0.000538 57.443609 66.629073
 0.649123 0.001128 72.380952 63.872180
 0.396491 0.000848 64.360902 59.912281
 0.763158 0.000412 58.847118 63.721805
 0.305263 0.001353 52.130326 56.253133
 0.612281 0.000722 56.541353 64.323308
 0.510526 0.000632 67.268170 60.563910
 0.442105 0.000974 53.533835 71.641604
 0.270175 0.001459 61.854637 70.438596
 0.796491 0.000941 57.243108 69.686717
 0.415789 0.001356 66.165414 66.829574
 0.207018 0.000743 46.716792 68.132832
 0.108772 0.001140 73.283208 73.997494
 0.701754 0.000833 71.278195 61.416040
 0.236842 0.001236 57.844612 72.042607
 0.336842 0.000791 45.012531 63.822055
 0.692982 0.001411 74.285714 70.488722
 0.105263 0.000442 69.573935 71.691729
 0.264912 0.001107 71.578947 64.072682
 0.356140 0.001528 66.766917 74.949875
 0.535088 0.001230 45.614035 71.140351
 0.780702 0.000571 51.127820 60.664160
 0.433333 0.000550 54.335840 57.957393
 0.487719 0.000746 44.210526 64.172932
 0.759649 0.000535 62.656642 69.486216
 0.457895 0.000568 40.100251 58.659148
 0.728070 0.001260 59.849624 72.944862
 0.245614 0.000466 44.912281 67.982456
 0.257895 0.001594 50.626566 69.636591
 0.459649 0.001221 63.358396 66.127820
 0.231579 0.000583 40.601504 61.566416
 0.307018 0.000905 51.428571 66.378446
 0.738596 0.000493 59.749373 57.456140
 0.215789 0.001077 68.771930 70.238095
 0.371930 0.000445 65.463659 63.170426
 0.484211 0.001477 74.385965 63.922306
 0.517544 0.001429 55.839599 68.734336
 0.598246 0.000968 50.927318 55.100251
 0.273684 0.001131 74.987469 71.992481
 0.205263 0.001296 73.684211 57.355890
 0.743860 0.000827 42.105263 72.644110
 0.361404 0.001329 54.135338 70.588972
 0.263158 0.001092 64.661654 63.771930
 0.131579 0.000752 45.413534 71.541353
 0.166667 0.001522 49.523810 59.461153
 0.540351 0.001218 56.340852 62.619048
 0.752632 0.000647 41.102757 58.458647
 0.650877 0.001032 51.929825 68.182957
 0.596491 0.000608 47.418546 56.704261
 0.710526 0.001450 65.363409 68.533835
 0.491228 0.001504 44.812030 55.451128
 0.287719 0.001224 59.047619 59.761905
 0.110526 0.000902 43.609023 61.666667
 0.531579 0.001501 49.323308 60.413534
 0.450877 0.000728 80.000000 63.120301
 0.156140 0.000770 75.989975 69.285714
 0.789474 0.000980 70.476190 72.343358
 0.621053 0.000956 58.746867 59.862155
 0.712281 0.001432 77.894737 58.709273
 0.496491 0.000794 49.724311 66.779449
 0.787719 0.001555 50.726817 68.032581
 0.333333 0.001278 75.388471 58.759398
 0.387719 0.001417 57.543860 67.631579
 0.335088 0.000842 59.448622 55.952381
 0.654386 0.000692 68.671679 68.684211
 0.256140 0.001314 71.478697 63.070175
 0.528070 0.001104 53.333333 60.814536
 0.622807 0.001203 75.789474 61.766917
 0.735088 0.001056 44.411028 62.719298
 0.382456 0.001576 45.814536 57.205514
 0.645614 0.001420 63.659148 56.203008
 0.429825 0.000815 71.679198 58.308271
 0.422807 0.001053 55.137845 66.228070
 0.775439 0.000716 79.398496 74.398496
 0.370175 0.001317 42.606516 62.067669
 0.217544 0.001101 74.887218 59.260652
 0.212281 0.001269 57.042607 55.300752
 0.354386 0.000818 57.644110 60.764411
 0.729825 0.000472 65.563910 65.075188
 0.280702 0.000683 63.558897 64.573935
 0.466667 0.000517 70.977444 68.082707
 0.103509 0.001395 72.882206 71.040100
 0.564912 0.001239 41.604010 57.606516
 0.224561 0.000851 61.553885 65.025063
 0.677193 0.000656 73.884712 67.380952
 0.319298 0.001525 47.919799 74.699248
 0.678947 0.001347 59.949875 57.706767
 0.685965 0.000998 75.187970 70.639098
 0.492982 0.000496 48.320802 67.130326
 0.143860 0.000725 53.934837 72.092732
 0.624561 0.001245 47.719298 69.035088
 0.561404 0.000824 78.395990 64.674185
 0.592982 0.000710 76.992481 59.210526
 0.389474 0.000605 72.481203 58.057644
 0.473684 0.001498 58.045113 61.867168
 0.754386 0.001026 44.511278 56.954887
 0.691228 0.001146 48.220551 59.160401
 0.512281 0.000845 64.160401 72.443609
 0.554386 0.001377 43.208020 60.964912
 0.180702 0.001011 60.651629 64.523810
 0.740351 0.000665 70.375940 73.195489
 0.721053 0.000614 68.270677 56.403509
 0.571930 0.000830 43.007519 71.190476
 0.275439 0.000686 43.107769 68.333333
 0.140351 0.000418 40.902256 72.994987
 0.401754 0.000731 70.676692 62.268170
 0.698246 0.000439 76.892231 71.491228
 0.201754 0.000481 55.238095 71.892231
 0.412281 0.000929 71.177945 67.180451
 0.277193 0.000547 72.180451 55.751880
 0.549123 0.001227 55.739348 68.483709
 0.398246 0.000923 64.461153 69.235589
 0.508772 0.000788 73.583960 61.215539
 0.378947 0.001462 71.378446 69.736842
 0.326316 0.001266 66.566416 66.929825
 0.707018 0.001344 50.325815 63.972431
 0.252632 0.001513 77.593985 68.634085
 0.578947 0.000668 60.952381 56.654135
 0.494737 0.000932 76.791980 74.147870
 0.485965 0.000812 52.030075 72.192982
 0.343860 0.001567 63.258145 63.020050
 0.101754 0.001152 40.501253 66.679198
 0.349123 0.001014 71.879699 62.017544
 0.471930 0.001044 77.092732 62.919799
 0.628070 0.001137 79.197995 56.854637
 0.638596 0.000487 78.796992 63.220551
 0.733333 0.001552 60.551378 55.200501
 0.468421 0.000650 49.824561 57.005013
 0.603509 0.001188 41.804511 71.290727
 0.750877 0.001546 66.867168 74.899749
 0.585965 0.001600 77.694236 67.080201
 0.542105 0.000953 59.248120 56.754386
 0.533333 0.001272 73.483709 64.022556
 0.345614 0.001507 46.315789 66.428571
 0.164912 0.001209 78.295739 58.408521
 0.338596 0.001531 42.907268 59.310777
 0.249123 0.001402 47.619048 64.473684
 0.115789 0.000644 60.451128 59.661654
 0.507018 0.000959 42.807018 69.135338
 0.438596 0.001038 41.203008 74.448622
 0.340351 0.001389 58.145363 56.052632
 0.519298 0.000950 59.348371 63.320802
 0.670175 0.000797 67.468672 59.611529
 0.757895 0.001287 74.686717 67.431078
 0.400000 0.000592 63.759398 61.716792
 0.154386 0.000463 65.764411 74.598997
 0.192982 0.000854 40.200501 65.125313
 0.329825 0.001254 67.568922 61.065163
 0.657895 0.000556 58.345865 56.152882
 0.736842 0.000454 51.328321 57.255639
