20834.004311143945
9493.892676633468
8993.276957627164
7113.681721899045
19492.196458047223
11907.205209312515
16061.554549907536
13748.68773583246
9127.843600125074
3722.7357572738747
13594.80251532507
1465.5105750399991
14846.928490892624
8305.494586157478
8563.145492782427
19469.134378954644
8167.230624056253
13824.985439517965
34264.27995663754
10766.819187788416
1434.209538586308
17652.34955352908
16139.10331666398
13130.644029222974
11770.064175089045
14000.837451322577
1960.9821618168812
8030.765705321693
21187.989008801505
30277.161480668252
25967.20446550659
1813.2210222888812
12065.993214979157
4857.653388898336
5246.485807164327
15410.621419751964
11804.09445821059
17713.772935890447
21633.73855751363
4854.609672241446
11059.722820268886
17871.396671962237
10072.560185910184
11801.106311848385
14697.169802255232
19314.49135966698
14402.855645842545
3725.441662597187
17646.00459964104
4506.088702120697
15988.71915618868
18508.781822521214
1050.6092654690517
11626.839526348267
14577.451311407225
12591.688579227595
2068.464933475589
9006.11647919504
27238.87263589552
21789.293989169124
8256.493237177554
19253.381582706177
4098.135861906938
12107.042679637834
2396.0590234537162
38198.026652465516
1101.5071590215462
5204.568400454986
8800.906580659146
13388.931172315471
10227.591386416172
14677.410390825655
8746.72676772395
25200.27966483956
4109.268755274249
20246.411537018925
19636.26250440404
18564.153486107763
20940.95449579141
10405.808259318128
12875.75796989068
9678.899149407702
9843.031504184035
24103.993905904492
14166.03238534985
26597.37719962769
3404.340304619904
32233.68070156916
13130.518803377698
14061.547193125612
1945.267386460461
16843.36070001752
7083.352110039473
8361.781144548177
7607.70399448354
5352.195654137696
12339.767354542138
12143.575856291502
12933.469371539102
3043.9366950994563
23543.305829059915
7394.0539456931765
12006.309902411283
18301.35709843881
13804.122049132731
6458.057200918528
13537.245480373824
18676.457698284677
2557.2762707800307
3834.4363746554613
11241.06153789507
19644.42136720267
8280.801595735113
1547.304708162363
9441.78414305903
12190.236008611737
10197.974287374618
15148.765510474384
1641.7934829927344
9845.009905561652
3475.2437992061605
3796.6854343909395
7121.978056059088
15763.700953138377
2187.668452334263
27753.811722086448
14327.835486336862
6095.9515871676385
25075.600167902994
10155.542051670096
14428.483298760983
24450.93990973752
4800.468340307898
29033.092634387936
2951.7695946825224
31169.565167468634
7232.136981514477
11397.074788137752
16037.51960551401
4926.5386718981945
23270.80684215779
3222.386708083151
1486.2516358232092
6738.998176760467
5155.411505934789
7175.639894295221
6768.186725538362
26061.01134184266
9475.135299229818
9358.96222183097
2159.503272825603
8791.912357369552
5702.387842298723
6108.5714590020325
8235.598442809453
5811.211834067596
2586.8055559855766
11225.484853026228
25660.07217346392
30565.68140270972
4562.952084319908
1355.5543886282426
7492.716029086025
19721.953591081812
9098.151856085966
18355.58496884748
16548.79252082254
7522.550365495307
6164.81969842985
8716.437555787204
1889.5885599233952
21661.587792928884
922.3208337444128
16500.68670678847
2762.9727079234126
34738.40479336731
1238.7404027165512
10109.883539763787
21031.607103863622
28979.146129847948
20578.925806470525
14799.44964674816
1274.0018665932823
7465.310796145462
5697.004912655237
15150.67986538807
3456.2778577906124
18885.54827422836
22569.04864732312
8351.66741001878
19551.18809078632
6652.412770929091
20850.880316901603
17660.177122486413
2894.7619383143483
24623.956339973374
7753.794060928463
4758.676854318433
1887.1655665370513
7320.27868600188
16841.08810011843
5578.35860221604
7210.49564998565
24145.202855137868
12091.08676244487
1670.472550421254
13299.320813205364
13712.77827776732
19066.492269496874
9885.453846121825
2028.201927677811
4472.535961383268
25473.81137945441
4379.604923823517
11160.146666233584
3682.5522421753262
4218.129073415781
3515.0938464084893
12134.481301610514
28473.85921234579
17147.391236539384
14795.712496672137
6552.081262293467
1499.2754412558368
7563.094281310597
32958.820583098954
9558.780295787954
23559.88208386235
13278.651387358119
12256.418393167525
19483.833932551475
8844.027082200662
29383.108453979567
19088.987149148124
15881.28966709577
15009.67384839735
15635.824641273652
6146.379646238085
1991.812071162451
19258.559096800258
32344.89614127675
9344.861879664199
12473.486398612253
17683.200384633823
1794.5203007846967
12709.625561435909
18668.32824495528
7526.330036377954
7555.338141590305
12644.09619604633
8084.290991895718
19359.849729531918
17257.127924087054
2844.0510882303843
7318.2949569622015
5766.408359429748
9464.993020533162
20292.467001195764
11680.576656633833
12409.524944075214
5176.3676426486345
16046.963843232925
4793.919117625905
2244.8653916961
4289.583280039656
10873.149362153998
11819.268950940728
23158.09800118069
3874.449081719645
10602.175307465744
12070.017493803121
26296.91826077071
11996.65331979512
8777.351015479488
18415.835840682856
7630.695989176164
13587.458861000752
10047.57100101344
15702.687951547468
2445.4840960322367
8133.225621117451
3212.8799285232876
10373.064424972741
15824.899757754047
5616.506855736389
6847.283847459657
9122.9544307162
24941.80220391918
5892.411815057148
20999.9338358886
10651.377440098
1084.190019909088
16708.84674754102
5005.815030190533
7825.729043617612
4529.389039255677
5870.135773236397
21442.24476188095
5452.691379938342
2141.4835715067306
16064.088917412251
3064.7693598777587
25971.142176970992
2114.411212528678
2187.5004656595297
10681.273208702796
10313.887226404508
21478.47635841033
1591.1160316882647
5425.624863967843
1805.3140095107144
23538.330228210783
19976.118141073683
11782.155684665346
14749.435582613844
24188.124422383265
1019.8917846339789
12261.1622658556
9664.657128569756
2184.0001054652525
4915.68294612025
17037.472262150633
19102.20022179106
13506.835110407848
7140.471300311096
11561.893000223807
24895.07645120936
8337.63811857445
20679.776939930827
7443.014333882132
19746.494450528546
3947.602904167885
11838.522323636093
14070.004409932963
6070.597803861882
8946.588768631827
18860.881303131664
3932.3909880816077
3236.971541439134
9048.304506320168
12478.626086044189
2044.4853185664049
13958.758277538576
27848.4638687742
11545.857494077058
10502.228693078927
27690.32708076261
7235.8628222608195
7562.211222303558
2658.4085290393705
884.3217582197142
6264.343418511555
8828.246789170526
2892.2656360832593
14433.745875260125
9481.900466702686
18694.901228508796
14333.293787136041
5395.429834970539
17462.711953181468
33200.17021105891
13665.114653487633
919.7191405148483
2833.5619624844794
22592.8650788218
25914.6958646033
14938.374926295137
19887.00030775775
13089.78193755908
13813.62909522118
16834.83864476075
4020.4202476216087
22752.27919033513
26789.73367878205
10752.39781064462
3824.144752014956
4304.680381586619
2568.48780933615
10786.343463602298
10493.393109908005
1075.268169652423
1976.6108636225674
10787.199899173129
10323.724034434446
3077.5916885101246
6125.45895580907
11564.097598602899
9700.862282962204
16198.583565050745
2886.194376925007
10457.43975328526
15460.300839260228
6745.156159665353
9024.615820877309
5878.1966752528215
11283.7451228784
14573.83962735944
24022.91425586533
8060.497859692084
13970.704467398951
