 0.400000 0.000800 60.000000 65.000000 0.000800 17.500000 17.500000 5.000000 27.500000 22.500000
 0.600000 0.001200 70.000000 70.000000 0.001200 21.250000 21.250000 7.500000 38.750000 31.250000
 0.500000 0.001400 65.000000 72.500000 0.001000 23.125000 19.375000 8.750000 44.375000 26.875000
 0.700000 0.001000 75.000000 67.500000 0.001400 19.375000 23.125000 6.250000 33.125000 35.625000
 0.450000 0.001300 77.500000 73.750000 0.001300 18.437500 20.312500 6.875000 47.187500 33.437500
 0.650000 0.000900 67.500000 68.750000 0.000900 22.187500 24.062500 9.375000 35.937500 24.687500
 0.550000 0.001100 72.500000 66.250000 0.001500 24.062500 18.437500 8.125000 30.312500 37.812500
 0.750000 0.001500 62.500000 71.250000 0.001100 20.312500 22.187500 5.625000 41.562500 29.062500
 0.425000 0.001550 73.750000 68.125000 0.000950 17.968750 20.781250 7.812500 45.781250 34.531250
 0.625000 0.001150 63.750000 73.125000 0.001350 21.718750 24.531250 5.312500 34.531250 25.781250
 0.525000 0.000950 78.750000 70.625000 0.001150 23.593750 18.906250 6.562500 28.906250 38.906250
 0.725000 0.001350 68.750000 65.625000 0.001550 19.843750 22.656250 9.062500 40.156250 30.156250
 0.475000 0.001050 66.250000 71.875000 0.001250 18.906250 17.968750 9.687500 31.718750 23.593750
 0.675000 0.001450 76.250000 66.875000 0.000850 22.656250 21.718750 7.187500 42.968750 32.343750
 0.575000 0.001250 61.250000 69.375000 0.001450 24.531250 19.843750 5.937500 48.593750 27.968750
 0.775000 0.000850 71.250000 74.375000 0.001050 20.781250 23.593750 8.437500 37.343750 36.718750
 0.412500 0.001225 68.125000 67.187500 0.001175 19.609375 24.765625 6.406250 29.609375 37.265625
 0.612500 0.000825 78.125000 72.187500 0.001575 23.359375 21.015625 8.906250 40.859375 28.515625
 0.512500 0.001025 63.125000 74.687500 0.000975 21.484375 22.890625 7.656250 46.484375 32.890625
 0.712500 0.001425 73.125000 69.687500 0.001375 17.734375 19.140625 5.156250 35.234375 24.140625
 0.462500 0.000925 70.625000 73.437500 0.001475 20.546875 21.953125 5.781250 49.296875 30.703125
 0.662500 0.001325 60.625000 68.437500 0.001075 24.296875 18.203125 8.281250 38.046875 39.453125
 0.562500 0.001525 75.625000 65.937500 0.001275 22.421875 23.828125 9.531250 32.421875 26.328125
 0.762500 0.001125 65.625000 70.937500 0.000875 18.671875 20.078125 7.031250 43.671875 35.078125
 0.437500 0.001175 76.875000 69.062500 0.001025 20.078125 21.484375 9.218750 45.078125 29.609375
 0.637500 0.001575 66.875000 74.062500 0.001425 23.828125 17.734375 6.718750 33.828125 38.359375
 0.537500 0.001375 71.875000 71.562500 0.000825 21.953125 23.359375 5.468750 28.203125 25.234375
 0.737500 0.000975 61.875000 66.562500 0.001225 18.203125 19.609375 7.968750 39.453125 33.984375
 0.487500 0.001475 64.375000 70.312500 0.001525 21.015625 24.296875 8.593750 31.015625 36.171875
 0.687500 0.001075 74.375000 65.312500 0.001125 24.765625 20.546875 6.093750 42.265625 27.421875
 0.587500 0.000875 69.375000 67.812500 0.001325 22.890625 22.421875 7.343750 47.890625 31.796875
 0.787500 0.001275 79.375000 72.812500 0.000925 19.140625 18.671875 9.843750 36.640625 23.046875
 0.406250 0.001438 79.062500 71.718750 0.001438 24.414063 23.007813 9.453125 39.804688 36.992188
 0.606250 0.001038 69.062500 66.718750 0.001038 20.664063 19.257813 6.953125 28.554688 28.242188
 0.506250 0.000838 74.062500 69.218750 0.001238 18.789063 24.882813 5.703125 34.179688 32.617188
 0.706250 0.001238 64.062500 74.218750 0.000838 22.539063 21.132813 8.203125 45.429688 23.867188
 0.456250 0.001138 61.562500 67.968750 0.001138 23.476563 23.945313 7.578125 36.992188 30.429688
 0.656250 0.001538 71.562500 72.968750 0.001538 19.726563 20.195313 5.078125 48.242188 39.179688
 0.556250 0.001338 66.562500 70.468750 0.000938 17.851563 22.070313 6.328125 42.617188 26.054688
 0.756250 0.000938 76.562500 65.468750 0.001338 21.601563 18.320313 8.828125 31.367188 34.804688
 0.431250 0.000988 65.312500 74.843750 0.001588 24.882813 23.476563 7.265625 35.585938 29.335938
 0.631250 0.001388 75.312500 69.843750 0.001188 21.132813 19.726563 9.765625 46.835938 38.085938
 0.531250 0.001588 60.312500 67.343750 0.001388 19.257813 21.601563 8.515625 41.210938 24.960938
 0.731250 0.001188 70.312500 72.343750 0.000988 23.007813 17.851563 6.015625 29.960938 33.710938
 0.481250 0.001288 72.812500 66.093750 0.001088 23.945313 22.539063 5.390625 44.023438 35.898438
 0.681250 0.000888 62.812500 71.093750 0.001488 20.195313 18.789063 7.890625 32.773438 27.148438
 0.581250 0.001088 77.812500 73.593750 0.000888 18.320313 24.414063 9.140625 38.398438 31.523438
 0.781250 0.001488 67.812500 68.593750 0.001288 22.070313 20.664063 6.640625 49.648438 22.773438
 0.418750 0.001012 72.187500 70.781250 0.001363 22.304688 19.492188 8.359375 40.507813 23.320313
 0.618750 0.001413 62.187500 65.781250 0.000963 18.554688 23.242188 5.859375 29.257813 32.070313
 0.518750 0.001213 77.187500 68.281250 0.001563 20.429688 17.617188 7.109375 34.882813 27.695313
 0.718750 0.000813 67.187500 73.281250 0.001163 24.179688 21.367188 9.609375 46.132813 36.445313
 0.468750 0.001513 69.687500 69.531250 0.000863 21.367188 18.554688 8.984375 37.695313 34.257813
 0.668750 0.001113 79.687500 74.531250 0.001263 17.617188 22.304688 6.484375 48.945313 25.507813
 0.568750 0.000913 64.687500 72.031250 0.001063 19.492188 20.429688 5.234375 43.320313 38.632813
 0.768750 0.001313 74.687500 67.031250 0.001463 23.242188 24.179688 7.734375 32.070313 29.882813
 0.443750 0.001363 63.437500 72.656250 0.001213 22.773438 19.023438 6.171875 33.476563 35.351563
 0.643750 0.000963 73.437500 67.656250 0.000813 19.023438 22.773438 8.671875 44.726563 26.601563
 0.543750 0.001163 68.437500 65.156250 0.001413 20.898438 20.898438 9.921875 39.101563 39.726563
 0.743750 0.001563 78.437500 70.156250 0.001012 24.648438 24.648438 7.421875 27.851563 30.976563
 0.493750 0.000863 75.937500 66.406250 0.000913 21.835938 19.960938 6.796875 41.914063 24.414063
 0.693750 0.001263 65.937500 71.406250 0.001313 18.085938 23.710938 9.296875 30.664063 33.164063
 0.593750 0.001463 70.937500 73.906250 0.001113 19.960938 18.085938 8.046875 36.289063 28.789063
 0.793750 0.001063 60.937500 68.906250 0.001513 23.710938 21.835938 5.546875 47.539063 37.539063
 0.403125 0.001331 70.468750 68.828125 0.001581 18.964844 23.886719 6.679688 43.144531 31.933594
 0.603125 0.000931 60.468750 73.828125 0.001181 22.714844 20.136719 9.179688 31.894531 23.183594
 0.503125 0.001131 75.468750 71.328125 0.001381 24.589844 22.011719 7.929688 37.519531 36.308594
 0.703125 0.001531 65.468750 66.328125 0.000981 20.839844 18.261719 5.429688 48.769531 27.558594
 0.453125 0.000831 67.968750 70.078125 0.001081 18.027344 22.949219 6.054688 34.707031 25.371094
 0.653125 0.001231 77.968750 65.078125 0.001481 21.777344 19.199219 8.554688 45.957031 34.121094
 0.553125 0.001431 62.968750 67.578125 0.000881 23.652344 24.824219 9.804688 40.332031 29.746094
 0.753125 0.001031 72.968750 72.578125 0.001281 19.902344 21.074219 7.304688 29.082031 38.496094
 0.428125 0.001081 64.218750 66.953125 0.001431 18.496094 22.480469 8.867188 36.113281 26.464844
 0.628125 0.001481 74.218750 71.953125 0.001031 22.246094 18.730469 6.367188 47.363281 35.214844
 0.528125 0.001281 69.218750 74.453125 0.001231 24.121094 24.355469 5.117188 41.738281 30.839844
 0.728125 0.000881 79.218750 69.453125 0.000831 20.371094 20.605469 7.617188 30.488281 39.589844
 0.478125 0.001581 76.718750 73.203125 0.001131 17.558594 23.417969 8.242188 38.925781 33.027344
 0.678125 0.001181 66.718750 68.203125 0.001531 21.308594 19.667969 5.742188 27.675781 24.277344
 0.578125 0.000981 71.718750 65.703125 0.000931 23.183594 21.542969 6.992188 33.300781 37.402344
 0.778125 0.001381 61.718750 70.703125 0.001331 19.433594 17.792969 9.492188 44.550781 28.652344
 0.415625 0.000906 78.593750 68.515625 0.001206 21.074219 18.496094 5.585938 42.441406 28.105469
 0.615625 0.001306 68.593750 73.515625 0.000806 24.824219 22.246094 8.085938 31.191406 36.855469
 0.515625 0.001506 73.593750 71.015625 0.001406 22.949219 20.371094 9.335938 36.816406 23.730469
 0.715625 0.001106 63.593750 66.015625 0.001006 19.199219 24.121094 6.835938 48.066406 32.480469
 0.465625 0.001206 61.093750 72.265625 0.000906 20.136719 19.433594 7.460938 34.003906 39.042969
 0.665625 0.000806 71.093750 67.265625 0.001306 23.886719 23.183594 9.960938 45.253906 30.292969
 0.565625 0.001006 66.093750 69.765625 0.001106 22.011719 17.558594 8.710938 39.628906 34.667969
 0.765625 0.001406 76.093750 74.765625 0.001506 18.261719 21.308594 6.210938 28.378906 25.917969
 0.440625 0.001456 67.343750 65.390625 0.001356 20.605469 19.902344 7.773438 38.222656 37.949219
 0.640625 0.001056 77.343750 70.390625 0.000956 24.355469 23.652344 5.273438 49.472656 29.199219
 0.540625 0.000856 62.343750 72.890625 0.001556 22.480469 18.027344 6.523438 43.847656 33.574219
 0.740625 0.001256 72.343750 67.890625 0.001156 18.730469 21.777344 9.023438 32.597656 24.824219
 0.490625 0.001156 74.843750 74.140625 0.000856 19.667969 18.964844 9.648438 41.035156 27.011719
 0.690625 0.001556 64.843750 69.140625 0.001256 23.417969 22.714844 7.148438 29.785156 35.761719
 0.590625 0.001356 79.843750 66.640625 0.001056 21.542969 20.839844 5.898438 35.410156 22.636719
 0.790625 0.000956 69.843750 71.640625 0.001456 17.792969 24.589844 8.398438 46.660156 31.386719
 0.409375 0.001119 68.906250 73.046875 0.000969 24.003906 20.488281 8.476563 32.949219 28.925781
 0.609375 0.001519 78.906250 68.046875 0.001369 20.253906 24.238281 5.976563 44.199219 37.675781
 0.509375 0.001319 63.906250 65.546875 0.001169 18.378906 18.613281 7.226563 49.824219 24.550781
 0.709375 0.000919 73.906250 70.546875 0.001569 22.128906 22.363281 9.726563 38.574219 33.300781
 0.459375 0.001419 71.406250 66.796875 0.001269 24.941406 17.675781 9.101563 47.011719 39.863281
 0.659375 0.001019 61.406250 71.796875 0.000869 21.191406 21.425781 6.601563 35.761719 31.113281
 0.559375 0.000819 76.406250 74.296875 0.001469 19.316406 19.550781 5.351563 30.136719 35.488281
 0.759375 0.001219 66.406250 69.296875 0.001069 23.066406 23.300781 7.851563 41.386719 26.738281
 0.434375 0.001269 75.156250 71.171875 0.000819 23.535156 18.144531 5.664063 48.417969 38.769531
 0.634375 0.000869 65.156250 66.171875 0.001219 19.785156 21.894531 8.164063 37.167969 30.019531
 0.534375 0.001069 70.156250 68.671875 0.001019 17.910156 20.019531 9.414063 31.542969 34.394531
 0.734375 0.001469 60.156250 73.671875 0.001419 21.660156 23.769531 6.914063 42.792969 25.644531
 0.484375 0.000969 62.656250 69.921875 0.001319 24.472656 20.957031 6.289063 28.730469 27.832031
 0.684375 0.001369 72.656250 74.921875 0.000919 20.722656 24.707031 8.789063 39.980469 36.582031
 0.584375 0.001569 67.656250 72.421875 0.001519 18.847656 19.082031 7.539063 45.605469 23.457031
 0.784375 0.001169 77.656250 67.421875 0.001119 22.597656 22.832031 5.039063 34.355469 32.207031
 0.421875 0.001544 62.031250 74.609375 0.001044 21.894531 22.128906 9.882813 30.839844 31.660156
 0.621875 0.001144 72.031250 69.609375 0.001444 18.144531 18.378906 7.382813 42.089844 22.910156
 0.521875 0.000944 67.031250 67.109375 0.000844 20.019531 24.003906 6.132813 47.714844 36.035156
 0.721875 0.001344 77.031250 72.109375 0.001244 23.769531 20.253906 8.632813 36.464844 27.285156
 0.471875 0.001044 79.531250 65.859375 0.001544 22.832031 24.941406 8.007813 44.902344 25.097656
 0.671875 0.001444 69.531250 70.859375 0.001144 19.082031 21.191406 5.507813 33.652344 33.847656
 0.571875 0.001244 74.531250 73.359375 0.001344 20.957031 23.066406 6.757813 28.027344 29.472656
 0.771875 0.000844 64.531250 68.359375 0.000944 24.707031 19.316406 9.257813 39.277344 38.222656
 0.446875 0.000894 73.281250 71.484375 0.001194 21.425781 24.472656 7.070313 49.121094 26.191406
 0.646875 0.001294 63.281250 66.484375 0.001594 17.675781 20.722656 9.570313 37.871094 34.941406
 0.546875 0.001494 78.281250 68.984375 0.000994 19.550781 22.597656 8.320313 32.246094 30.566406
 0.746875 0.001094 68.281250 73.984375 0.001394 23.300781 18.847656 5.820313 43.496094 39.316406
 0.496875 0.001394 65.781250 67.734375 0.001494 22.363281 21.660156 5.195313 29.433594 32.753906
 0.696875 0.000994 75.781250 72.734375 0.001094 18.613281 17.910156 7.695313 40.683594 24.003906
 0.596875 0.001194 60.781250 70.234375 0.001294 20.488281 23.535156 8.945313 46.308594 37.128906
 0.796875 0.001594 70.781250 65.234375 0.000894 24.238281 19.785156 6.445313 35.058594 28.378906
 0.401563 0.001597 66.171875 70.742188 0.001241 20.107422 22.568359 5.839844 28.291016 24.208984
 0.601563 0.001197 76.171875 65.742188 0.000841 23.857422 18.818359 8.339844 39.541016 32.958984
 0.501563 0.000997 61.171875 68.242188 0.001441 21.982422 24.443359 9.589844 45.166016 28.583984
 0.701563 0.001397 71.171875 73.242188 0.001041 18.232422 20.693359 7.089844 33.916016 37.333984
 0.451563 0.001097 73.671875 69.492188 0.000941 21.044922 23.505859 6.464844 47.978516 35.146484
 0.651563 0.001497 63.671875 74.492188 0.001341 24.794922 19.755859 8.964844 36.728516 26.396484
 0.551563 0.001297 78.671875 71.992188 0.001141 22.919922 21.630859 7.714844 31.103516 39.521484
 0.751563 0.000897 68.671875 66.992188 0.001541 19.169922 17.880859 5.214844 42.353516 30.771484
 0.426563 0.000847 79.921875 72.617188 0.001391 19.638672 23.974609 8.652344 46.572266 34.052734
 0.626563 0.001247 69.921875 67.617188 0.000991 23.388672 20.224609 6.152344 35.322266 25.302734
 0.526563 0.001447 74.921875 65.117188 0.001591 21.513672 22.099609 7.402344 29.697266 38.427734
 0.726563 0.001047 64.921875 70.117188 0.001191 17.763672 18.349609 9.902344 40.947266 29.677734
 0.476563 0.001347 62.421875 66.367188 0.000891 20.576172 23.037109 9.277344 32.509766 23.115234
 0.676563 0.000947 72.421875 71.367188 0.001291 24.326172 19.287109 6.777344 43.759766 31.865234
 0.576562 0.001147 67.421875 73.867188 0.001091 22.451172 24.912109 5.527344 49.384766 27.490234
 0.776563 0.001547 77.421875 68.867188 0.001491 18.701172 21.162109 8.027344 38.134766 36.240234
 0.414063 0.001172 63.046875 71.679688 0.001566 17.998047 19.990234 6.933594 28.994141 35.693359
 0.614063 0.001572 73.046875 66.679688 0.001166 21.748047 23.740234 9.433594 40.244141 26.943359
 0.514062 0.001372 68.046875 69.179688 0.001366 23.623047 18.115234 8.183594 45.869141 31.318359
 0.714063 0.000972 78.046875 74.179688 0.000966 19.873047 21.865234 5.683594 34.619141 22.568359
 0.464063 0.001472 75.546875 67.929688 0.001066 18.935547 19.052734 5.058594 48.681641 29.130859
 0.664063 0.001072 65.546875 72.929688 0.001466 22.685547 22.802734 7.558594 37.431641 37.880859
 0.564063 0.000872 70.546875 70.429688 0.000866 24.560547 20.927734 8.808594 31.806641 24.755859
 0.764063 0.001272 60.546875 65.429688 0.001266 20.810547 24.677734 6.308594 43.056641 33.505859
 0.439063 0.001222 71.796875 74.804688 0.001416 17.529297 18.583984 9.746094 44.462891 30.224609
 0.639063 0.000822 61.796875 69.804688 0.001016 21.279297 22.333984 7.246094 33.212891 38.974609
 0.539063 0.001022 76.796875 67.304688 0.001216 23.154297 20.458984 5.996094 27.587891 25.849609
 0.739063 0.001422 66.796875 72.304688 0.000816 19.404297 24.208984 8.496094 38.837891 34.599609
 0.489063 0.000922 69.296875 66.054688 0.001116 18.466797 19.521484 7.871094 30.400391 36.787109
 0.689063 0.001322 79.296875 71.054688 0.001516 22.216797 23.271484 5.371094 41.650391 28.037109
 0.589063 0.001522 64.296875 73.554688 0.000916 24.091797 17.646484 6.621094 47.275391 32.412109
 0.789063 0.001122 74.296875 68.554688 0.001316 20.341797 21.396484 9.121094 36.025391 23.662109
 0.407813 0.000959 74.609375 67.460938 0.001003 22.802734 17.998047 9.042969 39.189453 36.513672
 0.607813 0.001359 64.609375 72.460938 0.001403 19.052734 21.748047 6.542969 27.939453 27.763672
 0.507813 0.001559 79.609375 74.960938 0.000803 20.927734 19.873047 5.292969 33.564453 32.138672
 0.707813 0.001159 69.609375 69.960938 0.001203 24.677734 23.623047 7.792969 44.814453 23.388672
 0.457813 0.001259 67.109375 73.710938 0.001503 21.865234 20.810547 8.417969 36.376953 29.951172
 0.657813 0.000859 77.109375 68.710938 0.001103 18.115234 24.560547 5.917969 47.626953 38.701172
 0.557813 0.001059 62.109375 66.210938 0.001303 19.990234 18.935547 7.167969 42.001953 25.576172
 0.757813 0.001459 72.109375 71.210938 0.000903 23.740234 22.685547 9.667969 30.751953 34.326172
 0.432813 0.001409 60.859375 69.335938 0.001153 22.333984 20.341797 6.855469 34.970703 31.044922
 0.632813 0.001009 70.859375 74.335938 0.001553 18.583984 24.091797 9.355469 46.220703 39.794922
 0.532813 0.000809 65.859375 71.835938 0.000953 20.458984 18.466797 8.105469 40.595703 26.669922
 0.732813 0.001209 75.859375 66.835938 0.001353 24.208984 22.216797 5.605469 29.345703 35.419922
 0.482813 0.001109 78.359375 70.585938 0.001453 21.396484 17.529297 6.230469 43.408203 37.607422
 0.682813 0.001509 68.359375 65.585938 0.001053 17.646484 21.279297 8.730469 32.158203 28.857422
 0.582813 0.001309 73.359375 68.085938 0.001253 19.521484 19.404297 9.980469 37.783203 33.232422
 0.782813 0.000909 63.359375 73.085938 0.000853 23.271484 23.154297 7.480469 49.033203 24.482422
 0.420313 0.001384 76.484375 65.273438 0.000978 24.912109 24.326172 7.636719 41.298828 23.935547
 0.620313 0.000984 66.484375 70.273438 0.001378 21.162109 20.576172 5.136719 30.048828 32.685547
 0.520313 0.001184 71.484375 72.773438 0.001178 19.287109 22.451172 6.386719 35.673828 28.310547
 0.720313 0.001584 61.484375 67.773438 0.001578 23.037109 18.701172 8.886719 46.923828 37.060547
 0.470313 0.000884 63.984375 74.023438 0.001278 23.974609 21.513672 9.511719 38.486328 34.873047
 0.670313 0.001284 73.984375 69.023438 0.000878 20.224609 17.763672 7.011719 49.736328 26.123047
 0.570313 0.001484 68.984375 66.523438 0.001478 18.349609 23.388672 5.761719 44.111328 39.248047
 0.770313 0.001084 78.984375 71.523438 0.001078 22.099609 19.638672 8.261719 32.861328 30.498047
 0.445313 0.001034 67.734375 68.398438 0.000828 24.443359 21.982422 5.449219 34.267578 33.779297
 0.645313 0.001434 77.734375 73.398438 0.001228 20.693359 18.232422 7.949219 45.517578 25.029297
 0.545312 0.001234 62.734375 70.898438 0.001028 18.818359 23.857422 9.199219 39.892578 38.154297
 0.745313 0.000834 72.734375 65.898438 0.001428 22.568359 20.107422 6.699219 28.642578 29.404297
 0.495313 0.001534 70.234375 72.148438 0.001328 23.505859 24.794922 7.324219 42.705078 22.841797
 0.695313 0.001134 60.234375 67.148438 0.000928 19.755859 21.044922 9.824219 31.455078 31.591797
 0.595313 0.000934 75.234375 69.648438 0.001528 17.880859 22.919922 8.574219 37.080078 27.216797
 0.795313 0.001334 65.234375 74.648438 0.001128 21.630859 19.169922 6.074219 48.330078 35.966797
 0.404688 0.001066 75.703125 74.414063 0.001172 20.634766 20.986328 7.441406 43.935547 32.548828
 0.604688 0.001466 65.703125 69.414063 0.001572 24.384766 24.736328 9.941406 32.685547 23.798828
 0.504688 0.001266 70.703125 66.914063 0.000972 22.509766 19.111328 8.691406 38.310547 36.923828
 0.704688 0.000866 60.703125 71.914063 0.001372 18.759766 22.861328 6.191406 49.560547 28.173828
 0.454688 0.001566 63.203125 65.664063 0.001472 19.697266 18.173828 5.566406 35.498047 25.986328
 0.654688 0.001166 73.203125 70.664063 0.001072 23.447266 21.923828 8.066406 46.748047 34.736328
 0.554688 0.000966 68.203125 73.164063 0.001272 21.572266 20.048828 9.316406 41.123047 30.361328
 0.754688 0.001366 78.203125 68.164063 0.000872 17.822266 23.798828 6.816406 29.873047 39.111328
 0.429688 0.001316 69.453125 71.289063 0.001022 21.103516 17.705078 9.628906 36.904297 24.892578
 0.629688 0.000916 79.453125 66.289063 0.001422 24.853516 21.455078 7.128906 48.154297 33.642578
 0.529687 0.001116 64.453125 68.789063 0.000822 22.978516 19.580078 5.878906 42.529297 29.267578
 0.729688 0.001516 74.453125 73.789063 0.001222 19.228516 23.330078 8.378906 31.279297 38.017578
 0.479688 0.000816 71.953125 67.539063 0.001522 20.166016 20.517578 7.753906 39.716797 31.455078
 0.679688 0.001216 61.953125 72.539063 0.001122 23.916016 24.267578 5.253906 28.466797 22.705078
 0.579688 0.001416 76.953125 70.039063 0.001322 22.041016 18.642578 6.503906 34.091797 35.830078
 0.779688 0.001016 66.953125 65.039063 0.000922 18.291016 22.392578 9.003906 45.341797 27.080078
 0.417188 0.001491 72.578125 72.851563 0.000847 18.525391 21.689453 6.035156 41.826172 27.626953
 0.617188 0.001091 62.578125 67.851563 0.001247 22.275391 17.939453 8.535156 30.576172 36.376953
 0.517188 0.000891 77.578125 65.351563 0.001047 24.150391 23.564453 9.785156 36.201172 23.251953
 0.717188 0.001291 67.578125 70.351563 0.001447 20.400391 19.814453 7.285156 47.451172 32.001953
 0.467188 0.001191 65.078125 66.601563 0.001347 17.587891 24.501953 6.660156 33.388672 38.564453
 0.667188 0.001591 75.078125 71.601563 0.000947 21.337891 20.751953 9.160156 44.638672 29.814453
 0.567188 0.001391 60.078125 74.101563 0.001547 23.212891 22.626953 7.910156 39.013672 34.189453
 0.767188 0.000991 70.078125 69.101563 0.001147 19.462891 18.876953 5.410156 27.763672 25.439453
 0.442188 0.000941 61.328125 70.976563 0.000997 18.994141 24.970703 8.222656 37.607422 39.658203
 0.642188 0.001341 71.328125 65.976563 0.001397 22.744141 21.220703 5.722656 48.857422 30.908203
 0.542188 0.001541 66.328125 68.476563 0.001197 24.619141 23.095703 6.972656 43.232422 35.283203
 0.742188 0.001141 76.328125 73.476563 0.001597 20.869141 19.345703 9.472656 31.982422 26.533203
 0.492188 0.001241 78.828125 69.726563 0.001297 18.056641 22.158203 8.847656 40.419922 28.720703
 0.692188 0.000841 68.828125 74.726563 0.000897 21.806641 18.408203 6.347656 29.169922 37.470703
 0.592187 0.001041 73.828125 72.226563 0.001497 23.681641 24.033203 5.097656 34.794922 24.345703
 0.792188 0.001441 63.828125 67.226563 0.001097 19.931641 20.283203 7.597656 46.044922 33.095703
 0.410938 0.001278 64.765625 68.632813 0.001384 21.455078 23.447266 7.988281 32.333984 27.353516
 0.610938 0.000878 74.765625 73.632813 0.000984 17.705078 19.697266 5.488281 43.583984 36.103516
 0.510938 0.001078 69.765625 71.132813 0.001584 19.580078 21.572266 6.738281 49.208984 22.978516
 0.710938 0.001478 79.765625 66.132813 0.001184 23.330078 17.822266 9.238281 37.958984 31.728516
 0.460938 0.000978 77.265625 72.382813 0.000884 22.392578 22.509766 9.863281 46.396484 38.291016
 0.660938 0.001378 67.265625 67.382813 0.001284 18.642578 18.759766 7.363281 35.146484 29.541016
 0.560937 0.001578 72.265625 69.882813 0.001084 20.517578 24.384766 6.113281 29.521484 33.916016
 0.760938 0.001178 62.265625 74.882813 0.001484 24.267578 20.634766 8.613281 40.771484 25.166016
 0.435938 0.001128 71.015625 65.507813 0.001234 21.923828 22.978516 5.175781 47.802734 39.384766
 0.635938 0.001528 61.015625 70.507813 0.000834 18.173828 19.228516 7.675781 36.552734 30.634766
 0.535938 0.001328 76.015625 73.007813 0.001434 20.048828 24.853516 8.925781 30.927734 35.009766
 0.735938 0.000928 66.015625 68.007813 0.001034 23.798828 21.103516 6.425781 42.177734 26.259766
 0.485938 0.001428 68.515625 74.257813 0.000934 22.861328 23.916016 7.050781 28.115234 28.447266
 0.685938 0.001028 78.515625 69.257813 0.001334 19.111328 20.166016 9.550781 39.365234 37.197266
 0.585938 0.000828 63.515625 66.757813 0.001134 20.986328 22.041016 8.300781 44.990234 24.072266
 0.785938 0.001228 73.515625 71.757813 0.001534 24.736328 18.291016 5.800781 33.740234 32.822266
 0.423438 0.000853 66.640625 68.945313 0.001409 23.564453 18.994141 9.082031 31.630859 33.369141
 0.623438 0.001253 76.640625 73.945313 0.001009 19.814453 22.744141 6.582031 42.880859 24.619141
 0.523438 0.001453 61.640625 71.445313 0.001209 17.939453 20.869141 5.332031 48.505859 37.744141
 0.723438 0.001053 71.640625 66.445313 0.000809 21.689453 24.619141 7.832031 37.255859 28.994141
 0.473438 0.001353 74.140625 70.195313 0.001109 24.501953 19.931641 8.457031 45.693359 26.806641
 0.673438 0.000953 64.140625 65.195313 0.001509 20.751953 23.681641 5.957031 34.443359 35.556641
 0.573438 0.001153 79.140625 67.695313 0.000909 18.876953 18.056641 7.207031 28.818359 31.181641
 0.773438 0.001553 69.140625 72.695313 0.001309 22.626953 21.806641 9.707031 40.068359 39.931641
 0.448438 0.001503 77.890625 67.070313 0.001559 24.033203 19.462891 6.269531 49.912109 25.712891
 0.648438 0.001103 67.890625 72.070313 0.001159 20.283203 23.212891 8.769531 38.662109 34.462891
 0.548438 0.000903 72.890625 74.570313 0.001359 18.408203 17.587891 7.519531 33.037109 30.087891
 0.748438 0.001303 62.890625 69.570313 0.000959 22.158203 21.337891 5.019531 44.287109 38.837891
 0.498438 0.001003 60.390625 73.320313 0.001059 24.970703 18.525391 5.644531 30.224609 32.275391
 0.698438 0.001403 70.390625 68.320313 0.001459 21.220703 22.275391 8.144531 41.474609 23.525391
 0.598438 0.001203 65.390625 65.820313 0.000859 19.345703 20.400391 9.394531 47.099609 36.650391
 0.798438 0.000803 75.390625 70.820313 0.001259 23.095703 24.150391 6.894531 35.849609 27.900391
 0.400781 0.001202 78.164063 73.574219 0.001077 22.202148 20.151367 7.197266 37.827148 26.020508
 0.600781 0.000802 68.164063 68.574219 0.001477 18.452148 23.901367 9.697266 49.077148 34.770508
 0.500781 0.001002 73.164063 66.074219 0.000877 20.327148 18.276367 8.447266 43.452148 30.395508
 0.700781 0.001402 63.164063 71.074219 0.001277 24.077148 22.026367 5.947266 32.202148 39.145508
 0.450781 0.000902 60.664063 67.324219 0.001577 21.264648 19.213867 5.322266 40.639648 32.583008
 0.650781 0.001302 70.664063 72.324219 0.001177 17.514648 22.963867 7.822266 29.389648 23.833008
 0.550781 0.001502 65.664063 74.824219 0.001377 19.389648 21.088867 9.072266 35.014648 36.958008
 0.750781 0.001102 75.664063 69.824219 0.000977 23.139648 24.838867 6.572266 46.264648 28.208008
 0.425781 0.001152 66.914063 70.449219 0.001127 22.670898 18.745117 9.384766 42.045898 31.489258
 0.625781 0.001552 76.914063 65.449219 0.001527 18.920898 22.495117 6.884766 30.795898 22.739258
 0.525781 0.001352 61.914063 67.949219 0.000927 20.795898 20.620117 5.634766 36.420898 35.864258
 0.725781 0.000952 71.914063 72.949219 0.001327 24.545898 24.370117 8.134766 47.670898 27.114258
 0.475781 0.001452 74.414063 69.199219 0.001427 21.733398 19.682617 7.509766 33.608398 24.926758
 0.675781 0.001052 64.414063 74.199219 0.001027 17.983398 23.432617 5.009766 44.858398 33.676758
 0.575781 0.000852 79.414063 71.699219 0.001227 19.858398 17.807617 6.259766 39.233398 29.301758
 0.775781 0.001252 69.414063 66.699219 0.000827 23.608398 21.557617 8.759766 27.983398 38.051758
 0.413281 0.000827 70.039063 73.886719 0.000902 24.311523 22.260742 6.103516 37.124023 38.598633
 0.613281 0.001227 60.039063 68.886719 0.001302 20.561523 18.510742 8.603516 48.374023 29.848633
 0.513281 0.001427 75.039063 66.386719 0.001102 18.686523 24.135742 9.853516 42.749023 34.223633
 0.713281 0.001027 65.039063 71.386719 0.001502 22.436523 20.385742 7.353516 31.499023 25.473633
 0.463281 0.001327 67.539063 65.136719 0.001202 23.374023 23.198242 6.728516 39.936523 27.661133
 0.663281 0.000927 77.539063 70.136719 0.000802 19.624023 19.448242 9.228516 28.686523 36.411133
 0.563281 0.001127 62.539063 72.636719 0.001402 17.749023 21.323242 7.978516 34.311523 23.286133
 0.763281 0.001527 72.539063 67.636719 0.001002 21.499023 17.573242 5.478516 45.561523 32.036133
 0.438281 0.001577 63.789063 72.011719 0.000852 24.780273 23.666992 8.291016 44.155273 28.754883
 0.638281 0.001177 73.789063 67.011719 0.001252 21.030273 19.916992 5.791016 32.905273 37.504883
 0.538281 0.000977 68.789063 69.511719 0.001052 19.155273 21.791992 7.041016 38.530273 24.379883
 0.738281 0.001377 78.789063 74.511719 0.001452 22.905273 18.041992 9.541016 49.780273 33.129883
 0.488281 0.001077 76.289063 68.261719 0.001352 23.842773 22.729492 8.916016 35.717773 39.692383
 0.688281 0.001477 66.289063 73.261719 0.000952 20.092773 18.979492 6.416016 46.967773 30.942383
 0.588281 0.001277 71.289063 70.761719 0.001552 18.217773 24.604492 5.166016 41.342773 35.317383
 0.788281 0.000877 61.289063 65.761719 0.001152 21.967773 20.854492 7.666016 30.092773 26.567383
 0.407031 0.001039 62.226563 69.667969 0.001264 19.741211 24.252930 7.900391 49.428711 38.325195
 0.607031 0.001439 72.226563 74.667969 0.000864 23.491211 20.502930 5.400391 38.178711 29.575195
 0.507031 0.001239 67.226563 72.167969 0.001464 21.616211 22.377930 6.650391 32.553711 33.950195
 0.707031 0.000839 77.226563 67.167969 0.001064 17.866211 18.627930 9.150391 43.803711 25.200195
 0.457031 0.001539 79.726563 70.917969 0.000964 20.678711 21.440430 9.775391 29.741211 27.387695
 0.657031 0.001139 69.726563 65.917969 0.001364 24.428711 17.690430 7.275391 40.991211 36.137695
 0.557031 0.000939 74.726563 68.417969 0.001164 22.553711 23.315430 6.025391 46.616211 23.012695
 0.757031 0.001339 64.726563 73.417969 0.001564 18.803711 19.565430 8.525391 35.366211 31.762695
 0.432031 0.001389 73.476563 66.542969 0.001314 20.209961 21.909180 5.087891 31.147461 28.481445
 0.632031 0.000989 63.476563 71.542969 0.000914 23.959961 18.159180 7.587891 42.397461 37.231445
 0.532031 0.001189 78.476563 74.042969 0.001514 22.084961 23.784180 8.837891 48.022461 24.106445
 0.732031 0.001589 68.476563 69.042969 0.001114 18.334961 20.034180 6.337891 36.772461 32.856445
 0.482031 0.000889 65.976563 72.792969 0.000814 21.147461 24.721680 6.962891 45.209961 39.418945
 0.682031 0.001289 75.976563 67.792969 0.001214 24.897461 20.971680 9.462891 33.959961 30.668945
 0.582031 0.001489 60.976563 65.292969 0.001014 23.022461 22.846680 8.212891 28.334961 35.043945
 0.782031 0.001089 70.976563 70.292969 0.001414 19.272461 19.096680 5.712891 39.584961 26.293945
 0.419531 0.001414 69.101563 68.105469 0.001539 17.631836 18.393555 9.306641 47.319336 26.840820
 0.619531 0.001014 79.101563 73.105469 0.001139 21.381836 22.143555 6.806641 36.069336 35.590820
 0.519531 0.000814 64.101563 70.605469 0.001339 23.256836 20.268555 5.556641 30.444336 31.215820
 0.719531 0.001214 74.101563 65.605469 0.000939 19.506836 24.018555 8.056641 41.694336 39.965820
 0.469531 0.001114 71.601563 71.855469 0.001039 18.569336 21.206055 8.681641 27.631836 33.403320
 0.669531 0.001514 61.601563 66.855469 0.001439 22.319336 24.956055 6.181641 38.881836 24.653320
 0.569531 0.001314 76.601563 69.355469 0.000839 24.194336 19.331055 7.431641 44.506836 37.778320
 0.769531 0.000914 66.601563 74.355469 0.001239 20.444336 23.081055 9.931641 33.256836 29.028320
 0.444531 0.000964 75.351563 66.230469 0.001489 18.100586 20.737305 6.494141 31.850586 32.309570
 0.644531 0.001364 65.351563 71.230469 0.001089 21.850586 24.487305 8.994141 43.100586 23.559570
 0.544531 0.001564 70.351563 73.730469 0.001289 23.725586 18.862305 7.744141 48.725586 36.684570
 0.744531 0.001164 60.351563 68.730469 0.000889 19.975586 22.612305 5.244141 37.475586 27.934570
 0.494531 0.001264 62.851563 74.980469 0.001189 19.038086 17.924805 5.869141 45.913086 25.747070
 0.694531 0.000864 72.851563 69.980469 0.001589 22.788086 21.674805 8.369141 34.663086 34.497070
 0.594531 0.001064 67.851563 67.480469 0.000989 24.663086 19.799805 9.619141 29.038086 30.122070
 0.794531 0.001464 77.851563 72.480469 0.001389 20.913086 23.549805 7.119141 40.288086 38.872070
 0.403906 0.000933 68.632813 72.246094 0.001308 21.791992 21.264648 5.751953 45.034180 35.180664
 0.603906 0.001333 78.632813 67.246094 0.000908 18.041992 17.514648 8.251953 33.784180 26.430664
 0.503906 0.001533 63.632813 69.746094 0.001508 19.916992 23.139648 9.501953 28.159180 39.555664
 0.703906 0.001133 73.632813 74.746094 0.001108 23.666992 19.389648 7.001953 39.409180 30.805664
 0.453906 0.001233 71.132813 68.496094 0.000808 22.729492 24.077148 6.376953 30.971680 24.243164
 0.653906 0.000833 61.132813 73.496094 0.001208 18.979492 20.327148 8.876953 42.221680 32.993164
 0.553906 0.001033 76.132813 70.996094 0.001008 20.854492 22.202148 7.626953 47.846680 28.618164
 0.753906 0.001433 66.132813 65.996094 0.001408 24.604492 18.452148 5.126953 36.596680 37.368164
 0.428906 0.001483 77.382813 74.121094 0.001258 21.323242 24.545898 8.564453 29.565430 23.149414
 0.628906 0.001083 67.382813 69.121094 0.000858 17.573242 20.795898 6.064453 40.815430 31.899414
 0.528906 0.000883 72.382813 66.621094 0.001458 19.448242 22.670898 7.314453 46.440430 27.524414
 0.728906 0.001283 62.382813 71.621094 0.001058 23.198242 18.920898 9.814453 35.190430 36.274414
 0.478906 0.001183 64.882813 65.371094 0.000958 22.260742 21.733398 9.189453 49.252930 34.086914
 0.678906 0.001583 74.882813 70.371094 0.001358 18.510742 17.983398 6.689453 38.002930 25.336914
 0.578906 0.001383 69.882813 72.871094 0.001158 20.385742 23.608398 5.439453 32.377930 38.461914
 0.778906 0.000983 79.882813 67.871094 0.001558 24.135742 19.858398 7.939453 43.627930 29.711914
 0.416406 0.001308 60.507813 70.058594 0.001483 23.901367 21.030273 7.158203 47.143555 29.165039
 0.616406 0.000908 70.507813 65.058594 0.001083 20.151367 24.780273 9.658203 35.893555 37.915039
 0.516406 0.001108 65.507813 67.558594 0.001283 18.276367 19.155273 8.408203 30.268555 24.790039
 0.716406 0.001508 75.507813 72.558594 0.000883 22.026367 22.905273 5.908203 41.518555 33.540039
 0.466406 0.000808 78.007813 68.808594 0.001183 24.838867 18.217773 5.283203 33.081055 35.727539
 0.666406 0.001208 68.007813 73.808594 0.001583 21.088867 21.967773 7.783203 44.331055 26.977539
 0.566406 0.001408 73.007813 71.308594 0.000983 19.213867 20.092773 9.033203 49.956055 31.352539
 0.766406 0.001008 63.007813 66.308594 0.001383 22.963867 23.842773 6.533203 38.706055 22.602539
 0.441406 0.001058 74.257813 73.183594 0.001533 23.432617 17.749023 9.970703 28.862305 36.821289
 0.641406 0.001458 64.257813 68.183594 0.001133 19.682617 21.499023 7.470703 40.112305 28.071289
 0.541406 0.001258 79.257813 65.683594 0.001333 17.807617 19.624023 6.220703 45.737305 32.446289
 0.741406 0.000858 69.257813 70.683594 0.000933 21.557617 23.374023 8.720703 34.487305 23.696289
 0.491406 0.001558 66.757813 66.933594 0.001033 24.370117 20.561523 8.095703 48.549805 30.258789
 0.691406 0.001158 76.757813 71.933594 0.001433 20.620117 24.311523 5.595703 37.299805 39.008789
 0.591406 0.000958 61.757813 74.433594 0.000833 18.745117 18.686523 6.845703 31.674805 25.883789
 0.791406 0.001358 71.757813 69.433594 0.001233 22.495117 22.436523 9.345703 42.924805 34.633789
 0.410156 0.001520 72.070313 65.839844 0.001145 21.206055 19.272461 8.798828 34.135742 29.985352
 0.610156 0.001120 62.070313 70.839844 0.001545 24.956055 23.022461 6.298828 45.385742 38.735352
 0.510156 0.000920 77.070313 73.339844 0.000945 23.081055 21.147461 5.048828 39.760742 25.610352
 0.710156 0.001320 67.070313 68.339844 0.001345 19.331055 24.897461 7.548828 28.510742 34.360352
 0.460156 0.001020 69.570313 74.589844 0.001445 20.268555 20.209961 8.173828 42.573242 36.547852
 0.660156 0.001420 79.570313 69.589844 0.001045 24.018555 23.959961 5.673828 31.323242 27.797852
 0.560156 0.001220 64.570313 67.089844 0.001245 22.143555 18.334961 6.923828 36.948242 32.172852
 0.760156 0.000820 74.570313 72.089844 0.000845 18.393555 22.084961 9.423828 48.198242 23.422852
 0.435156 0.000870 63.320313 67.714844 0.001095 20.737305 19.741211 6.611328 41.166992 37.641602
 0.635156 0.001270 73.320313 72.714844 0.001495 24.487305 23.491211 9.111328 29.916992 28.891602
 0.535156 0.001470 68.320313 70.214844 0.000895 22.612305 17.866211 7.861328 35.541992 33.266602
 0.735156 0.001070 78.320313 65.214844 0.001295 18.862305 21.616211 5.361328 46.791992 24.516602
 0.485156 0.001370 75.820313 71.464844 0.001595 19.799805 18.803711 5.986328 38.354492 31.079102
 0.685156 0.000970 65.820313 66.464844 0.001195 23.549805 22.553711 8.486328 49.604492 39.829102
 0.585156 0.001170 70.820313 68.964844 0.001395 21.674805 20.678711 9.736328 43.979492 26.704102
 0.785156 0.001570 60.820313 73.964844 0.000995 17.924805 24.428711 7.236328 32.729492 35.454102
 0.422656 0.001145 78.945313 66.777344 0.000870 19.096680 23.256836 7.705078 34.838867 34.907227
 0.622656 0.001545 68.945313 71.777344 0.001270 22.846680 19.506836 5.205078 46.088867 26.157227
 0.522656 0.001345 73.945313 74.277344 0.001070 24.721680 21.381836 6.455078 40.463867 39.282227
 0.722656 0.000945 63.945313 69.277344 0.001470 20.971680 17.631836 8.955078 29.213867 30.532227
 0.472656 0.001445 61.445313 73.027344 0.001370 18.159180 22.319336 9.580078 43.276367 23.969727
 0.672656 0.001045 71.445313 68.027344 0.000970 21.909180 18.569336 7.080078 32.026367 32.719727
 0.572656 0.000845 66.445313 65.527344 0.001570 23.784180 24.194336 5.830078 37.651367 28.344727
 0.772656 0.001245 76.445313 70.527344 0.001170 20.034180 20.444336 8.330078 48.901367 37.094727
 0.447656 0.001295 65.195313 69.902344 0.000920 18.627930 22.788086 5.517578 39.057617 22.875977
 0.647656 0.000895 75.195313 74.902344 0.001320 22.377930 19.038086 8.017578 27.807617 31.625977
 0.547656 0.001095 60.195313 72.402344 0.001120 24.252930 24.663086 9.267578 33.432617 27.250977
 0.747656 0.001495 70.195313 67.402344 0.001520 20.502930 20.913086 6.767578 44.682617 36.000977
 0.497656 0.000995 72.695313 71.152344 0.001220 17.690430 23.725586 7.392578 36.245117 33.813477
 0.697656 0.001395 62.695313 66.152344 0.000820 21.440430 19.975586 9.892578 47.495117 25.063477
 0.597656 0.001595 77.695313 68.652344 0.001420 23.315430 21.850586 8.642578 41.870117 38.188477
 0.797656 0.001195 67.695313 73.652344 0.001020 19.565430 18.100586 6.142578 30.620117 29.438477
 0.402344 0.001198 73.085938 67.832031 0.001467 24.809570 24.750977 6.787109 38.442383 25.405273
 0.602344 0.001598 63.085938 72.832031 0.001067 21.059570 21.000977 9.287109 49.692383 34.155273
 0.502344 0.001398 78.085938 70.332031 0.001267 19.184570 22.875977 8.037109 44.067383 29.780273
 0.702344 0.000998 68.085938 65.332031 0.000867 22.934570 19.125977 5.537109 32.817383 38.530273
 0.452344 0.001498 65.585938 71.582031 0.001167 23.872070 21.938477 6.162109 41.254883 31.967773
 0.652344 0.001098 75.585938 66.582031 0.001567 20.122070 18.188477 8.662109 30.004883 23.217773
 0.552344 0.000898 60.585938 69.082031 0.000967 18.247070 23.813477 9.912109 35.629883 36.342773
 0.752344 0.001298 70.585938 74.082031 0.001367 21.997070 20.063477 7.412109 46.879883 27.592773
 0.427344 0.001248 61.835938 65.957031 0.001517 24.340820 21.469727 8.974609 42.661133 33.061523
 0.627344 0.000848 71.835938 70.957031 0.001117 20.590820 17.719727 6.474609 31.411133 24.311523
 0.527344 0.001048 66.835938 73.457031 0.001317 18.715820 23.344727 5.224609 37.036133 37.436523
 0.727344 0.001448 76.835938 68.457031 0.000917 22.465820 19.594727 7.724609 48.286133 28.686523
 0.477344 0.000948 79.335938 74.707031 0.001017 23.403320 24.282227 8.349609 34.223633 26.499023
 0.677344 0.001348 69.335938 69.707031 0.001417 19.653320 20.532227 5.849609 45.473633 35.249023
 0.577344 0.001548 74.335938 67.207031 0.000817 17.778320 22.407227 7.099609 39.848633 30.874023
 0.777344 0.001148 64.335938 72.207031 0.001217 21.528320 18.657227 9.599609 28.598633 39.624023
