0.10000000	0.00020000	40.00000000	55.00000000	0.00020000	10.00000000	10.00000000	1.00000000	5.00000000	5.00000000
0.45000000	0.00090000	60.00000000	65.00000000	0.00090000	17.50000000	17.50000000	5.50000000	27.50000000	22.50000000
0.27500000	0.00125000	50.00000000	70.00000000	0.00055000	21.25000000	13.75000000	7.75000000	38.75000000	13.75000000
0.62500000	0.00055000	70.00000000	60.00000000	0.00125000	13.75000000	21.25000000	3.25000000	16.25000000	31.25000000
0.18750000	0.00107500	75.00000000	72.50000000	0.00107500	11.87500000	15.62500000	4.37500000	44.37500000	26.87500000
0.53750000	0.00037500	55.00000000	62.50000000	0.00037500	19.37500000	23.12500000	8.87500000	21.87500000	9.37500000
0.36250000	0.00072500	65.00000000	57.50000000	0.00142500	23.12500000	11.87500000	6.62500000	10.62500000	35.62500000
0.71250000	0.00142500	45.00000000	67.50000000	0.00072500	15.62500000	19.37500000	2.12500000	33.12500000	18.12500000
0.14375000	0.00151300	67.50000000	61.25000000	0.00046300	10.93750000	16.56250000	6.06250000	41.56250000	29.06250000
0.49375000	0.00081200	47.50000000	71.25000000	0.00116200	18.43750000	24.06250000	1.56250000	19.06250000	11.56250000
0.31875000	0.00046300	77.50000000	66.25000000	0.00081200	22.18750000	12.81250000	3.81250000	7.81250000	37.81250000
0.66875000	0.00116200	57.50000000	56.25000000	0.00151300	14.68750000	20.31250000	8.31250000	30.31250000	20.31250000
0.23125000	0.00063800	52.50000000	68.75000000	0.00098800	12.81250000	10.93750000	9.43750000	13.43750000	7.18750000
0.58125000	0.00133700	72.50000000	58.75000000	0.00028800	20.31250000	18.43750000	4.93750000	35.93750000	24.68750000
0.40625000	0.00098800	42.50000000	63.75000000	0.00133700	24.06250000	14.68750000	2.68750000	47.18750000	15.93750000
0.75625000	0.00028800	62.50000000	73.75000000	0.00063800	16.56250000	22.18750000	7.18750000	24.68750000	33.43750000
0.12187500	0.00094400	56.25000000	59.37500000	0.00085600	14.21875000	24.53125000	3.53125000	9.21875000	34.53125000
0.47187500	0.00024400	76.25000000	69.37500000	0.00155600	21.71875000	17.03125000	8.03125000	31.71875000	17.03125000
0.29687500	0.00059400	46.25000000	74.37500000	0.00050600	17.96875000	20.78125000	5.78125000	42.96875000	25.78125000
0.64687500	0.00129400	66.25000000	64.37500000	0.00120600	10.46875000	13.28125000	1.28125000	20.46875000	8.28125000
0.20937500	0.00041900	61.25000000	71.87500000	0.00138100	16.09375000	18.90625000	2.40625000	48.59375000	21.40625000
0.55937500	0.00111900	41.25000000	61.87500000	0.00068100	23.59375000	11.40625000	6.90625000	26.09375000	38.90625000
0.38437500	0.00146900	71.25000000	56.87500000	0.00103100	19.84375000	22.65625000	9.15625000	14.84375000	12.65625000
0.73437500	0.00076900	51.25000000	66.87500000	0.00033100	12.34375000	15.15625000	4.65625000	37.34375000	30.15625000
0.16562500	0.00085600	73.75000000	63.12500000	0.00059400	15.15625000	17.96875000	8.59375000	40.15625000	19.21875000
0.51562500	0.00155600	53.75000000	73.12500000	0.00129400	22.65625000	10.46875000	4.09375000	17.65625000	36.71875000
0.34062500	0.00120600	63.75000000	68.12500000	0.00024400	18.90625000	21.71875000	1.84375000	6.40625000	10.46875000
0.69062500	0.00050600	43.75000000	58.12500000	0.00094400	11.40625000	14.21875000	6.34375000	28.90625000	27.96875000
0.25312500	0.00138100	48.75000000	65.62500000	0.00146900	17.03125000	23.59375000	7.46875000	12.03125000	32.34375000
0.60312500	0.00068100	68.75000000	55.62500000	0.00076900	24.53125000	16.09375000	2.96875000	34.53125000	14.84375000
0.42812500	0.00033100	58.75000000	60.62500000	0.00111900	20.78125000	19.84375000	5.21875000	45.78125000	23.59375000
0.77812500	0.00103100	78.75000000	70.62500000	0.00041900	13.28125000	12.34375000	9.71875000	23.28125000	6.09375000
0.11093800	0.00131600	78.12500000	68.43750000	0.00131600	23.82812500	21.01562500	9.01562500	29.60937500	33.98437500
0.46093800	0.00061600	58.12500000	58.43750000	0.00061600	16.32812500	13.51562500	4.51562500	7.10937500	16.48437500
0.28593800	0.00026600	68.12500000	63.43750000	0.00096600	12.57812500	24.76562500	2.26562500	18.35937500	25.23437500
0.63593800	0.00096600	48.12500000	73.43750000	0.00026600	20.07812500	17.26562500	6.76562500	40.85937500	7.73437500
0.19843800	0.00079100	43.12500000	60.93750000	0.00079100	21.95312500	22.89062500	5.64062500	23.98437500	20.85937500
0.54843800	0.00149100	63.12500000	70.93750000	0.00149100	14.45312500	15.39062500	1.14062500	46.48437500	38.35937500
0.37343800	0.00114100	53.12500000	65.93750000	0.00044100	10.70312500	19.14062500	3.39062500	35.23437500	12.10937500
0.72343800	0.00044100	73.12500000	55.93750000	0.00114100	18.20312500	11.64062500	7.89062500	12.73437500	29.60937500
0.15468800	0.00052800	50.62500000	74.68750000	0.00157800	24.76562500	21.95312500	5.07812500	21.17187500	18.67187500
0.50468800	0.00122800	70.62500000	64.68750000	0.00087800	17.26562500	14.45312500	9.57812500	43.67187500	36.17187500
0.32968800	0.00157800	40.62500000	59.68750000	0.00122800	13.51562500	18.20312500	7.32812500	32.42187500	9.92187500
0.67968800	0.00087800	60.62500000	69.68750000	0.00052800	21.01562500	10.70312500	2.82812500	9.92187500	27.42187500
0.24218800	0.00105300	65.62500000	57.18750000	0.00070300	22.89062500	20.07812500	1.70312500	38.04687500	31.79687500
0.59218800	0.00035300	45.62500000	67.18750000	0.00140300	15.39062500	12.57812500	6.20312500	15.54687500	14.29687500
0.41718800	0.00070300	75.62500000	72.18750000	0.00035300	11.64062500	23.82812500	8.45312500	26.79687500	23.04687500
0.76718800	0.00140300	55.62500000	62.18750000	0.00105300	19.14062500	16.32812500	3.95312500	49.29687500	5.54687500
0.13281300	0.00057200	64.37500000	66.56250000	0.00118400	19.60937500	13.98437500	7.04687500	31.01562500	6.64062500
0.48281300	0.00127200	44.37500000	56.56250000	0.00048400	12.10937500	21.48437500	2.54687500	8.51562500	24.14062500
0.30781300	0.00092200	74.37500000	61.56250000	0.00153400	15.85937500	10.23437500	4.79687500	19.76562500	15.39062500
0.65781300	0.00022200	54.37500000	71.56250000	0.00083400	23.35937500	17.73437500	9.29687500	42.26562500	32.89062500
0.22031300	0.00144700	59.37500000	64.06250000	0.00030900	17.73437500	12.10937500	8.17187500	25.39062500	28.51562500
0.57031300	0.00074700	79.37500000	74.06250000	0.00100900	10.23437500	19.60937500	3.67187500	47.89062500	11.01562500
0.39531300	0.00039700	49.37500000	69.06250000	0.00065900	13.98437500	15.85937500	1.42187500	36.64062500	37.26562500
0.74531300	0.00109700	69.37500000	59.06250000	0.00135900	21.48437500	23.35937500	5.92187500	14.14062500	19.76562500
0.17656300	0.00118400	46.87500000	70.31250000	0.00092200	20.54687500	13.04687500	3.10937500	16.95312500	30.70312500
0.52656300	0.00048400	66.87500000	60.31250000	0.00022200	13.04687500	20.54687500	7.60937500	39.45312500	13.20312500
0.35156300	0.00083400	56.87500000	55.31250000	0.00127200	16.79687500	16.79687500	9.85937500	28.20312500	39.45312500
0.70156300	0.00153400	76.87500000	65.31250000	0.00057200	24.29687500	24.29687500	5.35937500	5.70312500	21.95312500
0.26406300	0.00030900	71.87500000	57.81250000	0.00039700	18.67187500	14.92187500	4.23437500	33.82812500	8.82812500
0.61406300	0.00100900	51.87500000	67.81250000	0.00109700	11.17187500	22.42187500	8.73437500	11.32812500	26.32812500
0.43906300	0.00135900	61.87500000	72.81250000	0.00074700	14.92187500	11.17187500	6.48437500	22.57812500	17.57812500
0.78906300	0.00065900	41.87500000	62.81250000	0.00144700	22.42187500	18.67187500	1.98437500	45.07812500	35.07812500
0.10546900	0.00113000	60.93750000	62.65625000	0.00156700	12.92968800	22.77343800	4.02343800	36.28906300	23.86718800
0.45546900	0.00043000	40.93750000	72.65625000	0.00086700	20.42968800	15.27343800	8.52343800	13.78906300	6.36718800
0.28046900	0.00078000	70.93750000	67.65625000	0.00121700	24.17968800	19.02343800	6.27343800	25.03906300	32.61718800
0.63046900	0.00148000	50.93750000	57.65625000	0.00051700	16.67968800	11.52343800	1.77343800	47.53906300	15.11718800
0.19296900	0.00025500	55.93750000	65.15625000	0.00069200	11.05468800	20.89843800	2.89843800	19.41406300	10.74218800
0.54296900	0.00095500	75.93750000	55.15625000	0.00139200	18.55468800	13.39843800	7.39843800	41.91406300	28.24218800
0.36796900	0.00130500	45.93750000	60.15625000	0.00034200	22.30468800	24.64843800	9.64843800	30.66406300	19.49218800
0.71796900	0.00060500	65.93750000	70.15625000	0.00104200	14.80468800	17.14843800	5.14843800	8.16406300	36.99218800
0.14921900	0.00069200	48.43750000	58.90625000	0.00130500	11.99218800	19.96093800	7.96093800	22.22656300	12.92968800
0.49921900	0.00139200	68.43750000	68.90625000	0.00060500	19.49218800	12.46093800	3.46093800	44.72656300	30.42968800
0.32421900	0.00104200	58.43750000	73.90625000	0.00095500	23.24218800	23.71093800	1.21093800	33.47656300	21.67968800
0.67421900	0.00034200	78.43750000	63.90625000	0.00025500	15.74218800	16.21093800	5.71093800	10.97656300	39.17968800
0.23671900	0.00156700	73.43750000	71.40625000	0.00078000	10.11718800	21.83593800	6.83593800	27.85156300	26.05468800
0.58671900	0.00086700	53.43750000	61.40625000	0.00148000	17.61718800	14.33593800	2.33593800	5.35156300	8.55468800
0.41171900	0.00051700	63.43750000	56.40625000	0.00043000	21.36718800	18.08593800	4.58593800	16.60156300	34.80468800
0.76171900	0.00121700	43.43750000	66.40625000	0.00113000	13.86718800	10.58593800	9.08593800	39.10156300	17.30468800
0.12734400	0.00038600	77.18750000	62.03125000	0.00091100	17.14843800	11.99218800	2.05468800	34.88281300	16.21093800
0.47734400	0.00108600	57.18750000	72.03125000	0.00021100	24.64843800	19.49218800	6.55468800	12.38281300	33.71093800
0.30234400	0.00143600	67.18750000	67.03125000	0.00126100	20.89843800	15.74218800	8.80468800	23.63281300	7.46093800
0.65234400	0.00073600	47.18750000	57.03125000	0.00056100	13.39843800	23.24218800	4.30468800	46.13281300	24.96093800
0.21484400	0.00091100	42.18750000	69.53125000	0.00038600	15.27343800	13.86718800	5.42968800	18.00781300	38.08593800
0.56484400	0.00021100	62.18750000	59.53125000	0.00108600	22.77343800	21.36718800	9.92968800	40.50781300	20.58593800
0.38984400	0.00056100	52.18750000	64.53125000	0.00073600	19.02343800	10.11718800	7.67968800	29.25781300	29.33593800
0.73984400	0.00126100	72.18750000	74.53125000	0.00143600	11.52343800	17.61718800	3.17968800	6.75781300	11.83593800
0.17109400	0.00134800	54.68750000	55.78125000	0.00117300	16.21093800	14.80468800	5.99218800	26.44531300	35.89843800
0.52109400	0.00064800	74.68750000	65.78125000	0.00047300	23.71093800	22.30468800	1.49218800	48.94531300	18.39843800
0.34609400	0.00029800	44.68750000	70.78125000	0.00152300	19.96093800	11.05468800	3.74218800	37.69531300	27.14843800
0.69609400	0.00099800	64.68750000	60.78125000	0.00082300	12.46093800	18.55468800	8.24218800	15.19531300	9.64843800
0.25859400	0.00082300	69.68750000	73.28125000	0.00029800	14.33593800	12.92968800	9.36718800	32.07031300	14.02343800
0.60859400	0.00152300	49.68750000	63.28125000	0.00099800	21.83593800	20.42968800	4.86718800	9.57031300	31.52343800
0.43359400	0.00117300	79.68750000	58.28125000	0.00064800	18.08593800	16.67968800	2.61718800	20.82031300	5.27343800
0.78359400	0.00047300	59.68750000	68.28125000	0.00134800	10.58593800	24.17968800	7.11718800	43.32031300	22.77343800
0.11640600	0.00075800	57.81250000	71.09375000	0.00049500	23.00781300	15.97656300	7.25781300	15.89843800	17.85156300
0.46640600	0.00145800	77.81250000	61.09375000	0.00119500	15.50781300	23.47656300	2.75781300	38.39843800	35.35156300
0.29140600	0.00110800	47.81250000	56.09375000	0.00084500	11.75781300	12.22656300	5.00781300	49.64843800	9.10156300
0.64140600	0.00040800	67.81250000	66.09375000	0.00154500	19.25781300	19.72656300	9.50781300	27.14843800	26.60156300
0.20390600	0.00128300	62.81250000	58.59375000	0.00102000	24.88281300	10.35156300	8.38281300	44.02343800	39.72656300
0.55390600	0.00058300	42.81250000	68.59375000	0.00032000	17.38281300	17.85156300	3.88281300	21.52343800	22.22656300
0.37890600	0.00023300	72.81250000	73.59375000	0.00137000	13.63281300	14.10156300	1.63281300	10.27343800	30.97656300
0.72890600	0.00093300	52.81250000	63.59375000	0.00067000	21.13281300	21.60156300	6.13281300	32.77343800	13.47656300
0.16015600	0.00102000	70.31250000	67.34375000	0.00023300	22.07031300	11.28906300	2.19531300	46.83593800	37.53906300
0.51015600	0.00032000	50.31250000	57.34375000	0.00093300	14.57031300	18.78906300	6.69531300	24.33593800	20.03906300
0.33515600	0.00067000	60.31250000	62.34375000	0.00058300	10.82031300	15.03906300	8.94531300	13.08593800	28.78906300
0.68515600	0.00137000	40.31250000	72.34375000	0.00128300	18.32031300	22.53906300	4.44531300	35.58593800	11.28906300
0.24765600	0.00049500	45.31250000	64.84375000	0.00110800	23.94531300	16.91406300	3.32031300	7.46093800	15.66406300
0.59765600	0.00119500	65.31250000	74.84375000	0.00040800	16.44531300	24.41406300	7.82031300	29.96093800	33.16406300
0.42265600	0.00154500	55.31250000	69.84375000	0.00145800	12.69531300	13.16406300	5.57031300	41.21093800	6.91406300
0.77265600	0.00084500	75.31250000	59.84375000	0.00075800	20.19531300	20.66406300	1.07031300	18.71093800	24.41406300
0.13828100	0.00150200	44.06250000	74.21875000	0.00062700	18.78906300	19.25781300	9.78906300	11.67968800	23.32031300
0.48828100	0.00080200	64.06250000	64.21875000	0.00132700	11.28906300	11.75781300	5.28906300	34.17968800	5.82031300
0.31328100	0.00045200	54.06250000	59.21875000	0.00027700	15.03906300	23.00781300	3.03906300	45.42968800	32.07031300
0.66328100	0.00115200	74.06250000	69.21875000	0.00097700	22.53906300	15.50781300	7.53906300	22.92968800	14.57031300
0.22578100	0.00062700	79.06250000	56.71875000	0.00150200	20.66406300	24.88281300	6.41406300	39.80468800	10.19531300
0.57578100	0.00132700	59.06250000	66.71875000	0.00080200	13.16406300	17.38281300	1.91406300	17.30468800	27.69531300
0.40078100	0.00097700	69.06250000	71.71875000	0.00115200	16.91406300	21.13281300	4.16406300	6.05468800	18.94531300
0.75078100	0.00027700	49.06250000	61.71875000	0.00045200	24.41406300	13.63281300	8.66406300	28.55468800	36.44531300
0.18203100	0.00036400	66.56250000	67.96875000	0.00088900	17.85156300	23.94531300	4.72656300	48.24218800	12.38281300
0.53203100	0.00106400	46.56250000	57.96875000	0.00158900	10.35156300	16.44531300	9.22656300	25.74218800	29.88281300
0.35703100	0.00141400	76.56250000	62.96875000	0.00053900	14.10156300	20.19531300	6.97656300	14.49218800	21.13281300
0.70703100	0.00071400	56.56250000	72.96875000	0.00123900	21.60156300	12.69531300	2.47656300	36.99218800	38.63281300
0.26953100	0.00123900	51.56250000	60.46875000	0.00141400	19.72656300	18.32031300	1.35156300	8.86718800	25.50781300
0.61953100	0.00053900	71.56250000	70.46875000	0.00071400	12.22656300	10.82031300	5.85156300	31.36718800	8.00781300
0.44453100	0.00088900	41.56250000	65.46875000	0.00106400	15.97656300	22.07031300	8.10156300	42.61718800	34.25781300
0.79453100	0.00158900	61.56250000	55.46875000	0.00036400	23.47656300	14.57031300	3.60156300	20.11718800	16.75781300
0.10273400	0.00159500	52.34375000	66.48437500	0.00097100	15.21484400	20.13671900	2.51171900	6.58203100	8.41796900
0.45273400	0.00089500	72.34375000	56.48437500	0.00027100	22.71484400	12.63671900	7.01171900	29.08203100	25.91796900
0.27773400	0.00054500	42.34375000	61.48437500	0.00132100	18.96484400	23.88671900	9.26171900	40.33203100	17.16796900
0.62773400	0.00124500	62.34375000	71.48437500	0.00062100	11.46484400	16.38671900	4.76171900	17.83203100	34.66796900
0.19023400	0.00072000	67.34375000	63.98437500	0.00044600	17.08984400	22.01171900	3.63671900	45.95703100	30.29296900
0.54023400	0.00142000	47.34375000	73.98437500	0.00114600	24.58984400	14.51171900	8.13671900	23.45703100	12.79296900
0.36523400	0.00107000	77.34375000	68.98437500	0.00079600	20.83984400	18.26171900	5.88671900	12.20703100	39.04296900
0.71523400	0.00037000	57.34375000	58.98437500	0.00149600	13.33984400	10.76171900	1.38671900	34.70703100	21.54296900
0.14648400	0.00028200	79.84375000	70.23437500	0.00123400	14.27734400	22.94921900	7.57421900	43.14453100	28.10546900
0.49648400	0.00098200	59.84375000	60.23437500	0.00053400	21.77734400	15.44921900	3.07421900	20.64453100	10.60546900
0.32148400	0.00133200	69.84375000	55.23437500	0.00158400	18.02734400	19.19921900	5.32421900	9.39453100	36.85546900
0.67148400	0.00063200	49.84375000	65.23437500	0.00088400	10.52734400	11.69921900	9.82421900	31.89453100	19.35546900
0.23398400	0.00115700	44.84375000	57.73437500	0.00035900	16.15234400	21.07421900	8.69921900	15.01953100	6.23046900
0.58398400	0.00045700	64.84375000	67.73437500	0.00105900	23.65234400	13.57421900	4.19921900	37.51953100	23.73046900
0.40898400	0.00080700	54.84375000	72.73437500	0.00070900	19.90234400	24.82421900	1.94921900	48.76953100	14.98046900
0.75898400	0.00150700	74.84375000	62.73437500	0.00140900	12.40234400	17.32421900	6.44921900	26.26953100	32.48046900
0.12460900	0.00085100	46.09375000	68.35937500	0.00154000	10.99609400	14.98046900	4.48046900	7.98828100	31.38671900
0.47460900	0.00155100	66.09375000	58.35937500	0.00084000	18.49609400	22.48046900	8.98046900	30.48828100	13.88671900
0.29960900	0.00120100	56.09375000	63.35937500	0.00119000	22.24609400	11.23046900	6.73046900	41.73828100	22.63671900
0.64960900	0.00050100	76.09375000	73.35937500	0.00049000	14.74609400	18.73046900	2.23046900	19.23828100	5.13671900
0.21210900	0.00137600	71.09375000	60.85937500	0.00066500	12.87109400	13.10546900	1.10546900	47.36328100	18.26171900
0.56210900	0.00067600	51.09375000	70.85937500	0.00136500	20.37109400	20.60546900	5.60546900	24.86328100	35.76171900
0.38710900	0.00032600	61.09375000	65.85937500	0.00031500	24.12109400	16.85546900	7.85546900	13.61328100	9.51171900
0.73710900	0.00102600	41.09375000	55.85937500	0.00101500	16.62109400	24.35546900	3.35546900	36.11328100	27.01171900
0.16835900	0.00093800	63.59375000	74.60937500	0.00127700	10.05859400	12.16796900	9.54296900	38.92578100	20.44921900
0.51835900	0.00023800	43.59375000	64.60937500	0.00057700	17.55859400	19.66796900	5.04296900	16.42578100	37.94921900
0.34335900	0.00058800	73.59375000	59.60937500	0.00092700	21.30859400	15.91796900	2.79296900	5.17578100	11.69921900
0.69335900	0.00128800	53.59375000	69.60937500	0.00022700	13.80859400	23.41796900	7.29296900	27.67578100	29.19921900
0.25585900	0.00041300	58.59375000	57.10937500	0.00075200	11.93359400	14.04296900	6.16796900	10.80078100	33.57421900
0.60585900	0.00111300	78.59375000	67.10937500	0.00145200	19.43359400	21.54296900	1.66796900	33.30078100	16.07421900
0.43085900	0.00146300	48.59375000	72.10937500	0.00040200	23.18359400	10.29296900	3.91796900	44.55078100	24.82421900
0.78085900	0.00076300	68.59375000	62.10937500	0.00110200	15.68359400	17.79296900	8.41796900	22.05078100	7.32421900
0.11367200	0.00047900	69.21875000	59.92187500	0.00055500	20.60546900	10.99609400	8.27734400	28.37890600	33.02734400
0.46367200	0.00117900	49.21875000	69.92187500	0.00125500	13.10546900	18.49609400	3.77734400	5.87890600	15.52734400
0.28867200	0.00152900	79.21875000	74.92187500	0.00020500	16.85546900	14.74609400	1.52734400	17.12890600	24.27734400
0.63867200	0.00082900	59.21875000	64.92187500	0.00090500	24.35546900	22.24609400	6.02734400	39.62890600	6.77734400
0.20117200	0.00100400	54.21875000	72.42187500	0.00143000	18.73046900	16.62109400	7.15234400	22.75390600	19.90234400
0.55117200	0.00030400	74.21875000	62.42187500	0.00073000	11.23046900	24.12109400	2.65234400	45.25390600	37.40234400
0.37617200	0.00065400	44.21875000	57.42187500	0.00108000	14.98046900	12.87109400	4.90234400	34.00390600	11.15234400
0.72617200	0.00135400	64.21875000	67.42187500	0.00038000	22.48046900	20.37109400	9.40234400	11.50390600	28.65234400
0.15742200	0.00126600	41.71875000	63.67187500	0.00081800	19.66796900	15.68359400	4.33984400	19.94140600	22.08984400
0.50742200	0.00056600	61.71875000	73.67187500	0.00151800	12.16796900	23.18359400	8.83984400	42.44140600	39.58984400
0.33242200	0.00021600	51.71875000	68.67187500	0.00046800	15.91796900	11.93359400	6.58984400	31.19140600	13.33984400
0.68242200	0.00091600	71.71875000	58.67187500	0.00116800	23.41796900	19.43359400	2.08984400	8.69140600	30.83984400
0.24492200	0.00074100	76.71875000	66.17187500	0.00134300	17.79296900	10.05859400	3.21484400	36.81640600	35.21484400
0.59492200	0.00144100	56.71875000	56.17187500	0.00064300	10.29296900	17.55859400	7.71484400	14.31640600	17.71484400
0.41992200	0.00109100	66.71875000	61.17187500	0.00099300	14.04296900	13.80859400	9.96484400	25.56640600	26.46484400
0.76992200	0.00039100	46.71875000	71.17187500	0.00029300	21.54296900	21.30859400	5.46484400	48.06640600	8.96484400
0.13554700	0.00122300	72.96875000	55.54687500	0.00051200	24.82421900	23.65234400	5.74609400	32.59765600	7.87109400
0.48554700	0.00052300	52.96875000	65.54687500	0.00121200	17.32421900	16.15234400	1.24609400	10.09765600	25.37109400
0.31054700	0.00087300	62.96875000	70.54687500	0.00086200	13.57421900	19.90234400	3.49609400	21.34765600	16.62109400
0.66054700	0.00157300	42.96875000	60.54687500	0.00156200	21.07421900	12.40234400	7.99609400	43.84765600	34.12109400
0.22304700	0.00034800	47.96875000	73.04687500	0.00103700	22.94921900	18.02734400	9.12109400	26.97265600	29.74609400
0.57304700	0.00104800	67.96875000	63.04687500	0.00033700	15.44921900	10.52734400	4.62109400	49.47265600	12.24609400
0.39804700	0.00139800	57.96875000	58.04687500	0.00138700	11.69921900	21.77734400	2.37109400	38.22265600	38.49609400
0.74804700	0.00069800	77.96875000	68.04687500	0.00068700	19.19921900	14.27734400	6.87109400	15.72265600	20.99609400
0.17929700	0.00061000	55.46875000	61.79687500	0.00024900	23.88671900	18.96484400	1.80859400	18.53515600	27.55859400
0.52929700	0.00131000	75.46875000	71.79687500	0.00094900	16.38671900	11.46484400	6.30859400	41.03515600	10.05859400
0.35429700	0.00096000	45.46875000	66.79687500	0.00059900	12.63671900	22.71484400	8.55859400	29.78515600	36.30859400
0.70429700	0.00026000	65.46875000	56.79687500	0.00129900	20.13671900	15.21484400	4.05859400	7.28515600	18.80859400
0.26679700	0.00148500	60.46875000	69.29687500	0.00112400	22.01171900	24.58984400	5.18359400	35.41015600	5.68359400
0.61679700	0.00078500	40.46875000	59.29687500	0.00042400	14.51171900	17.08984400	9.68359400	12.91015600	23.18359400
0.44179700	0.00043500	70.46875000	64.29687500	0.00147400	10.76171900	20.83984400	7.43359400	24.16015600	14.43359400
0.79179700	0.00113500	50.46875000	74.29687500	0.00077400	18.26171900	13.33984400	2.93359400	46.66015600	31.93359400
0.10820300	0.00066500	71.40625000	73.82812500	0.00085100	16.26953100	16.97265600	5.39453100	37.87109400	25.09765600
0.45820300	0.00136500	51.40625000	63.82812500	0.00155100	23.76953100	24.47265600	9.89453100	15.37109400	7.59765600
0.28320300	0.00101500	61.40625000	58.82812500	0.00050100	20.01953100	13.22265600	7.64453100	26.62109400	33.84765600
0.63320300	0.00031500	41.40625000	68.82812500	0.00120100	12.51953100	20.72265600	3.14453100	49.12109400	16.34765600
0.19570300	0.00154000	46.40625000	56.32812500	0.00137600	14.39453100	11.34765600	2.01953100	20.99609400	11.97265600
0.54570300	0.00084000	66.40625000	66.32812500	0.00067600	21.89453100	18.84765600	6.51953100	43.49609400	29.47265600
0.37070300	0.00049000	56.40625000	71.32812500	0.00102600	18.14453100	15.09765600	8.76953100	32.24609400	20.72265600
0.72070300	0.00119000	76.40625000	61.32812500	0.00032600	10.64453100	22.59765600	4.26953100	9.74609400	38.22265600
0.15195300	0.00110200	58.90625000	67.57812500	0.00058800	17.20703100	10.41015600	9.33203100	23.80859400	9.78515600
0.50195300	0.00040200	78.90625000	57.57812500	0.00128800	24.70703100	17.91015600	4.83203100	46.30859400	27.28515600
0.32695300	0.00075200	48.90625000	62.57812500	0.00023800	20.95703100	14.16015600	2.58203100	35.05859400	18.53515600
0.67695300	0.00145200	68.90625000	72.57812500	0.00093800	13.45703100	21.66015600	7.08203100	12.55859400	36.03515600
0.23945300	0.00022700	63.90625000	60.07812500	0.00146300	15.33203100	16.03515600	5.95703100	29.43359400	22.91015600
0.58945300	0.00092700	43.90625000	70.07812500	0.00076300	22.83203100	23.53515600	1.45703100	6.93359400	5.41015600
0.41445300	0.00127700	73.90625000	65.07812500	0.00111300	19.08203100	12.28515600	3.70703100	18.18359400	31.66015600
0.76445300	0.00057700	53.90625000	55.07812500	0.00041300	11.58203100	19.78515600	8.20703100	40.68359400	14.16015600
0.13007800	0.00140900	65.15625000	70.70312500	0.00028200	12.05078100	18.37890600	2.86328100	33.65234400	15.25390600
0.48007800	0.00070900	45.15625000	60.70312500	0.00098200	19.55078100	10.87890600	7.36328100	11.15234400	32.75390600
0.30507800	0.00035900	75.15625000	55.70312500	0.00063200	23.30078100	22.12890600	9.61328100	22.40234400	6.50390600
0.65507800	0.00105900	55.15625000	65.70312500	0.00133200	15.80078100	14.62890600	5.11328100	44.90234400	24.00390600
0.21757800	0.00088400	50.15625000	58.20312500	0.00115700	10.17578100	24.00390600	3.98828100	16.77734400	37.12890600
0.56757800	0.00158400	70.15625000	68.20312500	0.00045700	17.67578100	16.50390600	8.48828100	39.27734400	19.62890600
0.39257800	0.00123400	40.15625000	73.20312500	0.00150700	21.42578100	20.25390600	6.23828100	28.02734400	28.37890600
0.74257800	0.00053400	60.15625000	63.20312500	0.00080700	13.92578100	12.75390600	1.73828100	5.52734400	10.87890600
0.17382800	0.00044600	42.65625000	66.95312500	0.00054500	12.98828100	24.94140600	6.80078100	25.21484400	39.31640600
0.52382800	0.00114600	62.65625000	56.95312500	0.00124500	20.48828100	17.44140600	2.30078100	47.71484400	21.81640600
0.34882800	0.00149600	52.65625000	61.95312500	0.00089500	24.23828100	21.19140600	4.55078100	36.46484400	30.56640600
0.69882800	0.00079600	72.65625000	71.95312500	0.00159500	16.73828100	13.69140600	9.05078100	13.96484400	13.06640600
0.26132800	0.00097100	77.65625000	64.45312500	0.00107000	11.11328100	19.31640600	7.92578100	30.83984400	17.44140600
0.61132800	0.00027100	57.65625000	74.45312500	0.00037000	18.61328100	11.81640600	3.42578100	8.33984400	34.94140600
0.43632800	0.00062100	67.65625000	69.45312500	0.00142000	22.36328100	23.06640600	1.17578100	19.58984400	8.69140600
0.78632800	0.00132100	47.65625000	59.45312500	0.00072000	14.86328100	15.56640600	5.67578100	42.08984400	26.19140600
0.11914100	0.00103700	49.53125000	62.26562500	0.00122300	17.91015600	21.89453100	6.37890600	14.66796900	14.70703100
0.46914100	0.00033700	69.53125000	72.26562500	0.00052300	10.41015600	14.39453100	1.87890600	37.16796900	32.20703100
0.29414100	0.00068700	59.53125000	67.26562500	0.00157300	14.16015600	18.14453100	4.12890600	48.41796900	5.95703100
0.64414100	0.00138700	79.53125000	57.26562500	0.00087300	21.66015600	10.64453100	8.62890600	25.91796900	23.45703100
0.20664100	0.00051200	74.53125000	69.76562500	0.00034800	19.78515600	20.01953100	9.75390600	42.79296900	36.58203100
0.55664100	0.00121200	54.53125000	59.76562500	0.00104800	12.28515600	12.51953100	5.25390600	20.29296900	19.08203100
0.38164100	0.00156200	64.53125000	64.76562500	0.00069800	16.03515600	23.76953100	3.00390600	9.04296900	27.83203100
0.73164100	0.00086200	44.53125000	74.76562500	0.00139800	23.53515600	16.26953100	7.50390600	31.54296900	10.33203100
0.16289100	0.00077400	62.03125000	56.01562500	0.00096000	18.84765600	20.95703100	1.31640600	45.60546900	38.76953100
0.51289100	0.00147400	42.03125000	66.01562500	0.00026000	11.34765600	13.45703100	5.81640600	23.10546900	21.26953100
0.33789100	0.00112400	72.03125000	71.01562500	0.00131000	15.09765600	24.70703100	8.06640600	11.85546900	30.01953100
0.68789100	0.00042400	52.03125000	61.01562500	0.00061000	22.59765600	17.20703100	3.56640600	34.35546900	12.51953100
0.25039100	0.00129900	57.03125000	73.51562500	0.00043500	20.72265600	22.83203100	4.69140600	6.23046900	16.89453100
0.60039100	0.00059900	77.03125000	63.51562500	0.00113500	13.22265600	15.33203100	9.19140600	28.73046900	34.39453100
0.42539100	0.00024900	47.03125000	58.51562500	0.00078500	16.97265600	19.08203100	6.94140600	39.98046900	8.14453100
0.77539100	0.00094900	67.03125000	68.51562500	0.00148500	24.47265600	11.58203100	2.44140600	17.48046900	25.64453100
0.14101600	0.00029300	53.28125000	62.89062500	0.00126600	22.12890600	12.98828100	8.34765600	13.26171900	26.73828100
0.49101600	0.00099300	73.28125000	72.89062500	0.00056600	14.62890600	20.48828100	3.84765600	35.76171900	9.23828100
0.31601600	0.00134300	43.28125000	67.89062500	0.00091600	10.87890600	16.73828100	1.59765600	47.01171900	35.48828100
0.66601600	0.00064300	63.28125000	57.89062500	0.00021600	18.37890600	24.23828100	6.09765600	24.51171900	17.98828100
0.22851600	0.00116800	68.28125000	65.39062500	0.00074100	24.00390600	14.86328100	7.22265600	41.38671900	13.61328100
0.57851600	0.00046800	48.28125000	55.39062500	0.00144100	16.50390600	22.36328100	2.72265600	18.88671900	31.11328100
0.40351600	0.00081800	78.28125000	60.39062500	0.00039100	12.75390600	11.11328100	4.97265600	7.63671900	22.36328100
0.75351600	0.00151800	58.28125000	70.39062500	0.00109100	20.25390600	18.61328100	9.47265600	30.13671900	39.86328100
0.18476600	0.00143000	75.78125000	59.14062500	0.00152900	23.06640600	13.92578100	3.28515600	49.82421900	11.42578100
0.53476600	0.00073000	55.78125000	69.14062500	0.00082900	15.56640600	21.42578100	7.78515600	27.32421900	28.92578100
0.35976600	0.00038000	65.78125000	74.14062500	0.00117900	11.81640600	10.17578100	5.53515600	16.07421900	20.17578100
0.70976600	0.00108000	45.78125000	64.14062500	0.00047900	19.31640600	17.67578100	1.03515600	38.57421900	37.67578100
0.27226600	0.00055500	40.78125000	71.64062500	0.00065400	24.94140600	12.05078100	2.16015600	10.44921900	24.55078100
0.62226600	0.00125500	60.78125000	61.64062500	0.00135400	17.44140600	19.55078100	6.66015600	32.94921900	7.05078100
0.44726600	0.00090500	50.78125000	56.64062500	0.00030400	13.69140600	15.80078100	8.91015600	44.19921900	33.30078100
0.79726600	0.00020500	70.78125000	66.64062500	0.00100400	21.19140600	23.30078100	4.41015600	21.69921900	15.80078100
0.10136700	0.00090300	76.32812500	72.14843800	0.00068400	19.40429700	15.30273400	4.95507800	25.65429700	12.04101600
0.45136700	0.00020300	56.32812500	62.14843800	0.00138400	11.90429700	22.80273400	9.45507800	48.15429700	29.54101600
0.27636700	0.00055300	66.32812500	57.14843800	0.00033400	15.65429700	11.55273400	7.20507800	36.90429700	20.79101600
0.62636700	0.00125300	46.32812500	67.14843800	0.00103400	23.15429700	19.05273400	2.70507800	14.40429700	38.29101600
0.18886700	0.00037800	41.32812500	59.64843800	0.00155900	17.52929700	13.42773400	1.58007800	31.27929700	25.16601600
0.53886700	0.00107800	61.32812500	69.64843800	0.00085900	10.02929700	20.92773400	6.08007800	8.77929700	7.66601600
0.36386700	0.00142800	51.32812500	74.64843800	0.00120900	13.77929700	17.17773400	8.33007800	20.02929700	33.91601600
0.71386700	0.00072800	71.32812500	64.64843800	0.00050900	21.27929700	24.67773400	3.83007800	42.52929700	16.41601600
0.14511700	0.00081500	53.82812500	65.89843800	0.00077100	20.34179700	12.49023400	8.89257800	34.09179700	22.97851600
0.49511700	0.00151500	73.82812500	55.89843800	0.00147100	12.84179700	19.99023400	4.39257800	11.59179700	5.47851600
0.32011700	0.00116500	43.82812500	60.89843800	0.00042100	16.59179700	16.24023400	2.14257800	22.84179700	31.72851600
0.67011700	0.00046500	63.82812500	70.89843800	0.00112100	24.09179700	23.74023400	6.64257800	45.34179700	14.22851600
0.23261700	0.00134000	68.82812500	63.39843800	0.00129600	18.46679700	14.36523400	5.51757800	17.21679700	9.85351600
0.58261700	0.00064000	48.82812500	73.39843800	0.00059600	10.96679700	21.86523400	1.01757800	39.71679700	27.35351600
0.40761700	0.00029000	78.82812500	68.39843800	0.00094600	14.71679700	10.61523400	3.26757800	28.46679700	18.60351600
0.75761700	0.00099000	58.82812500	58.39843800	0.00024600	22.21679700	18.11523400	7.76757800	5.96679700	36.10351600
0.12324200	0.00024600	60.07812500	72.77343800	0.00037800	23.62304700	19.52148400	2.98632800	24.24804700	37.19726600
0.47324200	0.00094600	40.07812500	62.77343800	0.00107800	16.12304700	12.02148400	7.48632800	46.74804700	19.69726600
0.29824200	0.00129600	70.07812500	57.77343800	0.00072800	12.37304700	23.27148400	9.73632800	35.49804700	28.44726600
0.64824200	0.00059600	50.07812500	67.77343800	0.00142800	19.87304700	15.77148400	5.23632800	12.99804700	10.94726600
0.21074200	0.00112100	55.07812500	55.27343800	0.00090300	21.74804700	21.39648400	4.11132800	29.87304700	15.32226600
0.56074200	0.00042100	75.07812500	65.27343800	0.00020300	14.24804700	13.89648400	8.61132800	7.37304700	32.82226600
0.38574200	0.00077100	45.07812500	70.27343800	0.00125300	10.49804700	17.64648400	6.36132800	18.62304700	6.57226600
0.73574200	0.00147100	65.07812500	60.27343800	0.00055300	17.99804700	10.14648400	1.86132800	41.12304700	24.07226600
0.16699200	0.00155900	47.57812500	69.02343800	0.00029000	24.56054700	22.33398400	6.92382800	38.31054700	17.50976600
0.51699200	0.00085900	67.57812500	59.02343800	0.00099000	17.06054700	14.83398400	2.42382800	15.81054700	35.00976600
0.34199200	0.00050900	57.57812500	64.02343800	0.00064000	13.31054700	18.58398400	4.67382800	27.06054700	8.75976600
0.69199200	0.00120900	77.57812500	74.02343800	0.00134000	20.81054700	11.08398400	9.17382800	49.56054700	26.25976600
0.25449200	0.00068400	72.57812500	61.52343800	0.00116500	22.68554700	20.45898400	8.04882800	21.43554700	39.38476600
0.60449200	0.00138400	52.57812500	71.52343800	0.00046500	15.18554700	12.95898400	3.54882800	43.93554700	21.88476600
0.42949200	0.00103400	62.57812500	66.52343800	0.00151500	11.43554700	24.20898400	1.29882800	32.68554700	30.63476600
0.77949200	0.00033400	42.57812500	56.52343800	0.00081500	18.93554700	16.70898400	5.79882800	10.18554700	13.13476600
0.11230500	0.00061800	44.45312500	64.33593800	0.00101200	14.48242200	23.50585900	6.22070300	48.85742200	36.65039100
0.46230500	0.00131800	64.45312500	74.33593800	0.00031200	21.98242200	16.00585900	1.72070300	26.35742200	19.15039100
0.28730500	0.00096800	54.45312500	69.33593800	0.00136200	18.23242200	19.75585900	3.97070300	15.10742200	27.90039100
0.63730500	0.00026800	74.45312500	59.33593800	0.00066200	10.73242200	12.25585900	8.47070300	37.60742200	10.40039100
0.19980500	0.00149300	79.45312500	66.83593800	0.00048700	16.35742200	17.88085900	9.59570300	9.48242200	14.77539100
0.54980500	0.00079300	59.45312500	56.83593800	0.00118700	23.85742200	10.38085900	5.09570300	31.98242200	32.27539100
0.37480500	0.00044300	69.45312500	61.83593800	0.00083700	20.10742200	21.63085900	2.84570300	43.23242200	6.02539100
0.72480500	0.00114300	49.45312500	71.83593800	0.00153700	12.60742200	14.13085900	7.34570300	20.73242200	23.52539100
0.15605500	0.00123100	66.95312500	58.08593800	0.00110000	15.41992200	18.81835900	1.15820300	12.29492200	16.96289100
0.50605500	0.00053100	46.95312500	68.08593800	0.00040000	22.91992200	11.31835900	5.65820300	34.79492200	34.46289100
0.33105500	0.00088100	76.95312500	73.08593800	0.00145000	19.16992200	22.56835900	7.90820300	46.04492200	8.21289100
0.68105500	0.00158100	56.95312500	63.08593800	0.00075000	11.66992200	15.06835900	3.40820300	23.54492200	25.71289100
0.24355500	0.00035600	51.95312500	70.58593800	0.00022500	17.29492200	24.44335900	4.53320300	40.41992200	38.83789100
0.59355500	0.00105600	71.95312500	60.58593800	0.00092500	24.79492200	16.94335900	9.03320300	17.91992200	21.33789100
0.41855500	0.00140600	41.95312500	55.58593800	0.00057500	21.04492200	20.69335900	6.78320300	6.66992200	30.08789100
0.76855500	0.00070600	61.95312500	65.58593800	0.00127500	13.54492200	13.19335900	2.28320300	29.16992200	12.58789100
0.13418000	0.00127500	58.20312500	61.21093800	0.00149300	10.26367200	11.78710900	8.75195300	44.63867200	13.68164100
0.48418000	0.00057500	78.20312500	71.21093800	0.00079300	17.76367200	19.28710900	4.25195300	22.13867200	31.18164100
0.30918000	0.00022500	48.20312500	66.21093800	0.00114300	21.51367200	15.53710900	2.00195300	10.88867200	22.43164100
0.65918000	0.00092500	68.20312500	56.21093800	0.00044300	14.01367200	23.03710900	6.50195300	33.38867200	39.93164100
0.22168000	0.00075000	63.20312500	68.71093800	0.00061800	12.13867200	17.41210900	7.62695300	5.26367200	26.80664100
0.57168000	0.00145000	43.20312500	58.71093800	0.00131800	19.63867200	24.91210900	3.12695300	27.76367200	9.30664100
0.39668000	0.00110000	73.20312500	63.71093800	0.00026800	23.38867200	13.66210900	5.37695300	39.01367200	35.55664100
0.74668000	0.00040000	53.20312500	73.71093800	0.00096800	15.88867200	21.16210900	9.87695300	16.51367200	18.05664100
0.17793000	0.00048700	70.70312500	57.46093800	0.00140600	11.20117200	16.47460900	3.68945300	13.70117200	24.61914100
0.52793000	0.00118700	50.70312500	67.46093800	0.00070600	18.70117200	23.97460900	8.18945300	36.20117200	7.11914100
0.35293000	0.00153700	60.70312500	72.46093800	0.00105600	22.45117200	12.72460900	5.93945300	47.45117200	33.36914100
0.70293000	0.00083700	40.70312500	62.46093800	0.00035600	14.95117200	20.22460900	1.43945300	24.95117200	15.86914100
0.26543000	0.00101200	45.70312500	74.96093800	0.00088100	13.07617200	10.84960900	2.56445300	41.82617200	11.49414100
0.61543000	0.00031200	65.70312500	64.96093800	0.00158100	20.57617200	18.34960900	7.06445300	19.32617200	28.99414100
0.44043000	0.00066200	55.70312500	59.96093800	0.00053100	24.32617200	14.59960900	9.31445300	8.07617200	20.24414100
0.79043000	0.00136200	75.70312500	69.96093800	0.00123100	16.82617200	22.09960900	4.81445300	30.57617200	37.74414100
0.10683600	0.00043200	57.26562500	69.49218800	0.00108900	18.58398400	17.52929700	2.35351600	40.06835900	30.36132800
0.45683600	0.00113200	77.26562500	59.49218800	0.00038900	11.08398400	10.02929700	6.85351600	17.56835900	12.86132800
0.28183600	0.00148200	47.26562500	64.49218800	0.00143900	14.83398400	21.27929700	9.10351600	6.31835900	39.11132800
0.63183600	0.00078200	67.26562500	74.49218800	0.00073900	22.33398400	13.77929700	4.60351600	28.81835900	21.61132800
0.19433600	0.00095700	62.26562500	61.99218800	0.00021400	20.45898400	23.15429700	3.47851600	11.94335900	8.48632800
0.54433600	0.00025700	42.26562500	71.99218800	0.00091400	12.95898400	15.65429700	7.97851600	34.44335900	25.98632800
0.36933600	0.00060700	72.26562500	66.99218800	0.00056400	16.70898400	19.40429700	5.72851600	45.69335900	17.23632800
0.71933600	0.00130700	52.26562500	56.99218800	0.00126400	24.20898400	11.90429700	1.22851600	23.19335900	34.73632800
0.15058600	0.00139500	74.76562500	73.24218800	0.00100100	17.64648400	24.09179700	7.41601600	9.13085900	6.29882800
0.50058600	0.00069500	54.76562500	63.24218800	0.00030100	10.14648400	16.59179700	2.91601600	31.63085900	23.79882800
0.32558600	0.00034500	64.76562500	58.24218800	0.00135100	13.89648400	20.34179700	5.16601600	42.88085900	15.04882800
0.67558600	0.00104500	44.76562500	68.24218800	0.00065100	21.39648400	12.84179700	9.66601600	20.38085900	32.54882800
0.23808600	0.00087000	49.76562500	55.74218800	0.00047600	19.52148400	18.46679700	8.54101600	48.50585900	28.17382800
0.58808600	0.00157000	69.76562500	65.74218800	0.00117600	12.02148400	10.96679700	4.04101600	26.00585900	10.67382800
0.41308600	0.00122000	59.76562500	70.74218800	0.00082600	15.77148400	22.21679700	1.79101600	14.75585900	36.92382800
0.76308600	0.00052000	79.76562500	60.74218800	0.00152600	23.27148400	14.71679700	6.29101600	37.25585900	19.42382800
0.12871100	0.00108900	41.01562500	65.11718800	0.00139500	22.80273400	17.06054700	4.88476600	44.28710900	18.33007800
0.47871100	0.00038900	61.01562500	55.11718800	0.00069500	15.30273400	24.56054700	9.38476600	21.78710900	35.83007800
0.30371100	0.00073900	51.01562500	60.11718800	0.00104500	11.55273400	13.31054700	7.13476600	10.53710900	9.58007800
0.65371100	0.00143900	71.01562500	70.11718800	0.00034500	19.05273400	20.81054700	2.63476600	33.03710900	27.08007800
0.21621100	0.00021400	76.01562500	62.61718800	0.00087000	24.67773400	11.43554700	1.50976600	16.16210900	31.45507800
0.56621100	0.00091400	56.01562500	72.61718800	0.00157000	17.17773400	18.93554700	6.00976600	38.66210900	13.95507800
0.39121100	0.00126400	66.01562500	67.61718800	0.00052000	13.42773400	15.18554700	8.25976600	49.91210900	22.70507800
0.74121100	0.00056400	46.01562500	57.61718800	0.00122000	20.92773400	22.68554700	3.75976600	27.41210900	5.20507800
0.17246100	0.00065100	68.51562500	71.36718800	0.00148200	21.86523400	10.49804700	9.94726600	7.72460900	33.64257800
0.52246100	0.00135100	48.51562500	61.36718800	0.00078200	14.36523400	17.99804700	5.44726600	30.22460900	16.14257800
0.34746100	0.00100100	78.51562500	56.36718800	0.00113200	10.61523400	14.24804700	3.19726600	41.47460900	24.89257800
0.69746100	0.00030100	58.51562500	66.36718800	0.00043200	18.11523400	21.74804700	7.69726600	18.97460900	7.39257800
0.25996100	0.00152600	53.51562500	58.86718800	0.00060700	23.74023400	16.12304700	6.57226600	47.09960900	20.51757800
0.60996100	0.00082600	73.51562500	68.86718800	0.00130700	16.24023400	23.62304700	2.07226600	24.59960900	38.01757800
0.43496100	0.00047600	43.51562500	73.86718800	0.00025700	12.49023400	12.37304700	4.32226600	13.34960900	11.76757800
0.78496100	0.00117600	63.51562500	63.86718800	0.00095700	19.99023400	19.87304700	8.82226600	35.84960900	29.26757800
0.11777300	0.00146100	64.14062500	56.67968800	0.00080400	17.41210900	13.54492200	7.83789100	18.27148400	19.97070300
0.46777300	0.00076100	44.14062500	66.67968800	0.00150400	24.91210900	21.04492200	3.33789100	40.77148400	37.47070300
0.29277300	0.00041100	74.14062500	71.67968800	0.00045400	21.16210900	17.29492200	1.08789100	29.52148400	11.22070300
0.64277300	0.00111100	54.14062500	61.67968800	0.00115400	13.66210900	24.79492200	5.58789100	7.02148400	28.72070300
0.20527300	0.00058600	59.14062500	74.17968800	0.00132900	15.53710900	15.41992200	6.71289100	35.14648400	33.09570300
0.55527300	0.00128600	79.14062500	64.17968800	0.00062900	23.03710900	22.91992200	2.21289100	12.64648400	15.59570300
0.38027300	0.00093600	49.14062500	59.17968800	0.00097900	19.28710900	11.66992200	4.46289100	23.89648400	24.34570300
0.73027300	0.00023600	69.14062500	69.17968800	0.00027900	11.78710900	19.16992200	8.96289100	46.39648400	6.84570300
0.16152300	0.00032300	46.64062500	60.42968800	0.00071700	16.47460900	14.48242200	3.90039100	32.33398400	35.28320300
0.51152300	0.00102300	66.64062500	70.42968800	0.00141700	23.97460900	21.98242200	8.40039100	9.83398400	17.78320300
0.33652300	0.00137300	56.64062500	65.42968800	0.00036700	20.22460900	10.73242200	6.15039100	21.08398400	26.53320300
0.68652300	0.00067300	76.64062500	55.42968800	0.00106700	12.72460900	18.23242200	1.65039100	43.58398400	9.03320300
0.24902300	0.00119800	71.64062500	67.92968800	0.00159200	14.59960900	12.60742200	2.77539100	26.70898400	22.15820300
0.59902300	0.00049800	51.64062500	57.92968800	0.00089200	22.09960900	20.10742200	7.27539100	49.20898400	39.65820300
0.42402300	0.00084800	61.64062500	62.92968800	0.00124200	18.34960900	16.35742200	9.52539100	37.95898400	13.40820300
0.77402300	0.00154800	41.64062500	72.92968800	0.00054200	10.84960900	23.85742200	5.02539100	15.45898400	30.90820300
0.13964800	0.00080400	77.89062500	58.55468800	0.00032300	13.19335900	21.51367200	5.86914100	19.67773400	29.81445300
0.48964800	0.00150400	57.89062500	68.55468800	0.00102300	20.69335900	14.01367200	1.36914100	42.17773400	12.31445300
0.31464800	0.00115400	67.89062500	73.55468800	0.00067300	24.44335900	17.76367200	3.61914100	30.92773400	38.56445300
0.66464800	0.00045400	47.89062500	63.55468800	0.00137300	16.94335900	10.26367200	8.11914100	8.42773400	21.06445300
0.22714800	0.00132900	42.89062500	71.05468800	0.00119800	11.31835900	19.63867200	9.24414100	36.55273400	7.93945300
0.57714800	0.00062900	62.89062500	61.05468800	0.00049800	18.81835900	12.13867200	4.74414100	14.05273400	25.43945300
0.40214800	0.00027900	52.89062500	56.05468800	0.00154800	22.56835900	23.38867200	2.49414100	25.30273400	16.68945300
0.75214800	0.00097900	72.89062500	66.05468800	0.00084800	15.06835900	15.88867200	6.99414100	47.80273400	34.18945300
0.18339800	0.00106700	50.39062500	64.80468800	0.00041100	12.25585900	20.57617200	1.93164100	28.11523400	5.75195300
0.53339800	0.00036700	70.39062500	74.80468800	0.00111100	19.75585900	13.07617200	6.43164100	5.61523400	23.25195300
0.35839800	0.00071700	40.39062500	69.80468800	0.00076100	23.50585900	24.32617200	8.68164100	16.86523400	14.50195300
0.70839800	0.00141700	60.39062500	59.80468800	0.00146100	16.00585900	16.82617200	4.18164100	39.36523400	32.00195300
0.27089800	0.00054200	65.39062500	67.30468800	0.00093600	10.38085900	22.45117200	5.30664100	22.49023400	27.62695300
0.62089800	0.00124200	45.39062500	57.30468800	0.00023600	17.88085900	14.95117200	9.80664100	44.99023400	10.12695300
0.44589800	0.00159200	75.39062500	62.30468800	0.00128600	21.63085900	18.70117200	7.55664100	33.74023400	36.37695300
0.79589800	0.00089200	55.39062500	72.30468800	0.00058600	14.13085900	11.20117200	3.05664100	11.24023400	18.87695300
0.10410200	0.00089700	66.17187500	60.66406300	0.00136800	24.61914100	24.50195300	4.21679700	26.88476600	10.81054700
0.45410200	0.00159700	46.17187500	70.66406300	0.00066800	17.11914100	17.00195300	8.71679700	49.38476600	28.31054700
0.27910200	0.00124700	76.17187500	65.66406300	0.00101800	13.36914100	20.75195300	6.46679700	38.13476600	19.56054700
0.62910200	0.00054700	56.17187500	55.66406300	0.00031800	20.86914100	13.25195300	1.96679700	15.63476600	37.06054700
0.19160200	0.00142200	51.17187500	68.16406300	0.00084300	22.74414100	18.87695300	3.09179700	32.50976600	23.93554700
0.54160200	0.00072200	71.17187500	58.16406300	0.00154300	15.24414100	11.37695300	7.59179700	10.00976600	6.43554700
0.36660200	0.00037200	41.17187500	63.16406300	0.00049300	11.49414100	22.62695300	9.84179700	21.25976600	32.68554700
0.71660200	0.00107200	61.17187500	73.16406300	0.00119300	18.99414100	15.12695300	5.34179700	43.75976600	15.18554700
0.14785200	0.00098500	43.67187500	56.91406300	0.00145500	23.68164100	17.93945300	8.15429700	35.32226600	26.12304700
0.49785200	0.00028500	63.67187500	66.91406300	0.00075500	16.18164100	10.43945300	3.65429700	12.82226600	8.62304700
0.32285200	0.00063500	53.67187500	71.91406300	0.00110500	12.43164100	21.68945300	1.40429700	24.07226600	34.87304700
0.67285200	0.00133500	73.67187500	61.91406300	0.00040500	19.93164100	14.18945300	5.90429700	46.57226600	17.37304700
0.23535200	0.00046000	78.67187500	74.41406300	0.00058000	21.80664100	23.56445300	7.02929700	18.44726600	12.99804700
0.58535200	0.00116000	58.67187500	64.41406300	0.00128000	14.30664100	16.06445300	2.52929700	40.94726600	30.49804700
0.41035200	0.00151000	68.67187500	59.41406300	0.00023000	10.55664100	19.81445300	4.77929700	29.69726600	21.74804700
0.76035200	0.00081000	48.67187500	69.41406300	0.00093000	18.05664100	12.31445300	9.27929700	7.19726600	39.24804700
