 0.100000 0.000400 40.000000 55.000000
 0.450000 0.001000 60.000000 65.000000
 0.275000 0.001300 50.000000 70.000000
 0.625000 0.000700 70.000000 60.000000
 0.187500 0.001150 75.000000 72.500000
 0.537500 0.000550 55.000000 62.500000
 0.362500 0.000850 65.000000 57.500000
 0.712500 0.001450 45.000000 67.500000
 0.143750 0.001525 67.500000 61.250000
 0.493750 0.000925 47.500000 71.250000
 0.318750 0.000625 77.500000 66.250000
 0.668750 0.001225 57.500000 56.250000
 0.231250 0.000775 52.500000 68.750000
 0.581250 0.001375 72.500000 58.750000
 0.406250 0.001075 42.500000 63.750000
 0.756250 0.000475 62.500000 73.750000
 0.121875 0.001038 56.250000 59.375000
 0.471875 0.000438 76.250000 69.375000
 0.296875 0.000738 46.250000 74.375000
 0.646875 0.001338 66.250000 64.375000
 0.209375 0.000588 61.250000 71.875000
 0.559375 0.001188 41.250000 61.875000
 0.384375 0.001488 71.250000 56.875000
 0.734375 0.000888 51.250000 66.875000
 0.165625 0.000963 73.750000 63.125000
 0.515625 0.001563 53.750000 73.125000
 0.340625 0.001263 63.750000 68.125000
 0.690625 0.000663 43.750000 58.125000
 0.253125 0.001413 48.750000 65.625000
 0.603125 0.000813 68.750000 55.625000
 0.428125 0.000513 58.750000 60.625000
 0.778125 0.001113 78.750000 70.625000
 0.110938 0.001356 78.125000 68.437500
 0.460938 0.000756 58.125000 58.437500
 0.285938 0.000456 68.125000 63.437500
 0.635938 0.001056 48.125000 73.437500
 0.198438 0.000906 43.125000 60.937500
 0.548438 0.001506 63.125000 70.937500
 0.373438 0.001206 53.125000 65.937500
 0.723438 0.000606 73.125000 55.937500
 0.154688 0.000681 50.625000 74.687500
 0.504688 0.001281 70.625000 64.687500
 0.329688 0.001581 40.625000 59.687500
 0.679688 0.000981 60.625000 69.687500
 0.242188 0.001131 65.625000 57.187500
 0.592188 0.000531 45.625000 67.187500
 0.417188 0.000831 75.625000 72.187500
 0.767188 0.001431 55.625000 62.187500
 0.132813 0.000719 64.375000 66.562500
 0.482813 0.001319 44.375000 56.562500
 0.307813 0.001019 74.375000 61.562500
 0.657813 0.000419 54.375000 71.562500
 0.220313 0.001469 59.375000 64.062500
 0.570313 0.000869 79.375000 74.062500
 0.395313 0.000569 49.375000 69.062500
 0.745313 0.001169 69.375000 59.062500
 0.176563 0.001244 46.875000 70.312500
 0.526563 0.000644 66.875000 60.312500
 0.351563 0.000944 56.875000 55.312500
 0.701563 0.001544 76.875000 65.312500
 0.264063 0.000494 71.875000 57.812500
 0.614063 0.001094 51.875000 67.812500
 0.439063 0.001394 61.875000 72.812500
 0.789063 0.000794 41.875000 62.812500
 0.105469 0.001197 60.937500 62.656250
 0.455469 0.000597 40.937500 72.656250
 0.280469 0.000897 70.937500 67.656250
 0.630469 0.001497 50.937500 57.656250
 0.192969 0.000447 55.937500 65.156250
 0.542969 0.001047 75.937500 55.156250
 0.367969 0.001347 45.937500 60.156250
 0.717969 0.000747 65.937500 70.156250
 0.149219 0.000822 48.437500 58.906250
 0.499219 0.001422 68.437500 68.906250
 0.324219 0.001122 58.437500 73.906250
 0.674219 0.000522 78.437500 63.906250
 0.236719 0.001572 73.437500 71.406250
 0.586719 0.000972 53.437500 61.406250
 0.411719 0.000672 63.437500 56.406250
 0.761719 0.001272 43.437500 66.406250
 0.127344 0.000559 77.187500 62.031250
 0.477344 0.001159 57.187500 72.031250
 0.302344 0.001459 67.187500 67.031250
 0.652344 0.000859 47.187500 57.031250
 0.214844 0.001009 42.187500 69.531250
 0.564844 0.000409 62.187500 59.531250
 0.389844 0.000709 52.187500 64.531250
 0.739844 0.001309 72.187500 74.531250
 0.171094 0.001384 54.687500 55.781250
 0.521094 0.000784 74.687500 65.781250
 0.346094 0.000484 44.687500 70.781250
 0.696094 0.001084 64.687500 60.781250
 0.258594 0.000934 69.687500 73.281250
 0.608594 0.001534 49.687500 63.281250
 0.433594 0.001234 79.687500 58.281250
 0.783594 0.000634 59.687500 68.281250
 0.116406 0.000878 57.812500 71.093750
 0.466406 0.001478 77.812500 61.093750
 0.291406 0.001178 47.812500 56.093750
 0.641406 0.000578 67.812500 66.093750
 0.203906 0.001328 62.812500 58.593750
 0.553906 0.000728 42.812500 68.593750
 0.378906 0.000428 72.812500 73.593750
 0.728906 0.001028 52.812500 63.593750
 0.160156 0.001103 70.312500 67.343750
 0.510156 0.000503 50.312500 57.343750
 0.335156 0.000803 60.312500 62.343750
 0.685156 0.001403 40.312500 72.343750
 0.247656 0.000653 45.312500 64.843750
 0.597656 0.001253 65.312500 74.843750
 0.422656 0.001553 55.312500 69.843750
 0.772656 0.000953 75.312500 59.843750
 0.138281 0.001516 44.062500 74.218750
 0.488281 0.000916 64.062500 64.218750
 0.313281 0.000616 54.062500 59.218750
 0.663281 0.001216 74.062500 69.218750
 0.225781 0.000766 79.062500 56.718750
 0.575781 0.001366 59.062500 66.718750
 0.400781 0.001066 69.062500 71.718750
 0.750781 0.000466 49.062500 61.718750
 0.182031 0.000541 66.562500 67.968750
 0.532031 0.001141 46.562500 57.968750
 0.357031 0.001441 76.562500 62.968750
 0.707031 0.000841 56.562500 72.968750
 0.269531 0.001291 51.562500 60.468750
 0.619531 0.000691 71.562500 70.468750
 0.444531 0.000991 41.562500 65.468750
 0.794531 0.001591 61.562500 55.468750
 0.102734 0.001595 52.343750 66.484375
 0.452734 0.000995 72.343750 56.484375
 0.277734 0.000695 42.343750 61.484375
 0.627734 0.001295 62.343750 71.484375
 0.190234 0.000845 67.343750 63.984375
 0.540234 0.001445 47.343750 73.984375
 0.365234 0.001145 77.343750 68.984375
 0.715234 0.000545 57.343750 58.984375
 0.146484 0.000470 79.843750 70.234375
 0.496484 0.001070 59.843750 60.234375
 0.321484 0.001370 69.843750 55.234375
 0.671484 0.000770 49.843750 65.234375
 0.233984 0.001220 44.843750 57.734375
 0.583984 0.000620 64.843750 67.734375
 0.408984 0.000920 54.843750 72.734375
 0.758984 0.001520 74.843750 62.734375
 0.124609 0.000958 46.093750 68.359375
 0.474609 0.001558 66.093750 58.359375
 0.299609 0.001258 56.093750 63.359375
 0.649609 0.000658 76.093750 73.359375
 0.212109 0.001408 71.093750 60.859375
 0.562109 0.000808 51.093750 70.859375
 0.387109 0.000508 61.093750 65.859375
 0.737109 0.001108 41.093750 55.859375
 0.168359 0.001033 63.593750 74.609375
 0.518359 0.000433 43.593750 64.609375
 0.343359 0.000733 73.593750 59.609375
 0.693359 0.001333 53.593750 69.609375
 0.255859 0.000583 58.593750 57.109375
 0.605859 0.001183 78.593750 67.109375
 0.430859 0.001483 48.593750 72.109375
 0.780859 0.000883 68.593750 62.109375
 0.113672 0.000639 69.218750 59.921875
 0.463672 0.001239 49.218750 69.921875
 0.288672 0.001539 79.218750 74.921875
 0.638672 0.000939 59.218750 64.921875
 0.201172 0.001089 54.218750 72.421875
 0.551172 0.000489 74.218750 62.421875
 0.376172 0.000789 44.218750 57.421875
 0.726172 0.001389 64.218750 67.421875
 0.157422 0.001314 41.718750 63.671875
 0.507422 0.000714 61.718750 73.671875
 0.332422 0.000414 51.718750 68.671875
 0.682422 0.001014 71.718750 58.671875
 0.244922 0.000864 76.718750 66.171875
 0.594922 0.001464 56.718750 56.171875
 0.419922 0.001164 66.718750 61.171875
 0.769922 0.000564 46.718750 71.171875
 0.135547 0.001277 72.968750 55.546875
 0.485547 0.000677 52.968750 65.546875
 0.310547 0.000977 62.968750 70.546875
 0.660547 0.001577 42.968750 60.546875
 0.223047 0.000527 47.968750 73.046875
 0.573047 0.001127 67.968750 63.046875
 0.398047 0.001427 57.968750 58.046875
 0.748047 0.000827 77.968750 68.046875
 0.179297 0.000752 55.468750 61.796875
 0.529297 0.001352 75.468750 71.796875
 0.354297 0.001052 45.468750 66.796875
 0.704297 0.000452 65.468750 56.796875
 0.266797 0.001502 60.468750 69.296875
 0.616797 0.000902 40.468750 59.296875
 0.441797 0.000602 70.468750 64.296875
 0.791797 0.001202 50.468750 74.296875
 0.108203 0.000798 71.406250 73.828125
 0.458203 0.001398 51.406250 63.828125
 0.283203 0.001098 61.406250 58.828125
 0.633203 0.000498 41.406250 68.828125
 0.195703 0.001548 46.406250 56.328125
 0.545703 0.000948 66.406250 66.328125
 0.370703 0.000648 56.406250 71.328125
 0.720703 0.001248 76.406250 61.328125
 0.151953 0.001173 58.906250 67.578125
 0.501953 0.000573 78.906250 57.578125
 0.326953 0.000873 48.906250 62.578125
 0.676953 0.001473 68.906250 72.578125
 0.239453 0.000423 63.906250 60.078125
 0.589453 0.001023 43.906250 70.078125
 0.414453 0.001323 73.906250 65.078125
 0.764453 0.000723 53.906250 55.078125
 0.130078 0.001436 65.156250 70.703125
 0.480078 0.000836 45.156250 60.703125
 0.305078 0.000536 75.156250 55.703125
 0.655078 0.001136 55.156250 65.703125
 0.217578 0.000986 50.156250 58.203125
 0.567578 0.001586 70.156250 68.203125
 0.392578 0.001286 40.156250 73.203125
 0.742578 0.000686 60.156250 63.203125
 0.173828 0.000611 42.656250 66.953125
 0.523828 0.001211 62.656250 56.953125
 0.348828 0.001511 52.656250 61.953125
 0.698828 0.000911 72.656250 71.953125
 0.261328 0.001061 77.656250 64.453125
 0.611328 0.000461 57.656250 74.453125
 0.436328 0.000761 67.656250 69.453125
 0.786328 0.001361 47.656250 59.453125
 0.119141 0.001117 49.531250 62.265625
 0.469141 0.000517 69.531250 72.265625
 0.294141 0.000817 59.531250 67.265625
 0.644141 0.001417 79.531250 57.265625
 0.206641 0.000667 74.531250 69.765625
 0.556641 0.001267 54.531250 59.765625
 0.381641 0.001567 64.531250 64.765625
 0.731641 0.000967 44.531250 74.765625
 0.162891 0.000892 62.031250 56.015625
 0.512891 0.001492 42.031250 66.015625
 0.337891 0.001192 72.031250 71.015625
 0.687891 0.000592 52.031250 61.015625
 0.250391 0.001342 57.031250 73.515625
 0.600391 0.000742 77.031250 63.515625
 0.425391 0.000442 47.031250 58.515625
 0.775391 0.001042 67.031250 68.515625
 0.141016 0.000480 53.281250 62.890625
 0.491016 0.001080 73.281250 72.890625
 0.316016 0.001380 43.281250 67.890625
 0.666016 0.000780 63.281250 57.890625
 0.228516 0.001230 68.281250 65.390625
 0.578516 0.000630 48.281250 55.390625
 0.403516 0.000930 78.281250 60.390625
 0.753516 0.001530 58.281250 70.390625
 0.184766 0.001455 75.781250 59.140625
 0.534766 0.000855 55.781250 69.140625
 0.359766 0.000555 65.781250 74.140625
 0.709766 0.001155 45.781250 64.140625
 0.272266 0.000705 40.781250 71.640625
 0.622266 0.001305 60.781250 61.640625
 0.447266 0.001005 50.781250 56.640625
 0.797266 0.000405 70.781250 66.640625
 0.101367 0.001002 76.328125 72.148438
 0.451367 0.000402 56.328125 62.148438
 0.276367 0.000702 66.328125 57.148438
 0.626367 0.001302 46.328125 67.148438
 0.188867 0.000552 41.328125 59.648438
 0.538867 0.001152 61.328125 69.648438
 0.363867 0.001452 51.328125 74.648438
 0.713867 0.000852 71.328125 64.648438
 0.145117 0.000927 53.828125 65.898438
 0.495117 0.001527 73.828125 55.898438
 0.320117 0.001227 43.828125 60.898438
 0.670117 0.000627 63.828125 70.898438
 0.232617 0.001377 68.828125 63.398438
 0.582617 0.000777 48.828125 73.398438
 0.407617 0.000477 78.828125 68.398438
 0.757617 0.001077 58.828125 58.398438
 0.123242 0.000440 60.078125 72.773438
 0.473242 0.001040 40.078125 62.773438
 0.298242 0.001340 70.078125 57.773438
 0.648242 0.000740 50.078125 67.773438
 0.210742 0.001190 55.078125 55.273438
 0.560742 0.000590 75.078125 65.273438
 0.385742 0.000890 45.078125 70.273438
 0.735742 0.001490 65.078125 60.273438
 0.166992 0.001565 47.578125 69.023438
 0.516992 0.000965 67.578125 59.023438
 0.341992 0.000665 57.578125 64.023438
 0.691992 0.001265 77.578125 74.023438
 0.254492 0.000815 72.578125 61.523438
 0.604492 0.001415 52.578125 71.523438
 0.429492 0.001115 62.578125 66.523438
 0.779492 0.000515 42.578125 56.523438
 0.112305 0.000759 44.453125 64.335938
 0.462305 0.001359 64.453125 74.335938
 0.287305 0.001059 54.453125 69.335938
 0.637305 0.000459 74.453125 59.335938
 0.199805 0.001509 79.453125 66.835938
 0.549805 0.000909 59.453125 56.835938
 0.374805 0.000609 69.453125 61.835938
 0.724805 0.001209 49.453125 71.835938
 0.156055 0.001284 66.953125 58.085938
 0.506055 0.000684 46.953125 68.085938
 0.331055 0.000984 76.953125 73.085938
 0.681055 0.001584 56.953125 63.085938
 0.243555 0.000534 51.953125 70.585938
 0.593555 0.001134 71.953125 60.585938
 0.418555 0.001434 41.953125 55.585938
 0.768555 0.000834 61.953125 65.585938
 0.134180 0.001321 58.203125 61.210938
 0.484180 0.000721 78.203125 71.210938
 0.309180 0.000421 48.203125 66.210938
 0.659180 0.001021 68.203125 56.210938
 0.221680 0.000871 63.203125 68.710938
 0.571680 0.001471 43.203125 58.710938
 0.396680 0.001171 73.203125 63.710938
 0.746680 0.000571 53.203125 73.710938
 0.177930 0.000646 70.703125 57.460938
 0.527930 0.001246 50.703125 67.460938
 0.352930 0.001546 60.703125 72.460938
 0.702930 0.000946 40.703125 62.460938
 0.265430 0.001096 45.703125 74.960938
 0.615430 0.000496 65.703125 64.960938
 0.440430 0.000796 55.703125 59.960938
 0.790430 0.001396 75.703125 69.960938
 0.106836 0.000599 57.265625 69.492188
 0.456836 0.001199 77.265625 59.492188
 0.281836 0.001499 47.265625 64.492188
 0.631836 0.000899 67.265625 74.492188
 0.194336 0.001049 62.265625 61.992188
 0.544336 0.000449 42.265625 71.992188
 0.369336 0.000749 72.265625 66.992188
 0.719336 0.001349 52.265625 56.992188
 0.150586 0.001424 74.765625 73.242188
 0.500586 0.000824 54.765625 63.242188
 0.325586 0.000524 64.765625 58.242188
 0.675586 0.001124 44.765625 68.242188
 0.238086 0.000974 49.765625 55.742188
 0.588086 0.001574 69.765625 65.742188
 0.413086 0.001274 59.765625 70.742188
 0.763086 0.000674 79.765625 60.742188
 0.128711 0.001162 41.015625 65.117188
 0.478711 0.000562 61.015625 55.117188
 0.303711 0.000862 51.015625 60.117188
 0.653711 0.001462 71.015625 70.117188
 0.216211 0.000412 76.015625 62.617188
 0.566211 0.001012 56.015625 72.617188
 0.391211 0.001312 66.015625 67.617188
 0.741211 0.000712 46.015625 57.617188
 0.172461 0.000787 68.515625 71.367188
 0.522461 0.001387 48.515625 61.367188
 0.347461 0.001087 78.515625 56.367188
 0.697461 0.000487 58.515625 66.367188
 0.259961 0.001537 53.515625 58.867188
 0.609961 0.000937 73.515625 68.867188
 0.434961 0.000637 43.515625 73.867188
 0.784961 0.001237 63.515625 63.867188
 0.117773 0.001480 64.140625 56.679688
 0.467773 0.000880 44.140625 66.679688
 0.292773 0.000580 74.140625 71.679688
 0.642773 0.001180 54.140625 61.679688
 0.205273 0.000730 59.140625 74.179688
 0.555273 0.001330 79.140625 64.179688
 0.380273 0.001030 49.140625 59.179688
 0.730273 0.000430 69.140625 69.179688
 0.161523 0.000505 46.640625 60.429688
 0.511523 0.001105 66.640625 70.429688
 0.336523 0.001405 56.640625 65.429688
 0.686523 0.000805 76.640625 55.429688
 0.249023 0.001255 71.640625 67.929688
 0.599023 0.000655 51.640625 57.929688
 0.424023 0.000955 61.640625 62.929688
 0.774023 0.001555 41.640625 72.929688
 0.139648 0.000918 77.890625 58.554688
 0.489648 0.001518 57.890625 68.554688
 0.314648 0.001218 67.890625 73.554688
 0.664648 0.000618 47.890625 63.554688
 0.227148 0.001368 42.890625 71.054688
 0.577148 0.000768 62.890625 61.054688
 0.402148 0.000468 52.890625 56.054688
 0.752148 0.001068 72.890625 66.054688
 0.183398 0.001143 50.390625 64.804688
 0.533398 0.000543 70.390625 74.804688
 0.358398 0.000843 40.390625 69.804688
 0.708398 0.001443 60.390625 59.804688
 0.270898 0.000693 65.390625 67.304688
 0.620898 0.001293 45.390625 57.304688
 0.445898 0.001593 75.390625 62.304688
 0.795898 0.000993 55.390625 72.304688
 0.104102 0.000998 66.171875 60.664063
 0.454102 0.001598 46.171875 70.664063
 0.279102 0.001298 76.171875 65.664063
 0.629102 0.000698 56.171875 55.664063
 0.191602 0.001448 51.171875 68.164063
 0.541602 0.000848 71.171875 58.164063
 0.366602 0.000548 41.171875 63.164063
 0.716602 0.001148 61.171875 73.164063
 0.147852 0.001073 43.671875 56.914063
 0.497852 0.000473 63.671875 66.914063
 0.322852 0.000773 53.671875 71.914063
 0.672852 0.001373 73.671875 61.914063
 0.235352 0.000623 78.671875 74.414063
 0.585352 0.001223 58.671875 64.414063
 0.410352 0.001523 68.671875 59.414063
 0.760352 0.000923 48.671875 69.414063
