39260.75922734027
9513.615395189005
9485.384449404763
16915.327432655307
20992.05133965718
1444.404520986113
16987.433419301164
6425.548656315318
11533.17023619352
6961.411763246298
11052.930657284505
15297.59590918713
30702.971367266386
1262.651365412215
13575.113489306901
3289.965442380095
6616.791591065293
12192.918121466508
2422.853628652215
33310.455192374655
13562.326514059821
11400.824359105825
4848.915033390278
8215.046588330353
6813.265923748104
17710.30637601698
1126.1336738696334
23229.067625705276
8125.856825544229
6684.09247463027
5849.151415984896
15371.044278628611
5075.384713171406
12279.180845877521
11103.120915821333
1881.4065315956407
2442.983314008373
21522.17332149359
11369.505855970094
19317.703108372134
6267.904381342251
10428.185381405461
17261.362847039476
13209.781640691263
2740.426389123816
26070.734063284515
6365.512401364997
11048.720360911318
16886.263420703384
7449.341285826802
30807.53301989744
4489.042740016992
7613.219371094346
20159.317190892765
11392.88317664592
5550.875681369131
12692.460618744859
3338.1976323420536
12611.82454109361
1426.730346586178
5487.667010628308
15020.097850325674
21333.306618948045
8349.271235665137
14375.501499969394
10314.40426361938
5902.235693400223
14243.77654075513
13993.431691691969
17677.385589517187
839.509360010617
12813.68354885875
18463.284007598246
10638.190214987117
2792.1131750452028
2064.3064128155806
13650.2754343734
20737.557892386376
2141.107667492043
28618.176790894406
19185.551329177604
642.9964043751582
13493.905205334337
6002.499306289002
6919.066851364365
4598.4238422438175
17237.864569626
25072.27629153513
15591.871810716406
1313.5973847053285
21454.90453578059
14806.363094502814
8175.175073996468
4474.03442423057
7242.011369880108
16442.491568673577
4323.353789513599
7914.609993170625
25959.582235754377
9546.136204372111
13599.072146915154
2169.689944924009
24321.42394297452
2789.7390410172197
6745.589477294595
10891.40780685334
16476.774725933425
7857.516402097739
8611.822645755488
1682.2044570862918
29588.971101287847
3427.4578630281817
3817.2592574210216
34649.26039055479
1429.5656748084432
9876.195500443566
7109.088580632079
11600.818322303787
8368.808628015695
5567.332006372803
4998.648121069196
26059.343793435146
6069.860153389385
14732.830418916994
10218.010730404014
27440.74951142738
7082.487796110332
4207.132333090418
10904.19582048124
5671.660650956988
6712.922377297019
13280.114581860904
2082.3152696793663
12850.823857303982
4084.0069006798703
33054.45545549828
10154.12352641706
6286.266237269298
11536.258665565638
29242.631918707695
2927.0729202288085
12209.1200404862
2489.530244971969
19994.917911570494
29153.377995505023
4491.414973945457
18273.67571659249
6372.462834645935
18518.316425255944
6748.32042985747
2110.0867717756773
5625.361233267162
33251.75799649996
3191.0363094347545
9383.879788220152
2164.4985293919276
19282.484926299632
8541.503685469617
12361.141937722194
13768.093476632092
12249.768932946883
18523.985113861876
2512.6726183827395
3803.5789948656466
14292.642113539168
9498.923491626181
21990.813475792907
1157.5902760391182
8437.072260218403
13160.777208386125
12842.661539086053
5384.092505415073
23355.120431646123
16389.25133222448
19781.240669213097
1158.8316479311395
1815.0673249660101
13628.190297502184
10427.944134418787
18008.0633394659
5726.181389956852
14619.256089036275
14158.40528378349
9656.6495013172
699.0229495552584
21704.897857699834
6966.957716773657
14092.403893284683
4925.246617834779
5091.436665121504
21297.050523593385
11962.1650534311
8934.969532877369
6148.804790531514
8092.571782155115
15573.722715986687
30899.36404435359
3167.223527939469
13184.904928149339
6813.7735416066525
17508.20736739583
7596.760350890305
3208.510737545053
8956.961213252527
19327.802055199423
2978.556480522208
16140.270736914323
8581.201908794123
6254.7139763245505
17998.700205092322
2548.104742610991
20135.760548461974
13756.868176843713
4082.9676034418712
7636.408491338209
21464.387494905604
5139.008311167951
9771.346903037023
3033.73224750817
23324.333912900434
18695.710896763627
8328.806689052157
6890.897661604582
11176.844042358021
7643.890300235303
17055.025080951455
20859.631454167655
16414.67383891174
1195.98112165014
26201.565924498867
4139.225205741733
12684.038891989812
4593.254106993122
10972.139484117683
8991.452549521073
4588.704456347566
1551.8946344963751
19673.272804921322
6944.925601516696
17980.433275322073
15813.111931371372
6122.020733972966
18023.80914158763
792.749093455508
8003.886239119083
9604.756347454417
18121.78752904713
6881.227869176182
16953.814950086577
6303.208508097473
33992.49459122408
2765.6486828782613
11245.560172510885
11749.632795574775
4493.188445329892
3952.8375880447197
8451.670668489482
13942.911329923669
11412.369022810608
4851.0147165495
21328.58791896117
19118.18514391316
16209.67029799897
1414.976040384425
12339.55300631615
20670.252539861096
4124.41029242388
3587.6746162935224
17821.383642589866
10407.149134423804
25549.825767553928
922.3321969813612
984.9125115498441
21508.945169481085
8530.301029760389
14967.076603733465
3984.6940778767744
4044.5963433800744
25519.536053522705
16592.82917242783
587.8925695196801
12584.43791386035
10840.116768069629
19723.899668861646
4515.333353398105
11648.93206346491
15829.9555436064
8187.608490328247
8204.927854136602
2444.6598761454648
9506.757388223368
26066.523002099377
4813.947581593051
17367.741146327633
4757.504268885113
28103.09433729112
11766.05143344625
9405.132215246062
8703.460451920042
17635.059255203087
651.8119498351252
6580.793458926853
1945.1103016801394
27151.876998838005
37505.81161658192
5493.6458530397385
11292.011910517564
3183.1278276161415
11238.041475498088
6311.476720486585
3297.622840340913
7819.806608481499
23980.613565838503
3787.4895753772403
13224.266477199826
3105.463506506662
27894.131268679714
10227.68887928987
5770.552335267126
7535.088688648836
9429.692927288876
25374.29170340713
10914.639173485935
9937.121713221242
791.6406375013659
17571.86263002141
4673.925737717879
14890.9605801572
5853.690599012417
9815.164075016559
15328.088091410942
9556.00980644133
2528.2517490361874
34420.44657897468
5359.549403318915
14368.632667247324
10362.90131136905
4202.025942660587
28644.69262800757
1259.1760601521805
12940.585679372014
14350.335130606843
11020.174631657288
6110.205181961429
20355.856666908967
10456.823773523827
26290.252809264595
2486.7027989396956
4653.709244516496
8391.076052053175
11244.795619014418
4736.545228912246
12852.885570171411
5593.986622563573
3270.5337255037266
10492.191016211065
17011.980073355076
2110.4174317537777
16423.697962844704
7526.53070263548
10849.619448192287
5187.6982453693245
11002.13358271276
17277.947557217176
28789.660722241457
3498.4523756444423
14006.436023131328
9263.733740811322
3658.82373249994
13949.18077556874
3343.9432065460537
26783.428446164355
19429.350328042507
10691.712166058673
5822.781395810762
12189.76828836902
8785.429438072544
15111.000949616935
2267.896469158111
15797.278819494246
15117.205624773409
3160.1024981770947
7293.766458114217
19564.402119573515
4529.188334869909
6519.960695721443
12374.037547985276
4841.8061703169715
4316.7184
31002.413418110336
7736.102619114663
14179.242594689027
8541.620850956553
21909.10367024294
12404.209088351872
5402.230873903702
1796.1817493905637
17868.29499612145
7316.479095979566
14422.587341680091