40362.7176578786	1535627840.3
16286.278168841762	1535627932.82
14776.625675396564	1535628026.54
17173.13120858315	1535628114.56
21350.791831023456	1535628203.62
9725.474438604873	1535628294.77
19616.487714403196	1535628385.27
14533.964453125	1535628485.41
18325.476528784933	1535628583.92
12740.20300802732	1535628665.1
16341.343666273036	1535628744.26
18499.111364182692	1535628841.64
25082.09140108918	1535628925.29
11261.057193113773	1535629024.22
16441.944868537128	1535629114.61
12058.442146194166	1535629214.49
13370.594005325584	1535629311.49
17648.72392192832	1535629386.38
11784.64134028897	1535629489.04
24318.543679228645	1535629579.51
18146.858958224908	1535629669.12
15233.777326706895	1535629758.4
12610.600734711703	1535629852.92
17440.97870805777	1535629937.18
15895.43089831699	1535630045.1
19580.736388761066	1535630131.56
9939.905937789461	1535630219.69
22106.063264740358	1535630312.11
14670.133161524009	1535630422.97
13121.75965756527	1535630517.24
13032.304690355026	1535630596.08
20440.857267640356	1535630688.58
12494.791093293867	1535630770.55
18166.14799020364	1535630840.28
15715.881890816197	1535630919.14
12303.001444850557	1535631005.42
10247.940377272776	1535631095.71
21354.990824527496	1535631184.16
17176.812541547657	1535631265.72
19831.970130015798	1535631345.8
13055.558897344632	1535631431.24
17393.3471780811	1535631535.81
19907.67351078996	1535631631.53
16690.05844335658	1535631706.68
10647.195956152795	1535631797.96
22969.476779639954	1535631885.37
13505.800694483305	1535631979.18
17516.976918932625	1535632090.49
19118.780896184628	1535632182.22
15020.007691224431	1535632279.66
24782.356085413434	1535632363.22
13096.382870056705	1535632438.81
16197.475329690002	1535632537.48
19705.324220152546	1535632611.88
18001.273179060867	1535632721.73
12516.22215520265	1535632811.99
17224.081009345704	1535632906.25
13062.620657625863	1535633000.85
18642.95249674723	1535633087.12
7982.863481938158	1535633168.62
14704.201516347044	1535633271.19
17661.91296916606	1535633361.55
21076.78066596868	1535633444.65
14217.749113207006	1535633526.21
18825.903502623965	1535633608.41
16703.923229154607	1535633697.35
13277.554648980944	1535633775.64
18703.58896104557	1535633861.59
17258.80027329782	1535633958.79
20480.38907043308	1535634059.86
6626.155523451869	1535634158.35
18053.666702067734	1535634259.08
20115.329959695464	1535634336.84
16798.3438952495	1535634418.08
9705.704749497332	1535634507.97
13901.102200458463	1535634594.62
16990.105304773555	1535634698.56
21394.685692962878	1535634789.12
10456.591787328549	1535634889.9
23365.443767799334	1535634983.6
19920.678561319102	1535635071.21
8061.2068028873555	1535635158.34
17926.582048212567	1535635233.64
13224.585383886204	1535635311.15
16738.352457247864	1535635412.47
11494.918348877194	1535635510.92
19759.94207403569	1535635599.97
22968.901987882215	1535635690.85
20652.12269415711	1535635784.36
8536.640717093656	1535635872.64
21077.348939755942	1535635952.14
17942.320081193528	1535636037.45
17033.819834242044	1535636126.62
13145.42501131163	1535636203.97
14970.261666430704	1535636296.28
17900.58150068813	1535636403.7
12646.129886233839	1535636484.22
15086.961327720623	1535636572.92
23132.827199729625	1535636660.1
17212.77755830263	1535636763.95
16834.6026016648	1535636843.06
12250.465901986146	1535636949.0
23830.733041493902	1535637046.14
10744.252372342084	1535637136.14
14379.716467318733	1535637229.68
17389.01535820934	1535637340.01
19402.217901595668	1535637434.92
15625.962870583997	1535637525.72
13748.121578100037	1535637605.27
10086.30594032134	1535637716.07
24782.763263040637	1535637808.33
11353.331366229628	1535637901.92
13163.56561688948	1535637974.73
26980.501898096387	1535638047.38
10626.800026665838	1535638136.7
15585.45893827245	1535638229.41
12841.163330161873	1535638333.51
18796.31035660131	1535638437.2
15317.17817006999	1535638535.93
13456.720510453193	1535638616.25
12050.499051568604	1535638704.85
24250.056482464286	1535638800.13
14627.739218481558	1535638897.93
18431.34336895449	1535638989.73
17091.194545938455	1535639072.53
23228.718928698123	1535639163.2
14786.576084482705	1535639264.06
12762.50559277741	1535639349.15
16796.059702387553	1535639465.53
13934.319110355957	1535639557.38
13407.39450189576	1535639664.3
18684.920284447457	1535639744.13
10968.363054840498	1535639833.41
15890.633334419774	1535639928.01
12974.65973057641	1535640016.93
25518.537739463896	1535640105.44
16846.818885099918	1535640199.01
14775.207938549316	1535640300.28
16829.355753745564	1535640384.74
24316.807793052183	1535640472.84
11783.144586177044	1535640559.53
16190.897445710205	1535640632.03
9775.601993046737	1535640708.21
22473.73036985441	1535640813.83
25287.944209294576	1535640893.51
13215.243654634654	1535640995.79
18948.429597649807	1535641074.06
14720.146498562202	1535641160.95
21083.238423586685	1535641272.9
14315.472265829343	1535641362.36
10626.501115523995	1535641446.08
13018.659148920211	1535641533.58
25767.612986496657	1535641618.29
12616.272204252273	1535641714.97
15469.543474920476	1535641807.16
11185.614574076908	1535641905.92
20890.775329404045	1535642010.57
15517.8979471146	1535642106.57
15831.209027941752	1535642193.1
18204.453892838726	1535642290.04
17405.166857717893	1535642378.12
19869.09345389776	1535642460.93
14326.085419423958	1535642575.9
10309.329857943223	1535642672.04
19447.32746270231	1535642761.92
14395.621779788895	1535642845.17
22118.584969221938	1535642929.2
9695.164418426204	1535643026.62
16444.09840487181	1535643121.86
17340.704290154703	1535643198.43
19049.289315917635	1535643285.82
13665.112074094264	1535643359.88
22956.487485049336	1535643451.93
19940.4294033764	1535643552.49
21658.316669275435	1535643633.33
8776.117493725917	1535643738.51
8279.701985816446	1535643840.13
18196.456234351183	1535643933.6
16815.323281183566	1535644018.39
20640.44906162953	1535644093.65
13813.399688459529	1535644191.73
19395.767790702328	1535644285.76
18448.293107974823	1535644387.36
16550.362244592463	1535644482.22
9124.566606372355	1535644574.53
21260.104130415875	1535644652.0
13934.58564289006	1535644768.68
17992.18577895828	1535644868.24
11325.86472009065	1535644961.53
15385.925786779448	1535645088.08
20867.484692267313	1535645168.68
17409.768835007835	1535645276.02
16712.90608352155	1535645365.07
12163.938177638614	1535645478.93
15362.36515401618	1535645561.66
18051.605269319345	1535645654.52
24236.96385934854	1535645741.17
12260.777404827719	1535645830.04
17797.941676582028	1535645929.88
13238.500291826203	1535646018.39
19973.360199760555	1535646093.8
13606.454801921842	1535646191.16
13241.759726486078	1535646264.95
16012.095484266787	1535646376.36
20357.45248682453	1535646467.29
9585.771893465457	1535646555.8
19331.496452216714	1535646643.69
16294.840975208883	1535646730.17
15078.521233344069	1535646833.84
19594.348694638782	1535646934.43
9530.477086239081	1535647025.51
21107.334035065694	1535647115.25
17460.913168732077	1535647207.06
15075.965494458998	1535647303.09
15098.572802417864	1535647391.68
21419.792054418725	1535647484.59
12040.792617365321	1535647584.61
16661.386819847045	1535647672.21
10572.951725100549	1535647755.83
22178.30111440056	1535647834.3
20079.22869531221	1535647905.62
15356.189347378606	1535648007.34
13391.513300990266	1535648116.37
17794.525402861007	1535648218.21
15088.722633174446	1535648302.7
20842.855712902743	1535648386.95
21018.75394657159	1535648464.12
18031.329366912018	1535648557.49
10392.051973359528	1535648666.84
23352.240640260046	1535648746.99
12680.925028111982	1535648830.74
16718.00314721647	1535648911.23
13525.261724567099	1535649012.41
18873.04586946182	1535649104.0
15314.426057054548	1535649183.9
12535.525870285703	1535649291.75
8810.422283504078	1535649369.19
21183.118899691417	1535649467.31
15406.979778565828	1535649562.44
18485.971869758767	1535649652.7
17955.89009011827	1535649731.29
14289.121766342087	1535649840.47
20395.39057827926	1535649933.88
8504.855443577211	1535650040.91
14408.71830836102	1535650119.7
15832.975419660435	1535650228.23
20417.298521738183	1535650316.98
14455.959933834165	1535650399.21
19091.088798463534	1535650482.26
13995.136282633286	1535650588.24
26228.863363941156	1535650671.72
12486.837745471224	1535650763.67
15095.405566049996	1535650869.58
17771.357542695434	1535650951.25
15164.106452962587	1535651037.97
11029.565071846955	1535651150.79
15843.667824237798	1535651240.42
18620.304304119432	1535651321.89
18332.17059039051	1535651429.32
12908.5523378778	1535651515.62
22115.07683117023	1535651609.13
18736.269068035526	1535651693.03
20413.670958252707	1535651794.41
8385.752030135778	1535651892.64
17376.632706691158	1535651981.84
20370.74306604787	1535652061.74
14712.489609845026	1535652154.1
10582.046062468555	1535652250.28
18936.428681548736	1535652335.86
14864.06545070029	1535652443.82
23050.880615305046	1535652519.72
9543.706140840173	1535652630.08
9181.063423595248	1535652712.2
21624.11731718518	1535652801.84
14435.097683261587	1535652889.08
18215.580151618124	1535652991.0
12236.236457826224	1535653086.28
15708.810853424911	1535653172.04
23221.375412616388	1535653238.67
19419.52818457044	1535653342.62
7708.818729654682	1535653439.88
18630.93813547998	1535653529.55
16377.139878322496	1535653638.67
20028.973120363222	1535653746.87
12961.417525887617	1535653837.49
18015.55989109136	1535653909.81
18038.200778575032	1535653983.03
16106.055030650883	1535654077.07
14592.551140072548	1535654157.11
12275.233510146081	1535654251.01
15943.582994835131	1535654330.81
22069.180307381066	1535654428.07
14927.573566622745	1535654516.28
18604.474871430193	1535654603.53
12640.062380495516	1535654691.07
24187.651592619204	1535654779.93
17698.531140692543	1535654879.71
14387.20821571691	1535654968.51
15008.60673848126	1535655052.09
21044.9767272631	1535655156.72
8701.949930929537	1535655251.43
13517.224178836985	1535655353.31
10499.589648384735	1535655433.53
22777.7606835681	1535655521.99
27946.078362086228	1535655604.66
14504.504396760165	1535655688.07
16854.583917211978	1535655767.55
11652.732291906357	1535655857.27
18306.522761031014	1535655956.25
13101.986024405747	1535656039.36
12161.285596724792	1535656136.38
16019.497429457391	1535656228.63
22813.534645659856	1535656306.89
11369.60162571312	1535656407.23
17712.492365011563	1535656510.33
12398.874340904287	1535656605.63
23598.73269941012	1535656695.87
17086.125280580687	1535656795.82
13608.054475455592	1535656887.61
15301.968419738592	1535656980.86
16302.22585517468	1535657060.12
21975.63525774004	1535657149.2
17644.791657639053	1535657237.15
15553.290942558413	1535657347.62
8534.207325281845	1535657454.93
20564.57300914074	1535657549.5
13668.845607900603	1535657646.81
17581.21734242797	1535657732.46
13103.886424479619	1535657830.17
18139.400111983403	1535657913.97
18734.909749782415	1535657993.5
15843.67388808624	1535658076.2
11991.712690263204	1535658176.04
25255.81734198494	1535658274.78
13462.361152487862	1535658358.1
17832.628458382045	1535658438.93
16301.85835773062	1535658517.4
11490.799112034614	1535658595.96
23812.073278854492	1535658679.94
10557.792344975354	1535658768.53
16077.182548458202	1535658874.76
19167.8765209162	1535658965.02
18175.077034177157	1535659053.64
13171.920397856537	1535659150.34
19990.171819318573	1535659237.69
16714.529845484638	1535659315.77
23286.779196608793	1535659395.89
10636.030686668037	1535659489.57
12183.144538238066	1535659613.44
14848.364846070986	1535659715.46
18551.754031561115	1535659803.67
12436.65409704281	1535659896.61
19551.326397518093	1535659975.21
12540.647102049918	1535660057.42
12850.956461345135	1535660159.49
15417.929531944821	1535660246.63
21231.3130801615	1535660336.1
9081.563190814968	1535660419.35
18707.785749027324	1535660514.19
15269.433715164667	1535660588.7
17207.766417282302	1535660667.81
13348.47767603897	1535660756.44
16548.317582708463	1535660852.9
18870.06797984765	1535660940.94
23825.537491863986	1535661012.97
11780.47921070507	1535661113.81
18142.112275539985	1535661213.04
14168.250598290442	1535661317.56
12642.467132589527	1535661399.39
17910.605746884565	1535661482.29
11626.435883986298	1535661580.13
23588.50184836747	1535661665.75
20043.29561469618	1535661770.31
16604.80595611911	1535661873.0
12884.258603218583	1535661961.75
17967.064210131142	1535662056.63
15609.677639218959	1535662140.17
18780.904093470628	1535662223.66
9235.506258726246	1535662315.68
20086.959700176198	1535662434.97
17521.983601807027	1535662524.12
13597.202829850283	1535662609.9
14809.416753723513	1535662711.24
20654.56746024243	1535662780.23
10965.566027418576	1535662875.81
15490.280519668786	1535662962.82
17596.936633725745	1535663048.69
13939.735781936875	1535663135.38
12167.812290638189	1535663241.23
25092.343436328465	1535663321.88
13690.75684307115	1535663402.52
18415.638336266697	1535663495.13
15617.503704924693	1535663570.95
21284.186712319515	1535663648.99
17163.366865087468	1535663722.64
14293.966175990703	1535663807.25
9518.807036977509	1535663900.72
19583.839269787484	1535663987.54
15097.877882078054	1535664065.34
19131.582767653643	1535664173.24
14866.785459710743	1535664262.88
9746.207642570282	1535664353.05
8556.298634092398	1535664448.38
10462.682954545455	1535664536.04
13062.279717656198	1535664613.87
5322.858053519686	1535664703.9
12122.790431465453	1535664787.53
8889.48594970703	1535664885.13
9119.28530206648	1535664975.99
8612.741157151951	1535665075.9
9617.736231308008	1535665160.52
12377.076659586874	1535665245.26
14726.906812328298	1535665339.87
5304.547454178886	1535665437.71
11313.609433982685	1535665541.34
7161.979703271842	1535665625.69
7964.316702627256	1535665709.2
11499.620814605758	1535665796.42
6086.482401160938	1535665899.15
15976.035695981043	1535665982.46
11566.861536074495	1535666065.87
9565.36946830157	1535666142.5
7811.676087295752	1535666236.31
8290.639929300349	1535666347.69
8742.88309097287	1535666430.18
12308.554119586302	1535666529.48
5046.401922637087	1535666624.74
12726.79039183542	1535666730.2
9538.220158929355	1535666809.87
8621.63426369637	1535666894.75
8173.471680587404	1535666983.49
10443.033272318366	1535667069.31
8197.960065715113	1535667164.84
9769.29660400295	1535667274.8
9170.421435788245	1535667368.77
6283.081933407578	1535667459.36
6151.533478929343	1535667549.46
13888.279826739714	1535667639.91
8203.924297218007	1535667742.45
12738.476194401377	1535667833.01
8947.352080666142	1535667949.82
9922.48898062388	1535668046.01
12872.617150072216	1535668146.04
9636.700847846783	1535668242.94
6308.45687903812	1535668345.96
14225.29709209655	1535668439.18
7252.318762803886	1535668531.26
10302.743269011604	1535668616.82
11472.931149450884	1535668695.88
7800.080884136607	1535668785.8
15980.248674311904	1535668862.93
7907.696104669682	1535668968.9
7807.416946701287	1535669064.3
11077.112131291438	1535669153.27
9702.848799223508	1535669235.16
8797.965583613786	1535669310.57
10328.93227128202	1535669391.54
6613.338055983767	1535669478.7
11504.793029505796	1535669560.88
5029.328386007641	1535669644.59
7559.029839433149	1535669722.27
10691.70759084361	1535669814.85
12390.344480714344	1535669919.68
9058.646597113575	1535670012.37
12072.968051574757	1535670104.3
9809.513261177526	1535670214.55
8545.428654068752	1535670313.3
10408.792655557829	1535670408.62
9570.78714643435	1535670507.12
12359.160902880734	1535670600.1
4338.07552608068	1535670681.63
10481.62851972426	1535670768.79
11639.029400382535	1535670862.94
8709.837064982843	1535670977.37
6270.033585240614	1535671102.55
7121.859683852855	1535671187.01
9868.282117403573	1535671266.29
13656.845670889717	1535671365.91
5954.21021779901	1535671458.92
15535.433894762647	1535671552.79
12439.412905075305	1535671641.59
4490.373771209677	1535671739.4
10846.38848188791	1535671832.61
7305.3817857586	1535671928.55
8927.129352711847	1535672031.75
7568.3062832383075	1535672122.69
11379.159285841231	1535672205.83
14915.929850856986	1535672327.64
12637.951244715889	1535672415.12
5079.807031693733	1535672497.47
14468.85446225268	1535672579.49
10832.385836674492	1535672671.84
9213.045135195423	1535672754.32
7936.634170917661	1535672838.71
8578.529099757961	1535672922.13
11091.598423387764	1535673007.52
6718.486259404972	1535673096.55
9196.779235675793	1535673172.79
13603.622824908456	1535673278.98
11627.685685785282	1535673370.0
11203.81078430451	1535673452.7
6357.3134981811345	1535673552.34
14082.85716566517	1535673621.27
6407.097417494934	1535673723.18
7498.987942541403	1535673805.17
10448.027012463323	1535673901.32
10842.402743147604	1535674017.25
9178.97352551546	1535674110.74
9253.724302874552	1535674202.38
5369.300355181354	1535674300.12
15426.96003016702	1535674395.1
7120.989592882142	1535674462.38
7240.01853297893	1535674554.71
15717.71587667321	1535674645.88
5547.462416210227	1535674723.81
9694.719503592558	1535674807.69
8779.194779272108	1535674911.67
9952.541553635825	1535674992.0
8720.875049884544	1535675097.12
7537.89300251527	1535675177.62
7799.76025712341	1535675250.51
15039.084757048133	1535675321.33
7987.689873495686	1535675413.52
11252.005231728563	1535675489.47
11273.258727955003	1535675569.17
12936.364785756617	1535675657.22
9104.019247116701	1535675753.87
6564.855511024546	1535675838.93
9781.319947650809	1535675908.95
7265.097627892696	1535675994.44
8896.280883252308	1535676086.2
9998.240183114995	1535676170.16
6358.72602430674	1535676266.28
9621.342844049599	1535676372.16
7559.186852399605	1535676458.29
17111.98853139285	1535676546.77
9870.807702732509	1535676627.65
7741.6947345654635	1535676707.21
11498.359431146522	1535676816.54
15153.203274231302	1535676913.5
6537.048548601193	1535677010.92
9911.313675033203	1535677108.56
5657.288088634046	1535677200.02
13251.584827749224	1535677292.07
15544.87588327746	1535677394.9
7816.7863420273525	1535677485.58
12523.185443125938	1535677573.41
8178.456686825819	1535677642.36
11823.059995346295	1535677732.39
9510.763369968257	1535677832.6
5433.063374315851	1535677919.21
7765.544877057829	1535678003.73
16381.4750067965	1535678087.27
6461.478233013235	1535678174.91
9546.845545053753	1535678256.34
5462.291242837286	1535678358.81
11657.707693182037	1535678438.64
10363.056999510227	1535678511.54
8778.45401325333	1535678606.88
10911.016119076136	1535678704.37
8965.867255500732	1535678782.46
12643.550498563107	1535678862.38
7060.992238551202	1535678960.17
7004.178088425062	1535679054.62
11834.937396169984	1535679144.56
8734.444289607845	1535679224.46
13416.29411572738	1535679311.35
5093.357506039292	1535679411.44
8930.66356348248	1535679496.78
11536.060747292628	1535679601.66
9740.530427338776	1535679683.48
8448.600448544274	1535679782.77
13763.151488308938	1535679857.6
11143.63926825197	1535679943.24
12236.721550172719	1535680047.12
4987.582652424826	1535680143.64
4596.501249742743	1535680234.7
11649.91945425918	1535680323.14
9519.767002323157	1535680418.43
13522.534146001346	1535680520.57
8348.152522442217	1535680614.46
9822.578748363738	1535680710.34
12177.510016331602	1535680811.15
8870.47221684095	1535680901.02
4940.255312959149	1535680992.35
12722.28508247139	1535681096.4
7811.463391833354	1535681190.42
11004.462293526043	1535681289.05
7724.502461054828	1535681387.79
7489.599339551933	1535681479.28
14093.340779268729	1535681581.54
9844.617299206251	1535681678.15
9841.47444836271	1535681792.46
8313.038153474403	1535681900.69
8357.233124877625	1535681997.31
11955.536152495844	1535682089.7
15809.467107980481	1535682184.03
7194.237677442435	1535682274.48
10813.381764737793	1535682359.18
7098.701841014575	1535682424.24
10905.595506810718	1535682495.5
9014.872530340317	1535682596.75
6393.059630478267	1535682684.86
9203.8763899347	1535682776.93
13013.724364078178	1535682874.54
6058.971895699457	1535682970.41
11799.60301486995	1535683060.84
8293.054246477515	1535683145.73
7967.315251899241	1535683236.35
11741.560016742236	1535683321.22
6148.485223569676	1535683411.16
13149.007075037043	1535683522.11
10544.256365411373	1535683610.27
7980.4445167006725	1535683693.61
10034.994753826903	1535683774.98
12263.555551686744	1535683859.3
7180.166820137682	1535683983.06
9759.970279691288	1535684063.86
6123.789821324649	1535684166.91
14308.72920396535	1535684239.9
11916.444043294636	1535684332.84
9263.726336644368	1535684415.99
8441.533967301524	1535684500.15
9712.234361641715	1535684590.02
9456.419879425646	1535684684.58
10775.217581888684	1535684782.84
13496.887832979517	1535684855.3
10924.040298034044	1535684929.85
5199.492695143417	1535685015.61
14550.372021532681	1535685120.1
6726.9697258278375	1535685203.86
10204.358745985764	1535685285.99
7933.235453776904	1535685382.22
9914.879383824786	1535685478.43
10120.639656489284	1535685587.4
6870.813109773689	1535685673.36
5642.597630960825	1535685759.22
13280.881169371678	1535685839.56
8167.962885638669	1535685926.17
13189.30634319574	1535686021.72
10943.290397333316	1535686116.74
8304.234387195418	1535686210.7
12244.68550357976	1535686306.6
4439.943753172445	1535686381.56
8382.15537880255	1535686468.79
10338.593588734842	1535686578.73
10687.206602508333	1535686677.51
9119.129588210095	1535686766.24
12737.46492775057	1535686847.79
8427.942033393969	1535686943.3
15590.599050193538	1535687041.49
6946.109219226042	1535687128.69
8419.192455013452	1535687225.97
11083.690826574799	1535687314.99
7975.292217319084	1535687397.79
7145.166843499188	1535687485.31
8203.583902426091	1535687558.63
11226.979657895052	1535687647.95
8945.73063338266	1535687758.91
8272.592114747455	1535687860.71
14195.085110340671	1535687942.6
10601.44451930851	1535688043.69
11784.735154016054	1535688144.29
5281.951609824535	1535688237.34
10174.561586957749	1535688323.21
12958.208335307098	1535688410.16
7196.002296956003	1535688503.97
7277.087594583845	1535688615.08
12637.258775554275	1535688717.4
8619.233493055659	1535688815.75
13842.079938843246	1535688890.46
4924.160752134034	1535688982.21
5014.393761774269	1535689074.69
12957.579536083476	1535689161.08
8564.20931030659	1535689235.48
11842.81656753646	1535689340.81
7029.5501775174935	1535689436.0
8068.7008377085995	1535689522.52
13671.71783686173	1535689606.84
10971.678472607475	1535689681.41
4226.900190059072	1535689769.43
11448.171412949325	1535689852.29
8588.840354290354	1535689937.55
13118.769656219916	1535690019.84
8026.459553890655	1535690130.98
9673.273523741876	1535690218.67
11923.355019759027	1535690308.52
8952.596743274078	1535690393.08
8771.609595933933	1535690487.61
6617.283947563045	1535690574.5
10447.773091024059	1535690657.69
12379.079405379343	1535690749.09
7884.63575874272	1535690835.3
11977.748196678183	1535690919.34
7231.2304478729275	1535691018.77
15307.123585663345	1535691109.02
10602.084640567833	1535691205.67
7604.534391800508	1535691284.12
10364.343585292327	1535691403.86
10990.64870004421	1535691502.31
4668.723945623273	1535691599.83
7671.533556243946	1535691676.93
5910.767798963273	1535691759.49
14870.949112982005	1535691860.89
17909.980163077635	1535691933.93
8201.150263779009	1535692010.24
10019.152342291136	1535692091.34
6105.1377340507115	1535692168.95
9888.30629406528	1535692248.16
8904.88981362244	1535692343.74
6802.60036118014	1535692427.99
8661.416313527414	1535692524.56
15045.399042579276	1535692615.7
6914.890472460276	1535692694.17
10722.458328308583	1535692789.59
6595.915933686754	1535692861.63
14357.669654552625	1535692950.42
10599.650053204536	1535693043.5
7533.480066176023	1535693142.78
9286.715540310512	1535693246.5
9615.926096255507	1535693348.91
12082.995409214878	1535693449.58
11628.617035433817	1535693535.79
8899.128762238022	1535693614.37
4407.173566570936	1535693704.39
11390.386113009128	1535693799.1
7679.470215186224	1535693901.21
11976.688792917788	1535693994.37
7963.291245453119	1535694089.15
8141.592129511141	1535694190.44
11304.45807662065	1535694292.79
8883.93290969641	1535694390.02
6346.479916655624	1535694470.58
15861.502878278512	1535694565.01
7686.022558474076	1535694644.06
11740.064707356763	1535694729.54
10822.607384696588	1535694816.69
7002.403554999429	1535694905.95
14217.115501411616	1535694993.34
5868.374389528125	1535695094.59
9339.793452286667	1535695170.13
12351.932697146729	1535695261.06
9134.48138722964	1535695350.17
8129.164359885668	1535695437.25
13259.692459606962	1535695533.23
9541.022839881593	1535695630.05
14585.275488667907	1535695707.33
6206.545282112962	1535695809.9
7411.814278501521	1535695889.13
9394.273088950995	1535695969.62
9401.959087158612	1535696058.91
7474.655278916824	1535696142.74
10205.07656474113	1535696234.51
8874.19173262929	1535696322.05
6755.870762433424	1535696424.12
9392.441948528154	1535696545.04
12334.06854743749	1535696627.35
5293.388124429922	1535696711.28
11163.493220252378	1535696799.73
7450.590093602059	1535696904.27
9254.2940169206	1535696989.37
8292.203290131916	1535697063.83
8571.372064360788	1535697150.14
11574.335323877072	1535697230.7
16581.83349118119	1535697315.35
7496.141190254429	1535697399.46
10737.976313899613	1535697483.43
8242.399517219263	1535697591.95
6489.202600007139	1535697672.66
10472.179097249375	1535697747.54
6439.811554928015	1535697845.76
14890.989432781631	1535697928.9
12241.185046058952	1535698020.36
9287.444889392034	1535698116.86
9075.850334692926	1535698208.97
10771.529311009463	1535698287.4
8260.548614281346	1535698374.83
11439.979616953893	1535698466.33
5409.600690527711	1535698552.5
13023.464870219444	1535698640.81
10537.167342825447	1535698725.76
6401.277906446936	1535698814.87
9450.26936061009	1535698916.76
11372.113182550816	1535699015.87
7528.63587290155	1535699095.9
8465.274278118555	1535699181.22
10534.071649769148	1535699251.91
7078.475997711421	1535699328.99
7622.486445698416	1535699413.31
16886.420781271587	1535699512.59
7302.6721252501475	1535699598.84
11375.857022530425	1535699673.58
9879.426448265884	1535699761.51
12209.98400626937	1535699843.06
10231.569763395633	1535699935.0
7800.244438454747	1535700040.79
5061.558866647319	1535700125.98
12218.074811953504	1535700216.38
6870.042056074035	1535700301.77
10966.118156508393	1535700399.77
9472.72723336372	1535700498.97
7311.9802145158565	1535700586.11
6529.369078832753	1535700673.95
7567.27291060113	1535700759.72
8675.49764468504	1535700840.29
4822.984089926503	1535700932.28
8736.970585367922	1535701034.92
7061.15476200196	1535701121.94
7089.484466625944	1535701211.45
6714.718332340129	1535701314.8
7661.411549740329	1535701407.13
8923.59708671841	1535701489.46
10098.304106897604	1535701599.78
5455.570761138613	1535701698.38
8401.076242622259	1535701778.74
5810.7242718446605	1535701867.36
6376.63015145441	1535701974.01
8298.143078237965	1535702056.41
5904.031580129315	1535702143.21
11469.09593307684	1535702235.67
8148.299831444013	1535702341.51
7097.270770106313	1535702444.33
7172.759183785648	1535702532.04
6978.514444378796	1535702611.79
7372.827599675737	1535702704.17
8967.792005052774	1535702781.79
5471.2662266077095	1535702884.54
8935.840872837389	1535702972.57
7501.379829643106	1535703055.28
6670.09208323378	1535703133.59
7133.794165208546	1535703239.5
8385.320003563895	1535703337.98
6631.085626357316	1535703423.16
7636.57996274672	1535703524.38
7253.970517222623	1535703616.26
5999.7655403530625	1535703713.57
6183.2070052983245	1535703802.17
9849.4398782025	1535703887.66
7066.39464512414	1535703978.63
8924.921477247803	1535704063.92
7382.28889659938	1535704154.39
7874.823492266247	1535704239.84
9228.462988114534	1535704322.12
7816.985614047421	1535704413.32
5415.695904036495	1535704504.26
10119.140808787268	1535704580.93
5366.47288166121	1535704657.75
7680.733371924038	1535704748.71
8252.149710033318	1535704859.55
6618.830585571953	1535704949.29
11010.897930728008	1535705028.43
5940.80364814362	1535705109.62
6629.559337945738	1535705197.99
8715.612519514654	1535705282.29
7502.528787084945	1535705357.43
6786.451776110527	1535705450.46
7683.21802055847	1535705540.25
5661.8525166317595	1535705640.13
8375.12091127573	1535705733.09
5069.713947993238	1535705826.96
6503.001426646033	1535705910.14
8097.929866413817	1535705993.0
8956.00945684059	1535706089.11
7220.007098927847	1535706172.61
8345.431122588067	1535706249.02
7621.853640897013	1535706324.73
6774.211924983746	1535706427.45
8107.384957910616	1535706514.41
7326.02452504754	1535706622.07
8806.585112608322	1535706743.49
4919.708849440339	1535706829.62
8064.560367877151	1535706920.83
9005.044432871737	1535707002.17
7348.3537525719075	1535707085.14
5952.733301910446	1535707166.4
5828.974866066858	1535707271.89
7710.253386719189	1535707364.23
9871.193500604415	1535707443.78
5057.20999435175	1535707515.46
10683.594483768042	1535707600.84
8198.936814554048	1535707685.1
4797.280933237384	1535707769.84
8528.175449462213	1535707858.07
6046.194952501475	1535707971.31
6706.69114128571	1535708061.88
5805.91511627108	1535708172.11
8325.958370793642	1535708248.32
10473.213612394326	1535708335.95
8419.838333026037	1535708420.31
4881.7115669799905	1535708526.97
10107.927942173274	1535708623.18
7849.864557219058	1535708708.86
7387.475812627584	1535708803.74
6109.825144243233	1535708901.76
7169.305553516999	1535708979.59
7955.251106922923	1535709059.32
5871.2857979091505	1535709133.65
7189.854318578393	1535709224.73
9367.424104145395	1535709326.61
7575.548437912843	1535709431.17
8115.0228211385775	1535709505.11
5788.228408516067	1535709595.32
9765.478419288826	1535709693.05
5882.349879605967	1535709790.44
6052.319208528089	1535709872.75
6981.579526019975	1535709967.1
7845.093697868141	1535710046.08
7590.450729527927	1535710132.47
7173.274823517355	1535710223.16
5446.731076025949	1535710303.96
11148.505660052633	1535710394.59
6169.642577995918	1535710480.73
6566.4979180979135	1535710580.54
10744.10140208184	1535710673.39
5236.33151765573	1535710763.65
6935.242517225521	1535710871.79
6920.775854365852	1535710951.61
7723.133998463971	1535711034.91
7523.898790117001	1535711134.57
5804.888204665506	1535711235.57
6257.29898985211	1535711324.98
10428.01744667489	1535711402.02
6862.989323699091	1535711494.89
8196.659543942003	1535711578.34
7686.908944204228	1535711678.53
9224.84198422779	1535711773.22
7186.261573117621	1535711865.88
6493.703578910872	1535711951.94
7196.263534378316	1535712063.86
5904.348301399599	1535712156.16
7281.070794311276	1535712240.23
7418.1211679967855	1535712331.09
5263.56257138097	1535712434.24
7889.7843807131385	1535712516.64
6326.442462762673	1535712608.98
11624.961933896686	1535712686.24
7568.845429618528	1535712790.8
6466.116916313042	1535712871.18
8038.754407349107	1535712951.77
9892.255071206951	1535713044.98
5567.866722212833	1535713133.88
7824.260750705749	1535713236.09
5801.021773402733	1535713327.99
9669.33697678821	1535713440.53
10878.824934594912	1535713543.18
6538.016524004693	1535713643.82
9120.317013817585	1535713730.02
6853.500011822026	1535713824.07
8499.438207461575	1535713933.81
7142.2951846066735	1535714036.57
5055.424864259709	1535714114.85
6981.257769015562	1535714214.06
10706.465033727187	1535714285.86
5734.851300663772	1535714377.38
7205.8822367133225	1535714463.27
5695.742694276271	1535714563.14
8950.789666185965	1535714684.54
7495.8861458955935	1535714789.11
7532.142787414641	1535714874.83
8193.318790964968	1535714977.83
6884.36068627689	1535715072.37
8559.911664839863	1535715184.33
6612.140446042743	1535715276.44
5920.753477939654	1535715356.01
8664.65737624716	1535715475.74
6762.676421987279	1535715566.16
8985.06584550142	1535715656.74
4834.827403214064	1535715765.31
6836.007123046808	1535715858.69
8679.783627226323	1535715963.93
7128.913976631394	1535716054.99
6583.260717390857	1535716148.94
10596.070321462394	1535716239.38
8277.949182999848	1535716322.77
8388.835063179886	1535716414.02
4945.1840727162935	1535716515.57
4819.491583621601	1535716610.1
8392.111749145959	1535716726.27
7539.0132097793785	1535716815.2
9603.64967769373	1535716910.06
6469.72484324605	1535717009.91
7610.713844815399	1535717100.5
9223.246101167126	1535717199.21
7110.5416552688985	1535717282.43
4447.522315157985	1535717386.15
9262.485507888414	1535717470.09
6131.463129476996	1535717568.25
8338.004135480985	1535717652.48
6373.348507493623	1535717732.58
6337.4719556002865	1535717825.38
9750.80346177263	1535717922.27
7299.852296757859	1535718025.66
7206.524082979583	1535718110.48
6730.494793680302	1535718205.72
6853.636022707393	1535718314.73
8424.808539432495	1535718413.2
10881.751710757664	1535718513.16
5818.188415321189	1535718603.83
8242.537288222293	1535718708.52
6475.286241773923	1535718801.38
8595.821977062411	1535718883.89
6816.001490651454	1535718974.41
5900.594265178105	1535719091.59
7661.515409231976	1535719165.39
9484.111588435455	1535719263.35
5648.062866327922	1535719362.75
8788.354380056468	1535719462.82
6933.8095085006	1535719566.88
6611.983560396391	1535719668.31
8104.519839408913	1535719781.16
5524.75886771906	1535719877.57
9803.426133843563	1535719977.59
8309.697121278023	1535720075.22
7025.524767175824	1535720176.39
7554.814495249009	1535720259.07
8265.429588332221	1535720337.21
5566.754773350151	1535720408.36
8141.3750528890905	1535720494.02
5658.202409357716	1535720582.23
9965.765764878337	1535720685.05
8584.391312591082	1535720781.68
7114.50543552703	1535720870.83
6579.37964212683	1535720981.58
7177.160871429727	1535721066.98
7181.901704534423	1535721156.05
7991.617976729924	1535721248.01
9604.434681211367	1535721338.47
7910.260254975211	1535721422.59
5166.887881975714	1535721502.71
9302.925295782916	1535721616.48
6236.328825542966	1535721711.37
8690.031792510046	1535721807.03
6546.386485235573	1535721918.2
7322.647845602194	1535722012.67
7451.219839538974	1535722118.99
6262.70889783382	1535722219.03
5189.1604743869	1535722301.15
8913.744970232956	1535722412.98
7012.5809957967795	1535722522.53
9181.266752050677	1535722626.72
8650.501564886497	1535722721.25
6344.483169142495	1535722815.76
8627.123355378399	1535722911.79
5178.256940012493	1535723012.63
6930.6243775917355	1535723104.46
8119.654338101936	1535723192.65
8351.994938364913	1535723285.88
7193.438690522883	1535723387.32
9199.813383863384	1535723469.71
6613.2179805694395	1535723572.58
11186.945307112544	1535723666.69
5877.967398387023	1535723751.77
7139.175213051479	1535723858.97
8366.52792658147	1535723960.72
6337.701483144631	1535724071.41
5994.571129927672	1535724169.78
6936.401902801222	1535724252.56
8287.851339636823	1535724357.63
7003.175952228544	1535724451.64
6340.6993411102285	1535724546.53
9513.997807281716	1535724621.27
8550.38815431041	1535724707.0
8984.299238747759	1535724801.68
4701.834224221944	1535724890.26
7882.670280853815	1535724992.36
9681.63164425163	1535725098.81
6572.838860752714	1535725192.79
6497.189818279693	1535725283.6
8507.029244718971	1535725357.45
6824.653826919776	1535725448.64
9753.31851053297	1535725547.11
5093.98443054184	1535725669.28
4710.561900978185	1535725765.66
9115.57612154276	1535725852.68
7060.71669222877	1535725962.95
8725.899510315465	1535726069.39
6360.289627000126	1535726164.85
6228.119748936297	1535726248.97
9284.389539549496	1535726348.01
7931.4918844641925	1535726434.14
4924.275059839148	1535726525.58
8400.147152864545	1535726640.28
7271.312911143156	1535726763.81
9528.756895381894	1535726851.11
6532.544676911831	1535726957.36
7699.659915519584	1535727058.41
8328.948959906926	1535727175.06
7794.092702765148	1535727270.24
6574.19927749206	1535727380.23
6030.125705736573	1535727481.61
7716.3535271625615	1535727584.48
9085.159229822872	1535727668.67
6453.9963894508255	1535727764.51
8530.86309510887	1535727869.06
6553.68615561643	1535727963.63
10893.631429312407	1535728080.76
7966.793817188381	1535728191.0
6846.358556831902	1535728295.43
7431.259307616792	1535728398.19
8214.457061299141	1535728500.1
4344.553333572228	1535728603.61
6348.875654903757	1535728710.49
5903.364407585003	1535728812.02
10169.129074562832	1535728914.72
11776.457037248781	1535729009.89
6528.25941213613	1535729107.68
7744.055108511015	1535729207.44
5872.367411076762	1535729324.21
7401.092442272857	1535729424.58
6627.263358948377	1535729538.4
5549.864986330363	1535729641.28
7124.095295930783	1535729721.97
10176.642337152583	1535729818.43
5827.903563589573	1535729911.64
7636.029401029451	1535730001.26
6071.843467806438	1535730109.31
10057.47341682597	1535730220.68
8012.378305427642	1535730317.02
6420.513254940411	1535730418.76
7459.4621849199275	1535730542.97
7586.801258313446	1535730653.95
9109.653960686446	1535730753.6
8160.846414313921	1535730862.1
7258.9385465283585	1535730970.05
4461.425487466036	1535731046.71
8598.770392096429	1535731121.84
6308.37997844232	1535731221.48
8810.520906993892	1535731312.73
6882.2430992624895	1535731400.31
7519.151111559739	1535731494.69
8181.105273857499	1535731603.79
6743.27439169758	1535731686.15
5600.572758086436	1535731792.54
10741.199810137698	1535731900.15
6059.085724132087	1535732010.36
8249.157328134446	1535732123.33
8024.8813823050705	1535732228.41
5982.693632988463	1535732324.71
9303.781804091817	1535732415.13
5491.940653153572	1535732498.29
7746.319346007025	1535732590.92
8434.875360066237	1535732696.4
7386.486894010713	1535732793.07
7035.855144292152	1535732892.84
9279.626362945557	1535732980.69
7140.690998236136	1535733100.42
9682.998225464537	1535733210.76
5395.3864941003185	1535733311.65
6321.825436823482	1535733399.21
7446.386128914014	1535733505.13
7330.164062752651	1535733608.48
6376.406603160278	1535733725.42
7679.676895856866	1535733826.27
6370.7660758379825	1535733928.45
6370.956640862806	1535734017.85
6792.189781720189	1535734120.66
9608.845440011484	1535734239.05
5315.24931830044	1535734341.49
8892.319850003472	1535734449.1
6518.294546128642	1535734575.58
7284.961012202487	1535734663.78
6859.892337428361	1535734764.87
6796.056729515434	1535734851.2
8662.044972260059	1535734953.92
10228.39163219519	1535735039.16
6205.781570153217	1535735132.6
8357.180168294091	1535735213.09
6348.5183717453	1535735307.71
5996.669042217285	1535735415.16
8077.549344257233	1535735510.0
6238.064551812284	1535735589.26
10040.22342129509	1535735688.43
9220.181213955877	1535735801.01
7086.343589250268	1535735905.16
7399.900573724215	1535736020.05
8060.933715508195	1535736101.93
6390.733261882718	1535736205.41
8676.731167395317	1535736297.39
5052.474490604415	1535736407.29
8954.466215577802	1535736488.7
8095.330345764421	1535736586.87
6377.36567141143	1535736688.73
6960.794556882456	1535736773.03
8358.037417631289	1535736888.55
6638.68466939327	1535736985.16
6901.955967889421	1535737092.53
7369.562162770133	1535737186.26
5961.738207034948	1535737306.77
6083.424505593605	1535737414.11
10630.421184394887	1535737520.79
6484.489432211688	1535737607.9
8492.277552129877	1535737685.98
7512.384630681898	1535737787.36
8767.069674329174	1535737871.57
8145.255212233706	1535737945.82
6501.683681331458	1535738054.73
4997.873732031756	1535738139.22
8531.621377189096	1535738229.82
6383.900601392527	1535738328.79
8044.176236572119	1535738422.34
7166.891566265061	1535738522.68
5090.033346892287	1535738605.69
5409.129773599387	1535738706.71
6140.1988204225345	1535738811.71
5999.49414140573	1535738896.38
4341.059289415248	1535738996.92
6034.701186091057	1535739106.0
5434.595950441023	1535739216.56
5094.452463020453	1535739321.7
5477.012233652519	1535739409.56
5115.752686375322	1535739500.37
6234.919541054484	1535739591.27
7918.72069069431	1535739701.21
4216.698716198066	1535739782.05
6049.384430268976	1535739865.96
4588.457522776967	1535739951.16
4718.4342962307455	1535740071.84
6193.361481009504	1535740179.45
4219.883562920041	1535740287.21
7750.225397305583	1535740379.04
5712.977532848633	1535740481.51
5058.195450167341	1535740602.96
5069.849685993522	1535740712.09
5139.821731409247	1535740822.56
5222.280991887906	1535740941.7
6108.7574833917515	1535741034.57
4605.514364035087	1535741130.22
6030.186705852651	1535741236.09
5509.0758803571425	1535741329.33
5203.79668328585	1535741408.6
5024.5841869568785	1535741490.3
6139.338856335107	1535741590.53
5035.086003150246	1535741687.4
5854.649695592894	1535741797.16
5321.120111512072	1535741915.95
5122.498296761366	1535742017.65
4699.692924836001	1535742115.7
6300.4477482801085	1535742215.41
5493.545369299501	1535742319.58
5933.095373908049	1535742421.73
5408.555991328536	1535742523.16
5232.038193759075	1535742639.51
6420.408939408363	1535742740.69
5557.713516305155	1535742826.84
4721.849143159489	1535742923.0
7560.549324442718	1535743037.47
4516.093037563484	1535743148.4
5903.166302120886	1535743257.08
6934.718626312828	1535743370.86
4775.958620408706	1535743485.52
7410.697623985688	1535743581.63
4795.537047723772	1535743675.52
5133.418392204476	1535743778.13
6623.089360843831	1535743901.3
4966.983423110242	1535744003.83
5300.602495221364	1535744105.68
5680.512620088591	1535744189.76
4678.335359711598	1535744298.63
5580.786274828949	1535744405.24
4178.505827267697	1535744497.36
4832.210477171669	1535744582.75
5784.118841693298	1535744683.92
6427.206132852581	1535744772.33
5414.306574279964	1535744879.78
6243.67546130027	1535744991.19
5620.453505395689	1535745095.93
4997.5663417489695	1535745193.85
5900.5480716983675	1535745276.42
5828.641156514169	1535745382.66
6377.521587150898	1535745487.2
4076.861399687827	1535745588.69
5586.802544409389	1535745700.33
6523.442210246144	1535745802.26
5137.386793811432	1535745893.82
4427.284529992986	1535745980.23
4545.124326953333	1535746091.54
5673.399854371615	1535746195.76
7205.523334992409	1535746306.29
4315.531046036011	1535746395.54
7341.138917701572	1535746486.04
6269.9834503116845	1535746597.13
3697.459842486403	1535746715.65
6547.910672414363	1535746821.38
4600.566043473997	1535746923.74
4745.094099796504	1535747001.35
4654.64604727804	1535747095.67
5697.238348259354	1535747188.7
7015.358981635972	1535747296.76
6525.838685191684	1535747413.37
4229.000261214611	1535747508.3
6565.843003997723	1535747607.42
6446.998197606019	1535747717.5
5315.115265752333	1535747815.0
4748.023903099679	1535747915.01
5586.541846389949	1535748002.26
5583.241391623157	1535748088.9
4792.249616359687	1535748179.5
5715.520350845069	1535748270.69
6913.258388052609	1535748364.25
5807.205496511345	1535748475.18
5394.458068894514	1535748567.37
4309.573253250996	1535748678.82
6637.934809161066	1535748777.8
4822.817461738033	1535748868.55
4642.580643726783	1535748980.85
5767.7731526850675	1535749078.1
5675.918940746235	1535749185.08
5421.8709992799295	1535749286.28
5471.004220316924	1535749386.55
3997.6281491400437	1535749473.33
8069.4015168090455	1535749589.17
4608.368143583066	1535749693.92
4650.9820747094545	1535749790.48
8157.2307534362335	1535749897.2
4000.850179501738	1535750009.53
5597.311581231911	1535750115.92
5705.673328680276	1535750194.2
5721.454455217429	1535750303.31
5482.5723876835755	1535750401.12
4926.212405956248	1535750479.62
4915.681229772713	1535750582.18
6915.228940774772	1535750702.61
5060.062917390027	1535750810.78
5611.561021302577	1535750909.99
6051.254375674876	1535751022.89
7043.363685372209	1535751114.57
4778.683584770174	1535751222.98
4780.349656851371	1535751330.63
6132.734906661713	1535751432.43
4293.784206853607	1535751519.0
5532.3485629408215	1535751619.94
5699.9693660571365	1535751719.72
4506.594297328549	1535751844.24
6018.666391465465	1535751945.61
4323.166411895336	1535752032.77
7258.896736597827	1535752128.17
5175.873572965696	1535752233.8
5162.608332268114	1535752317.47
5667.953625074664	1535752417.07
6767.160271212593	1535752518.0
4858.155133194915	1535752596.98
5050.953791993851	1535752693.22
4761.2987294039	1535752787.68
6120.265942334319	1535752894.31
7111.611232038532	1535752990.96
5153.0080307617	1535753096.74
6447.215077464944	1535753203.18
5389.395204064368	1535753308.76
6295.645842510998	1535753396.81
5372.804718553212	1535753489.68
4576.637758580089	1535753592.2
4761.3049709299685	1535753690.11
6984.005389963766	1535753783.37
4043.377902102975	1535753878.47
5636.553194442564	1535753988.66
4249.08501518913	1535754083.21
5785.38815303753	1535754178.58
5626.350686544728	1535754306.07
5359.169399231552	1535754398.25
6540.932179717645	1535754501.4
4628.871170863442	1535754607.84
6781.37404142254	1535754701.49
4511.086378706823	1535754801.67
4897.285867493622	1535754898.44
6084.363157084392	1535754999.97
4672.798158492614	1535755106.63
6611.186277823919	1535755193.3
4348.70375996749	1535755284.34
5277.568762084997	1535755376.51
5654.7342310693775	1535755462.48
6269.401999743504	1535755589.31
5140.874588315566	1535755710.36
6716.219226722393	1535755804.94
5772.507452731131	1535755898.92
5495.001090868424	1535756003.72
4250.1679683296325	1535756107.88
4413.903265512262	1535756206.49
5487.1594924476185	1535756316.61
5343.118983997805	1535756399.25
6535.945212584387	1535756496.47
5048.885834718541	1535756594.45
6043.041537010882	1535756702.36
5662.145076945281	1535756813.14
5595.601223869339	1535756912.91
3536.16360579173	1535757020.15
6750.451467107034	1535757105.82
4742.568672622456	1535757207.87
6241.422217960558	1535757314.51
5210.876516519876	1535757421.09
4825.458774062125	1535757522.6
6679.974065920378	1535757623.36
5260.896466564145	1535757710.79
4977.517030397318	1535757797.23
5587.074309174411	1535757889.47
5302.449439807838	1535757978.29
5448.762297151358	1535758090.28
8107.60026493944	1535758182.1
5016.171791580746	1535758295.68
6090.897286614496	1535758382.33
4522.356340532246	1535758473.66
6080.5150040209455	1535758579.33
5068.396896043102	1535758662.1
4794.543502333149	1535758742.82
5368.8722622095565	1535758847.69
6061.938001738951	1535758946.14
4899.62378130583	1535759042.42
6298.294783597636	1535759146.73
5052.040415860236	1535759241.26
5001.365393134662	1535759341.66
5812.565131608436	1535759438.12
4448.177660062549	1535759517.96
6690.732331262499	1535759605.12
5565.122633148266	1535759705.28
5419.1760159064115	1535759806.25
5589.275342569836	1535759905.08
6741.753449386417	1535760003.99
4446.4557977816385	1535760105.17
5466.613612922705	1535760215.21
4586.816757040689	1535760316.14
7321.930499284469	1535760424.67
6384.247099734035	1535760521.28
5017.353961012788	1535760607.33
5846.225766429913	1535760696.53
5727.480765124401	1535760772.13
5601.9011725395185	1535760864.18
5491.608077467826	1535760948.9
7099.981887647198	1535761031.48
6226.971106071707	1535761140.84
3736.4756610878026	1535761218.85
7007.950614555884	1535761313.11
4794.556021539265	1535761421.34
6149.08193611993	1535761525.98
4335.207811071019	1535761615.46
5622.747218219005	1535761713.9
5247.274433749674	1535761822.39
5247.542266607517	1535761913.61
4483.1997877920185	1535761999.98
5666.974876381355	1535762105.55
5482.976429084353	1535762200.45
6699.863014640404	1535762314.31
6125.841232316928	1535762417.6
5390.752451315706	1535762522.57
5653.996632370849	1535762634.94
3727.109529330348	1535762743.01
5290.7768754304	1535762833.93
5800.52670551596	1535762936.39
6123.587261546649	1535763037.62
4951.647661372283	1535763129.39
6572.170528781067	1535763241.94
4799.765993949371	1535763347.7
7183.867638676301	1535763459.66
4335.522856783523	1535763558.28
4927.839815363605	1535763667.85
6615.759230628514	1535763774.89
4724.0937938370935	1535763895.24
4607.0748435102705	1535763983.36
5324.396800811941	1535764096.57
5763.908038151237	1535764198.54
5225.634950643194	1535764297.52
4373.39761543813	1535764377.29
6289.214376161162	1535764459.66
6542.729624282662	1535764551.31
6115.869240475506	1535764658.29
4449.293032576554	1535764767.35
5870.077661753748	1535764848.98
6696.043080036646	1535764943.94
5246.330105324443	1535765036.81
5032.665512388028	1535765144.01
6524.175549750699	1535765223.89
4884.215183223182	1535765328.06
6628.939389027215	1535765440.33
3974.8959499154785	1535765552.28
3736.489656730135	1535765642.81
6589.554926488133	1535765734.01
4648.0249165346995	1535765831.14
6458.455279899145	1535765929.07
4582.26650522762	1535766030.1
5135.253634450097	1535766125.1
6898.367874772785	1535766203.79
5672.923535235113	1535766303.23
3794.2831345854775	1535766402.08
5390.91345837347	1535766511.39
5868.696153914577	1535766588.0
6126.687403202	1535766678.08
4497.8231432601615	1535766787.68
5625.472030726241	1535766889.31
5585.407003988133	1535766981.83
5702.515484442153	1535767082.93
4807.643470624903	1535767173.38
4557.749434405294	1535767274.16
5271.932614441202	1535767399.14
6295.857690944196	1535767483.75
5501.55924481852	1535767570.73
5656.7222025936335	1535767659.59
5626.66750412169	1535767743.04
7452.119052453519	1535767839.16
6162.497868863133	1535767923.96
5052.417816094755	1535768014.05
6033.1967353132595	1535768103.35
5958.804679856923	1535768188.74
3545.056967801122	1535768302.84
4848.943515785317	1535768386.83
4218.995656348416	1535768494.97
7549.965649741283	1535768610.98
7762.533870718692	1535768723.19
4546.367425190863	1535768801.01
5643.265465246167	1535768886.98
4026.5213830513194	1535768986.55
5619.105899351707	1535769100.81
5260.036231102339	1535769199.92
4269.022778676702	1535769300.63
5400.9612345552505	1535769370.01
6619.110063606673	1535769458.01
4764.134795125101	1535769566.5
5658.726813189746	1535769668.64
4863.754033751572	1535769769.29
6836.828181558086	1535769864.61
6034.713786801667	1535769955.64
4458.490343660161	1535770040.38
5300.673279938637	1535770150.49
5080.678359656458	1535770236.72
6131.258490909036	1535770342.13
5494.194195570249	1535770434.32
5160.93705559158	1535770530.71
4097.238928405478	1535770628.83
5958.773799751112	1535770731.1
4858.328047139262	1535770840.86
5997.643541264943	1535770927.45
5561.244042673264	1535771028.02
5459.893891285828	1535771138.43
6451.762556670108	1535771248.46
5008.706202245135	1535771340.34
4153.991981550656	1535771450.67
7704.891779664369	1535771559.12
4413.074631499684	1535771665.67
6104.103455423396	1535771753.12
5884.326290807418	1535771839.42
4138.509993491285	1535771946.43
7486.884929493332	1535772062.97
4504.161969861076	1535772183.38
5364.8765778781235	1535772286.75
6231.634924248894	1535772396.64
5504.891764298383	1535772503.34
5663.267951711932	1535772593.44
7040.843335856253	1535772682.79
5423.332973645359	1535772782.46
6918.935841562488	1535772886.42
4486.999809169434	1535772964.97
5383.117209601363	1535773067.91
5352.216807766226	1535773157.25
5715.565859011374	1535773238.81
4794.423844821094	1535773333.99
6349.878778244099	1535773430.5
5210.765450808567	1535773514.37
4966.490472937746	1535773610.53
5544.457263749471	1535773709.63
5814.896091834136	1535773800.88
4246.442414099419	1535773900.93
6303.143218974966	1535774000.91
5163.148102775125	1535774112.51
5205.486179167552	1535774208.07
5460.825906501836	1535774325.57
5263.262789207151	1535774433.2
6548.87538797279	1535774533.97
7265.960649989666	1535774641.37
4269.0598861709195	1535774733.46
6076.346113034862	1535774824.45
4707.357019248093	1535774923.66
4562.8525331860765	1535775029.85
6180.489552815653	1535775119.9
4702.201954189561	1535775224.47
6999.291753500207	1535775317.48
6349.003322055591	1535775420.3
5443.222527359658	1535775533.89
5622.216628881925	1535775612.41
5240.370002637381	1535775705.04
5513.546628278907	1535775794.83
5936.252409051543	1535775893.26
4373.690085022388	1535776001.22
6512.911585621612	1535776087.22
5056.66315922075	1535776203.96
5070.039840554144	1535776322.34
4989.293804640198	1535776419.74
5845.907806466281	1535776498.06
5438.382189992084	1535776583.3
4911.214313050139	1535776686.94
5381.051782697472	1535776779.99
4090.095218763	1535776887.47
5183.677904607495	1535776981.6
8281.969011161134	1535777093.3
4218.729539648955	1535777180.8
6228.664497655671	1535777274.47
5560.72808362903	1535777397.72
6335.531483993513	1535777492.4
5546.231266195677	1535777586.5
5057.245258954456	1535777691.63
4645.059894587734	1535777790.35
5938.70428256981	1535777879.83
4982.934482703479	1535777981.1
5830.091651963793	1535778072.56
