0.10000000	0.00020000	40.00000000	55.00000000	0.00020000	10.00000000	10.00000000	1.00000000	5.00000000	5.00000000
0.24500000	0.00049500	49.95000000	59.95000000	0.00049500	13.75000000	13.75000000	2.95000000	16.25000000	13.75000000
0.17250000	0.00064300	44.97500000	62.42500000	0.00034800	15.62500000	11.87500000	3.92500000	21.87500000	9.37500000
0.31750000	0.00034800	54.92500000	57.47500000	0.00064300	11.87500000	15.62500000	1.97500000	10.62500000	18.12500000
0.13625000	0.00056900	57.41250000	63.66250000	0.00056900	10.93750000	12.81250000	2.46250000	24.68750000	15.93750000
0.28125000	0.00027400	47.46250000	58.71250000	0.00027400	14.68750000	16.56250000	4.41250000	13.43750000	7.18750000
0.20875000	0.00042100	52.43750000	56.23750000	0.00071600	16.56250000	10.93750000	3.43750000	7.81250000	20.31250000
0.35375000	0.00071600	42.48750000	61.18750000	0.00042100	12.81250000	14.68750000	1.48750000	19.06250000	11.56250000
0.11812500	0.00075300	53.68125000	58.09375000	0.00031100	10.46875000	13.28125000	3.19375000	23.28125000	17.03125000
0.26312500	0.00045800	43.73125000	63.04375000	0.00060600	14.21875000	17.03125000	1.24375000	12.03125000	8.28125000
0.19062500	0.00031100	58.65625000	60.56875000	0.00045800	16.09375000	11.40625000	2.21875000	6.40625000	21.40625000
0.33562500	0.00060600	48.70625000	55.61875000	0.00075300	12.34375000	15.15625000	4.16875000	17.65625000	12.65625000
0.15437500	0.00038400	46.21875000	61.80625000	0.00053200	11.40625000	10.46875000	4.65625000	9.21875000	6.09375000
0.29937500	0.00067900	56.16875000	56.85625000	0.00023700	15.15625000	14.21875000	2.70625000	20.46875000	14.84375000
0.22687500	0.00053200	41.24375000	59.33125000	0.00067900	17.03125000	12.34375000	1.73125000	26.09375000	10.46875000
0.37187500	0.00023700	51.19375000	64.28125000	0.00038400	13.28125000	16.09375000	3.68125000	14.84375000	19.21875000
0.10906300	0.00051300	48.08437500	57.16562500	0.00047700	12.10937500	17.26562500	2.09687500	7.10937500	19.76562500
0.25406300	0.00021800	58.03437500	62.11562500	0.00077200	15.85937500	13.51562500	4.04687500	18.35937500	11.01562500
0.18156300	0.00036600	43.10937500	64.59062500	0.00032900	13.98437500	15.39062500	3.07187500	23.98437500	15.39062500
0.32656300	0.00066100	53.05937500	59.64062500	0.00062400	10.23437500	11.64062500	1.12187500	12.73437500	6.64062500
0.14531300	0.00029200	50.57187500	63.35312500	0.00069800	13.04687500	14.45312500	1.60937500	26.79687500	13.20312500
0.29031300	0.00058700	40.62187500	58.40312500	0.00040300	16.79687500	10.70312500	3.55937500	15.54687500	21.95312500
0.21781300	0.00073500	55.54687500	55.92812500	0.00055000	14.92187500	16.32812500	4.53437500	9.92187500	8.82812500
0.36281300	0.00044000	45.59687500	60.87812500	0.00025500	11.17187500	12.57812500	2.58437500	21.17187500	17.57812500
0.12718800	0.00047700	56.79062500	59.02187500	0.00036600	12.57812500	13.98437500	4.29062500	22.57812500	12.10937500
0.27218800	0.00077200	46.84062500	63.97187500	0.00066100	16.32812500	10.23437500	2.34062500	11.32812500	20.85937500
0.19968800	0.00062400	51.81562500	61.49687500	0.00021800	14.45312500	15.85937500	1.36562500	5.70312500	7.73437500
0.34468800	0.00032900	41.86562500	56.54687500	0.00051300	10.70312500	12.10937500	3.31562500	16.95312500	16.48437500
0.16343800	0.00069800	44.35312500	60.25937500	0.00073500	13.51562500	16.79687500	3.80312500	8.51562500	18.67187500
0.30843800	0.00040300	54.30312500	55.30937500	0.00044000	17.26562500	13.04687500	1.85312500	19.76562500	9.92187500
0.23593800	0.00025500	49.32812500	57.78437500	0.00058700	15.39062500	14.92187500	2.82812500	25.39062500	14.29687500
0.38093800	0.00055000	59.27812500	62.73437500	0.00029200	11.64062500	11.17187500	4.77812500	14.14062500	5.54687500
0.10453100	0.00067000	58.96718800	61.65156300	0.00067000	16.91406300	15.50781300	4.47343800	17.30468800	19.49218800
0.24953100	0.00037500	49.01718700	56.70156300	0.00037500	13.16406300	11.75781300	2.52343800	6.05468800	10.74218800
0.17703100	0.00022800	53.99218800	59.17656300	0.00052300	11.28906300	17.38281300	1.54843800	11.67968800	15.11718800
0.32203100	0.00052300	44.04218700	64.12656300	0.00022800	15.03906300	13.63281300	3.49843800	22.92968800	6.36718800
0.14078100	0.00044900	41.55468800	57.93906200	0.00044900	15.97656300	16.44531300	3.01093800	14.49218800	12.92968800
0.28578100	0.00074400	51.50468700	62.88906300	0.00074400	12.22656300	12.69531300	1.06093800	25.74218800	21.67968800
0.21328100	0.00059600	46.52968800	60.41406300	0.00030100	10.35156300	14.57031300	2.03593800	20.11718800	8.55468800
0.35828100	0.00030100	56.47968700	55.46406200	0.00059600	14.10156300	10.82031300	3.98593800	8.86718800	17.30468800
0.12265600	0.00033800	45.28593800	64.74531300	0.00078100	17.38281300	15.97656300	2.76718800	13.08593800	11.83593800
0.26765600	0.00063300	55.23593700	59.79531300	0.00048600	13.63281300	12.22656300	4.71718800	24.33593800	20.58593800
0.19515600	0.00078100	40.31093800	57.32031300	0.00063300	11.75781300	14.10156300	3.74218800	18.71093800	7.46093800
0.34015600	0.00048600	50.26093700	62.27031300	0.00033800	15.50781300	10.35156300	1.79218800	7.46093800	16.21093800
0.15890600	0.00056000	52.74843800	56.08281300	0.00041200	16.44531300	15.03906300	1.30468800	21.52343800	18.39843800
0.30390600	0.00026500	42.79843700	61.03281300	0.00070700	12.69531300	11.28906300	3.25468800	10.27343800	9.64843800
0.23140600	0.00041200	57.72343700	63.50781300	0.00026500	10.82031300	16.91406300	4.22968800	15.89843800	14.02343800
0.37640600	0.00070700	47.77343800	58.55781300	0.00056000	14.57031300	13.16406300	2.27968800	27.14843800	5.27343800
0.11359400	0.00035700	52.12656200	60.72343800	0.00061500	14.80468800	11.99218800	3.62031300	18.00781300	5.82031300
0.25859400	0.00065200	42.17656300	55.77343800	0.00032000	11.05468800	15.74218800	1.67031300	6.75781300	14.57031300
0.18609400	0.00050400	57.10156300	58.24843800	0.00076200	12.92968800	10.11718800	2.64531300	12.38281300	10.19531300
0.33109400	0.00020900	47.15156200	63.19843800	0.00046700	16.67968800	13.86718800	4.59531300	23.63281300	18.94531300
0.14984400	0.00072500	49.63906300	59.48593800	0.00024600	13.86718800	11.05468800	4.10781300	15.19531300	16.75781300
0.29484400	0.00043000	59.58906200	64.43593800	0.00054100	10.11718800	14.80468800	2.15781200	26.44531300	8.00781300
0.22234400	0.00028300	44.66406300	61.96093800	0.00039400	11.99218800	12.92968800	1.18281300	20.82031300	21.13281300
0.36734400	0.00057800	54.61406200	57.01093800	0.00068900	15.74218800	16.67968800	3.13281300	9.57031300	12.38281300
0.13171900	0.00061500	43.42031300	62.57968800	0.00050400	15.27343800	11.52343800	1.91406300	10.97656300	17.85156300
0.27671900	0.00032000	53.37031200	57.62968800	0.00020900	11.52343800	15.27343800	3.86406300	22.22656300	9.10156300
0.20421900	0.00046700	48.39531300	55.15468800	0.00065200	13.39843800	13.39843800	4.83906300	16.60156300	22.22656300
0.34921900	0.00076200	58.34531200	60.10468800	0.00035700	17.14843800	17.14843800	2.88906300	5.35156300	13.47656300
0.16796900	0.00024600	55.85781300	56.39218700	0.00028300	14.33593800	12.46093800	2.40156300	19.41406300	6.91406300
0.31296900	0.00054100	45.90781200	61.34218800	0.00057800	10.58593800	16.21093800	4.35156300	8.16406300	15.66406300
0.24046900	0.00068900	50.88281300	63.81718800	0.00043000	12.46093800	10.58593800	3.37656300	13.78906300	11.28906300
0.38546900	0.00039400	40.93281200	58.86718800	0.00072500	16.21093800	14.33593800	1.42656300	25.03906300	20.03906300
0.10226600	0.00059200	50.41640600	58.78984400	0.00077600	11.46484400	16.38671900	2.31015600	20.64453100	14.43359400
0.24726600	0.00029700	40.46640600	63.73984400	0.00048100	15.21484400	12.63671900	4.26015600	9.39453100	5.68359400
0.17476600	0.00044400	55.39140600	61.26484400	0.00062900	17.08984400	14.51171900	3.28515600	15.01953100	18.80859400
0.31976600	0.00073900	45.44140600	56.31484400	0.00033400	13.33984400	10.76171900	1.33515600	26.26953100	10.05859400
0.13851600	0.00022300	47.92890600	60.02734400	0.00040700	10.52734400	15.44921900	1.82265600	12.20703100	7.87109400
0.28351600	0.00051800	57.87890600	55.07734400	0.00070200	14.27734400	11.69921900	3.77265600	23.45703100	16.62109400
0.21101600	0.00066600	42.95390600	57.55234400	0.00026000	16.15234400	17.32421900	4.74765600	17.83203100	12.24609400
0.35601600	0.00037100	52.90390600	62.50234400	0.00055500	12.40234400	13.57421900	2.79765600	6.58203100	20.99609400
0.12039100	0.00040700	44.19765600	56.93359400	0.00066600	10.99609400	14.98046900	4.01640600	13.61328100	8.96484400
0.26539100	0.00070200	54.14765600	61.88359400	0.00037100	14.74609400	11.23046900	2.06640600	24.86328100	17.71484400
0.19289100	0.00055500	49.17265600	64.35859400	0.00051800	16.62109400	16.85546900	1.09140600	19.23828100	13.33984400
0.33789100	0.00026000	59.12265600	59.40859400	0.00022300	12.87109400	13.10546900	3.04140600	7.98828100	22.08984400
0.15664100	0.00077600	56.63515600	63.12109400	0.00044400	10.05859400	15.91796900	3.52890600	16.42578100	15.52734400
0.30164100	0.00048100	46.68515600	58.17109400	0.00073900	13.80859400	12.16796900	1.57890600	5.17578100	6.77734400
0.22914100	0.00033400	51.66015600	55.69609400	0.00029700	15.68359400	14.04296900	2.55390600	10.80078100	19.90234400
0.37414100	0.00062900	41.71015600	60.64609400	0.00059200	11.93359400	10.29296900	4.50390600	22.05078100	11.15234400
0.11132800	0.00027800	58.50078100	58.48046900	0.00050000	13.57421900	10.99609400	1.45703100	19.94140600	10.60546900
0.25632800	0.00057300	48.55078100	63.43046900	0.00020500	17.32421900	14.74609400	3.40703100	8.69140600	19.35546900
0.18382800	0.00072100	53.52578100	60.95546900	0.00064700	15.44921900	12.87109400	4.38203100	14.31640600	6.23046900
0.32882800	0.00042600	43.57578100	56.00546900	0.00035200	11.69921900	16.62109400	2.43203100	25.56640600	14.98046900
0.14757800	0.00050000	41.08828100	62.19296900	0.00027800	12.63671900	11.93359400	2.91953100	11.50390600	21.54296900
0.29257800	0.00020500	51.03828100	57.24296900	0.00057300	16.38671900	15.68359400	4.86953100	22.75390600	12.79296900
0.22007800	0.00035200	46.06328100	59.71796900	0.00042600	14.51171900	10.05859400	3.89453100	17.12890600	17.16796900
0.36507800	0.00064700	56.01328100	64.66796900	0.00072100	10.76171900	13.80859400	1.94453100	5.87890600	8.41796900
0.12945300	0.00068400	47.30703100	55.38671900	0.00061000	13.10546900	12.40234400	3.16328100	15.72265600	20.44921900
0.27445300	0.00038900	57.25703100	60.33671900	0.00031500	16.85546900	16.15234400	1.21328100	26.97265600	11.69921900
0.20195300	0.00024100	42.33203100	62.81171900	0.00075800	14.98046900	10.52734400	2.18828100	21.34765600	16.07421900
0.34695300	0.00053600	52.28203100	57.86171900	0.00046300	11.23046900	14.27734400	4.13828100	10.09765600	7.32421900
0.16570300	0.00046300	54.76953100	64.04921900	0.00024100	12.16796900	11.46484400	4.62578100	18.53515600	9.51171900
0.31070300	0.00075800	44.81953100	59.09921900	0.00053600	15.91796900	15.21484400	2.67578100	7.28515600	18.26171900
0.23820300	0.00061000	59.74453100	56.62421900	0.00038900	14.04296900	13.33984400	1.70078100	12.91015600	5.13671900
0.38320300	0.00031500	49.79453100	61.57421900	0.00068400	10.29296900	17.08984400	3.65078100	24.16015600	13.88671900
0.10679700	0.00043500	48.86171900	62.96640600	0.00032400	16.50390600	12.98828100	3.71171900	10.44921900	11.42578100
0.25179700	0.00073000	58.81171900	58.01640600	0.00061900	12.75390600	16.73828100	1.76171900	21.69921900	20.17578100
0.17929700	0.00058300	43.88671900	55.54140600	0.00047200	10.87890600	11.11328100	2.73671900	27.32421900	7.05078100
0.32429700	0.00028800	53.83671900	60.49140600	0.00076700	14.62890600	14.86328100	4.68671900	16.07421900	15.80078100
0.14304700	0.00065600	51.34921900	56.77890600	0.00054600	17.44140600	10.17578100	4.19921900	24.51171900	22.36328100
0.28804700	0.00036100	41.39921900	61.72890600	0.00025100	13.69140600	13.92578100	2.24921900	13.26171900	13.61328100
0.21554700	0.00021400	56.32421900	64.20390600	0.00069300	11.81640600	12.05078100	1.27421900	7.63671900	17.98828100
0.36054700	0.00050900	46.37421900	59.25390600	0.00039800	15.56640600	15.80078100	3.22421900	18.88671900	9.23828100
0.12492200	0.00054600	55.08046900	61.11015600	0.00021400	16.03515600	10.64453100	1.51796900	25.91796900	21.26953100
0.26992200	0.00025100	45.13046900	56.16015600	0.00050900	12.28515600	14.39453100	3.46796900	14.66796900	12.51953100
0.19742200	0.00039800	50.10546900	58.63515600	0.00036100	10.41015600	12.51953100	4.44296900	9.04296900	16.89453100
0.34242200	0.00069300	40.15546900	63.58515600	0.00065600	14.16015600	16.26953100	2.49296900	20.29296900	8.14453100
0.16117200	0.00032400	42.64296900	59.87265600	0.00058300	16.97265600	13.45703100	2.00546900	6.23046900	10.33203100
0.30617200	0.00061900	52.59296900	64.82265600	0.00028800	13.22265600	17.20703100	3.95546900	17.48046900	19.08203100
0.23367200	0.00076700	47.61796900	62.34765600	0.00073000	11.34765600	11.58203100	2.98046900	23.10546900	5.95703100
0.37867200	0.00047200	57.56796900	57.39765600	0.00043500	15.09765600	15.33203100	1.03046900	11.85546900	14.70703100
0.11585900	0.00074900	42.02109400	64.51328100	0.00038000	14.39453100	14.62890600	4.80859400	8.33984400	14.16015600
0.26085900	0.00045400	51.97109400	59.56328100	0.00067500	10.64453100	10.87890600	2.85859400	19.58984400	5.41015600
0.18835900	0.00030600	46.99609400	57.08828100	0.00023200	12.51953100	16.50390600	1.88359400	25.21484400	18.53515600
0.33335900	0.00060100	56.94609400	62.03828100	0.00052700	16.26953100	12.75390600	3.83359400	13.96484400	9.78515600
0.15210900	0.00038000	59.43359400	55.85078100	0.00074900	15.33203100	17.44140600	3.34609400	22.40234400	7.59765600
0.29710900	0.00067500	49.48359400	60.80078100	0.00045400	11.58203100	13.69140600	1.39609400	11.15234400	16.34765600
0.22460900	0.00052700	54.45859400	63.27578100	0.00060100	13.45703100	15.56640600	2.37109400	5.52734400	11.97265600
0.36960900	0.00023200	44.50859400	58.32578100	0.00030600	17.20703100	11.81640600	4.32109400	16.77734400	20.72265600
0.13398400	0.00026900	53.21484400	61.41953100	0.00049000	13.92578100	16.97265600	2.61484400	26.62109400	8.69140600
0.27898400	0.00056400	43.26484400	56.46953100	0.00078500	10.17578100	13.22265600	4.56484400	15.37109400	17.44140600
0.20648400	0.00071200	58.18984400	58.94453100	0.00034300	12.05078100	15.09765600	3.58984400	9.74609400	13.06640600
0.35148400	0.00041700	48.23984400	63.89453100	0.00063800	15.80078100	11.34765600	1.63984400	20.99609400	21.81640600
0.17023400	0.00063800	45.75234400	57.70703100	0.00071200	14.86328100	14.16015600	1.15234400	6.93359400	15.25390600
0.31523400	0.00034300	55.70234400	62.65703100	0.00041700	11.11328100	10.41015600	3.10234400	18.18359400	6.50390600
0.24273400	0.00049000	40.77734400	60.18203100	0.00056400	12.98828100	16.03515600	4.07734400	23.80859400	19.62890600
0.38773400	0.00078500	50.72734400	55.23203100	0.00026900	16.73828100	12.28515600	2.12734400	12.55859400	10.87890600
0.10113300	0.00078800	46.14101600	60.68476600	0.00052500	12.60742200	15.06835900	1.65507800	5.79101600	6.70898400
0.24613300	0.00049300	56.09101600	55.73476600	0.00023000	16.35742200	11.31835900	3.60507800	17.04101600	15.45898400
0.17363300	0.00034500	41.16601600	58.20976600	0.00067200	14.48242200	16.94335900	4.58007800	22.66601600	11.08398400
0.31863300	0.00064000	51.11601600	63.15976600	0.00037700	10.73242200	13.19335900	2.63007800	11.41601600	19.83398400
0.13738300	0.00041900	53.60351600	59.44726600	0.00030400	13.54492200	16.00585900	2.14257800	25.47851600	17.64648400
0.28238300	0.00071400	43.65351600	64.39726600	0.00059900	17.29492200	12.25585900	4.09257800	14.22851600	8.89648400
0.20988300	0.00056600	58.57851600	61.92226600	0.00045100	15.41992200	14.13085900	3.11757800	8.60351600	22.02148400
0.35488300	0.00027100	48.62851600	56.97226600	0.00074600	11.66992200	10.38085900	1.16757800	19.85351600	13.27148400
0.11925800	0.00023500	59.82226600	62.54101600	0.00063600	12.13867200	16.47460900	3.84882800	24.07226600	16.55273400
0.26425800	0.00053000	49.87226600	57.59101600	0.00034100	15.88867200	12.72460900	1.89882800	12.82226600	7.80273400
0.19175800	0.00067700	54.84726600	55.11601600	0.00078300	14.01367200	14.59960900	2.87382800	7.19726600	20.92773400
0.33675800	0.00038200	44.89726600	60.06601600	0.00048800	10.26367200	10.84960900	4.82382800	18.44726600	12.17773400
0.15550800	0.00060300	42.40976600	56.35351600	0.00026700	13.07617200	15.53710900	4.33632800	10.00976600	5.61523400
0.30050800	0.00030800	52.35976600	61.30351600	0.00056200	16.82617200	11.78710900	2.38632800	21.25976600	14.36523400
0.22800800	0.00045600	47.38476600	63.77851600	0.00041400	14.95117200	17.41210900	1.41132800	26.88476600	9.99023400
0.37300800	0.00075100	57.33476600	58.82851600	0.00070900	11.20117200	13.66210900	3.36132800	15.63476600	18.74023400
0.11019500	0.00047400	43.03164100	61.61289100	0.00076500	10.49804700	12.49023400	2.50820300	6.49414100	18.19335900
0.25519500	0.00076900	52.98164100	56.66289100	0.00047000	14.24804700	16.24023400	4.45820300	17.74414100	9.44335900
0.18269500	0.00062200	48.00664100	59.13789100	0.00061700	16.12304700	10.61523400	3.48320300	23.36914100	13.81835900
0.32769500	0.00032700	57.95664100	64.08789100	0.00032200	12.37304700	14.36523400	1.53320300	12.11914100	5.06835900
0.14644500	0.00069600	55.46914100	57.90039100	0.00039600	11.43554700	11.55273400	1.04570300	26.18164100	11.63085900
0.29144500	0.00040100	45.51914100	62.85039100	0.00069100	15.18554700	15.30273400	2.99570300	14.93164100	20.38085900
0.21894500	0.00025300	50.49414100	60.37539100	0.00024800	17.06054700	13.42773400	3.97070300	9.30664100	7.25585900
0.36394500	0.00054800	40.54414100	55.42539100	0.00054300	13.31054700	17.17773400	2.02070300	20.55664100	16.00585900
0.12832000	0.00051100	51.73789100	64.70664100	0.00065400	10.02929700	11.08398400	4.70195300	21.96289100	12.72460900
0.27332000	0.00021600	41.78789100	59.75664100	0.00035900	13.77929700	14.83398400	2.75195300	10.71289100	21.47460900
0.20082000	0.00036400	56.71289100	57.28164100	0.00050700	15.65429700	12.95898400	1.77695300	5.08789100	8.34960900
0.34582000	0.00065900	46.76289100	62.23164100	0.00021200	11.90429700	16.70898400	3.72695300	16.33789100	17.09960900
0.16457000	0.00029000	49.25039100	56.04414100	0.00043300	10.96679700	12.02148400	3.23945300	7.90039100	19.28710900
0.30957000	0.00058500	59.20039100	60.99414100	0.00072800	14.71679700	15.77148400	1.28945300	19.15039100	10.53710900
0.23707000	0.00073200	44.27539100	63.46914100	0.00028500	16.59179700	10.14648400	2.26445300	24.77539100	14.91210900
0.38207000	0.00043700	54.22539100	58.51914100	0.00058000	12.84179700	13.89648400	4.21445300	13.52539100	6.16210900
0.10566400	0.00031800	54.53632800	57.43632800	0.00035000	15.30273400	10.49804700	4.15351600	16.68945300	19.01367200
0.25066400	0.00061300	44.58632800	62.38632800	0.00064500	11.55273400	14.24804700	2.20351600	5.43945300	10.26367200
0.17816400	0.00076000	59.51132800	64.86132800	0.00020200	13.42773400	12.37304700	1.22851600	11.06445300	14.63867200
0.32316400	0.00046500	49.56132800	59.91132800	0.00049700	17.17773400	16.12304700	3.17851600	22.31445300	5.88867200
0.14191400	0.00053900	47.07382800	63.62382800	0.00071900	14.36523400	13.31054700	3.66601600	13.87695300	12.45117200
0.28691400	0.00024400	57.02382800	58.67382800	0.00042400	10.61523400	17.06054700	1.71601600	25.12695300	21.20117200
0.21441400	0.00039100	42.09882800	56.19882800	0.00057100	12.49023400	11.43554700	2.69101600	19.50195300	8.07617200
0.35941400	0.00068600	52.04882800	61.14882800	0.00027600	16.24023400	15.18554700	4.64101600	8.25195300	16.82617200
0.12378900	0.00064900	40.85507800	59.29257800	0.00046000	14.83398400	12.84179700	2.44726600	12.47070300	13.54492200
0.26878900	0.00035400	50.80507800	64.24257800	0.00075500	11.08398400	16.59179700	4.39726600	23.72070300	22.29492200
0.19628900	0.00020700	45.83007800	61.76757800	0.00031300	12.95898400	10.96679700	3.42226600	18.09570300	9.16992200
0.34128900	0.00050200	55.78007800	56.81757800	0.00060800	16.70898400	14.71679700	1.47226600	6.84570300	17.91992200
0.16003900	0.00042800	58.26757800	60.53007800	0.00068200	13.89648400	10.02929700	1.95976600	20.90820300	20.10742200
0.30503900	0.00072300	48.31757800	55.58007800	0.00038700	10.14648400	13.77929700	3.90976600	9.65820300	11.35742200
0.23253900	0.00057600	53.29257800	58.05507800	0.00053400	12.02148400	11.90429700	4.88476600	15.28320300	15.73242200
0.37753900	0.00028100	43.34257800	63.00507800	0.00023900	15.77148400	15.65429700	2.93476600	26.53320300	6.98242200
0.11472700	0.00063100	56.40195300	55.27070300	0.00033100	17.41210900	16.82617200	3.05664100	18.79882800	6.43554700
0.25972700	0.00033600	46.45195300	60.22070300	0.00062600	13.66210900	13.07617200	1.10664100	7.54882800	15.18554700
0.18722700	0.00048300	51.42695300	62.69570300	0.00047900	11.78710900	14.95117200	2.08164100	13.17382800	10.81054700
0.33222700	0.00077800	41.47695300	57.74570300	0.00077400	15.53710900	11.20117200	4.03164100	24.42382800	19.56054700
0.15097700	0.00026200	43.96445300	63.93320300	0.00055300	16.47460900	14.01367200	4.51914100	15.98632800	17.37304700
0.29597700	0.00055700	53.91445300	58.98320300	0.00025800	12.72460900	10.26367200	2.56914100	27.23632800	8.62304700
0.22347700	0.00070500	48.93945300	56.50820300	0.00070000	10.84960900	15.88867200	1.59414100	21.61132800	21.74804700
0.36847700	0.00041000	58.88945300	61.45820300	0.00040500	14.59960900	12.13867200	3.54414100	10.36132800	12.99804700
0.13285200	0.00037300	47.69570300	58.36445300	0.00022100	16.94335900	14.48242200	1.35039100	11.76757800	16.27929700
0.27785200	0.00066800	57.64570300	63.31445300	0.00051600	13.19335900	10.73242200	3.30039100	23.01757800	7.52929700
0.20535200	0.00052000	42.72070300	60.83945300	0.00036800	11.31835900	16.35742200	4.27539100	17.39257800	20.65429700
0.35035200	0.00022500	52.67070300	55.88945300	0.00066300	15.06835900	12.60742200	2.32539100	6.14257800	11.90429700
0.16910200	0.00074200	50.18320300	62.07695300	0.00058900	16.00585900	17.29492200	2.81289100	20.20507800	5.34179700
0.31410200	0.00044700	40.23320300	57.12695300	0.00029400	12.25585900	13.54492200	4.76289100	8.95507800	14.09179700
0.24160200	0.00029900	55.15820300	59.60195300	0.00073700	10.38085900	15.41992200	3.78789100	14.58007800	9.71679700
0.38660200	0.00059400	45.20820300	64.55195300	0.00044200	14.13085900	11.66992200	1.83789100	25.83007800	18.46679700
0.10339800	0.00039600	55.62460900	64.31992200	0.00047400	13.13476600	13.48632800	2.90429700	21.43554700	15.04882800
0.24839800	0.00069100	45.67460900	59.36992200	0.00076900	16.88476600	17.23632800	4.85429700	10.18554700	6.29882800
0.17589800	0.00054300	50.64960900	56.89492200	0.00032700	15.00976600	11.61132800	3.87929700	15.81054700	19.42382800
0.32089800	0.00024800	40.69960900	61.84492200	0.00062200	11.25976600	15.36132800	1.92929700	27.06054700	10.67382800
0.13964800	0.00076500	43.18710900	55.65742200	0.00069600	12.19726600	10.67382800	1.44179700	12.99804700	8.48632800
0.28464800	0.00047000	53.13710900	60.60742200	0.00040100	15.94726600	14.42382800	3.39179700	24.24804700	17.23632800
0.21214800	0.00032200	48.16210900	63.08242200	0.00054800	14.07226600	12.54882800	4.36679700	18.62304700	12.86132800
0.35714800	0.00061700	58.11210900	58.13242200	0.00025300	10.32226600	16.29882800	2.41679700	7.37304700	21.61132800
0.12152300	0.00058000	49.40585900	61.22617200	0.00036400	13.60351600	10.20507800	4.61054700	14.40429700	7.39257800
0.26652300	0.00028500	59.35585900	56.27617200	0.00065900	17.35351600	13.95507800	2.66054700	25.65429700	16.14257800
0.19402300	0.00043300	44.43085900	58.75117200	0.00021600	15.47851600	12.08007800	1.68554700	20.02929700	11.76757800
0.33902300	0.00072800	54.38085900	63.70117200	0.00051100	11.72851600	15.83007800	3.63554700	8.77929700	20.51757800
0.15777300	0.00021200	51.89335900	57.51367200	0.00073200	12.66601600	13.01757800	3.14804700	17.21679700	13.95507800
0.30277300	0.00050700	41.94335900	62.46367200	0.00043700	16.41601600	16.76757800	1.19804700	5.96679700	5.20507800
0.23027300	0.00065400	56.86835900	59.98867200	0.00058500	14.54101600	11.14257800	2.17304700	11.59179700	18.33007800
0.37527300	0.00035900	46.91835900	55.03867200	0.00029000	10.79101600	14.89257800	4.12304700	22.84179700	9.58007800
0.11246100	0.00070900	52.51523400	62.77304700	0.00023500	11.02539100	14.18945300	1.80742200	19.32617200	10.12695300
0.25746100	0.00041400	42.56523400	57.82304700	0.00053000	14.77539100	10.43945300	3.75742200	8.07617200	18.87695300
0.18496100	0.00026700	57.49023400	55.34804700	0.00038200	16.65039100	16.06445300	4.73242200	13.70117200	5.75195300
0.32996100	0.00056200	47.54023400	60.29804700	0.00067700	12.90039100	12.31445300	2.78242200	24.95117200	14.50195300
0.14871100	0.00048800	45.05273400	56.58554700	0.00060300	10.08789100	17.00195300	2.29492200	10.88867200	21.06445300
0.29371100	0.00078300	55.00273400	61.53554700	0.00030800	13.83789100	13.25195300	4.24492200	22.13867200	12.31445300
0.22121100	0.00063600	40.07773400	64.01054700	0.00075100	15.71289100	15.12695300	3.26992200	16.51367200	16.68945300
0.36621100	0.00034100	50.02773400	59.06054700	0.00045600	11.96289100	11.37695300	1.31992200	5.26367200	7.93945300
0.13058600	0.00030400	41.32148400	60.91679700	0.00034500	11.49414100	17.47070300	3.51367200	15.10742200	22.15820300
0.27558600	0.00059900	51.27148400	55.96679700	0.00064000	15.24414100	13.72070300	1.56367200	26.35742200	13.40820300
0.20308600	0.00074600	46.29648400	58.44179700	0.00049300	17.11914100	15.59570300	2.53867200	20.73242200	17.78320300
0.34808600	0.00045100	56.24648400	63.39179700	0.00078800	13.36914100	11.84570300	4.48867200	9.48242200	9.03320300
0.16683600	0.00052500	58.73398400	59.67929700	0.00056600	10.55664100	14.65820300	4.00117200	17.91992200	11.22070300
0.31183600	0.00023000	48.78398400	64.62929700	0.00027100	14.30664100	10.90820300	2.05117200	6.66992200	19.97070300
0.23933600	0.00037700	53.75898400	62.15429700	0.00071400	16.18164100	16.53320300	1.07617200	12.29492200	6.84570300
0.38433600	0.00067200	43.80898400	57.20429700	0.00041900	12.43164100	12.78320300	3.02617200	23.54492200	15.59570300
0.10793000	0.00055300	44.74179700	58.59648400	0.00063100	13.95507800	15.94726600	3.33085900	9.83398400	9.85351600
0.25293000	0.00025800	54.69179700	63.54648400	0.00033600	10.20507800	12.19726600	1.38085900	21.08398400	18.60351600
0.18043000	0.00040500	49.71679700	61.07148400	0.00077800	12.08007800	14.07226600	2.35585900	26.70898400	5.47851600
0.32543000	0.00070000	59.66679700	56.12148400	0.00048300	15.83007800	10.32226600	4.30585900	15.45898400	14.22851600
0.14418000	0.00033100	57.17929700	62.30898400	0.00026200	14.89257800	15.00976600	4.79335900	23.89648400	20.79101600
0.28918000	0.00062600	47.22929700	57.35898400	0.00055700	11.14257800	11.25976600	2.84335900	12.64648400	12.04101600
0.21668000	0.00077400	52.20429700	59.83398400	0.00041000	13.01757800	16.88476600	1.86835900	7.02148400	16.41601600
0.36168000	0.00047900	42.25429700	64.78398400	0.00070500	16.76757800	13.13476600	3.81835900	18.27148400	7.66601600
0.12605500	0.00044200	50.96054700	55.50273400	0.00052000	14.42382800	15.47851600	1.13710900	25.30273400	21.88476600
0.27105500	0.00073700	41.01054700	60.45273400	0.00022500	10.67382800	11.72851600	3.08710900	14.05273400	13.13476600
0.19855500	0.00058900	55.93554700	62.92773400	0.00066800	12.54882800	17.35351600	4.06210900	8.42773400	17.50976600
0.34355500	0.00029400	45.98554700	57.97773400	0.00037300	16.29882800	13.60351600	2.11210900	19.67773400	8.75976600
0.16230500	0.00066300	48.47304700	64.16523400	0.00029900	15.36132800	16.41601600	2.59960900	5.61523400	10.94726600
0.30730500	0.00036800	58.42304700	59.21523400	0.00059400	11.61132800	12.66601600	4.54960900	16.86523400	19.69726600
0.23480500	0.00022100	43.49804700	56.74023400	0.00044700	13.48632800	14.54101600	3.57460900	22.49023400	6.57226600
0.37980500	0.00051600	53.44804700	61.69023400	0.00074200	17.23632800	10.79101600	1.62460900	11.24023400	15.32226600
0.11699200	0.00023900	46.60742200	58.90585900	0.00064900	16.06445300	11.49414100	4.18398400	9.13085900	15.86914100
0.26199200	0.00053400	56.55742200	63.85585900	0.00035400	12.31445300	15.24414100	2.23398400	20.38085900	7.11914100
0.18949200	0.00068200	41.63242200	61.38085900	0.00050200	10.43945300	13.36914100	1.25898400	26.00585900	20.24414100
0.33449200	0.00038700	51.58242200	56.43085900	0.00020700	14.18945300	17.11914100	3.20898400	14.75585900	11.49414100
0.15324200	0.00060800	54.06992200	60.14335900	0.00042800	17.00195300	12.43164100	3.69648400	23.19335900	9.30664100
0.29824200	0.00031300	44.11992200	55.19335900	0.00072300	13.25195300	16.18164100	1.74648400	11.94335900	18.05664100
0.22574200	0.00046000	59.04492200	57.66835900	0.00028100	11.37695300	10.55664100	2.72148400	6.31835900	13.68164100
0.37074200	0.00075500	49.09492200	62.61835900	0.00057600	15.12695300	14.30664100	4.67148400	17.56835900	22.43164100
0.13511700	0.00071900	57.80117200	57.04960900	0.00076000	16.53320300	11.96289100	1.99023400	27.41210900	8.21289100
0.28011700	0.00042400	47.85117200	61.99960900	0.00046500	12.78320300	15.71289100	3.94023400	16.16210900	16.96289100
0.20761700	0.00027600	52.82617200	64.47460900	0.00061300	10.90820300	10.08789100	2.96523400	10.53710900	12.58789100
0.35261700	0.00057100	42.87617200	59.52460900	0.00031800	14.65820300	13.83789100	1.01523400	21.78710900	21.33789100
0.17136700	0.00035000	40.38867200	63.23710900	0.00039100	17.47070300	11.02539100	1.50273400	7.72460900	14.77539100
0.31636700	0.00064500	50.33867200	58.28710900	0.00068600	13.72070300	14.77539100	3.45273400	18.97460900	6.02539100
0.24386700	0.00049700	45.36367200	55.81210900	0.00024400	11.84570300	12.90039100	4.42773400	24.59960900	19.15039100
0.38886700	0.00020200	55.31367200	60.76210900	0.00053900	15.59570300	16.65039100	2.47773400	13.34960900	10.40039100
0.10056600	0.00049600	58.07324200	63.48847700	0.00040400	14.70214800	12.65136700	2.71386700	15.32714800	8.52050800
0.24556600	0.00020100	48.12324200	58.53847700	0.00069900	10.95214800	16.40136700	4.66386700	26.57714800	17.27050800
0.17306600	0.00034900	53.09824200	56.06347700	0.00025600	12.82714800	10.77636700	3.68886700	20.95214800	12.89550800
0.31806600	0.00064400	43.14824200	61.01347700	0.00055100	16.57714800	14.52636700	1.73886700	9.70214800	21.64550800
0.13681600	0.00027500	40.66074200	57.30097700	0.00077300	13.76464800	11.71386700	1.25136700	18.13964800	15.08300800
0.28181600	0.00057000	50.61074200	62.25097700	0.00047800	10.01464800	15.46386700	3.20136700	6.88964800	6.33300800
0.20931600	0.00071700	45.63574200	64.72597700	0.00062500	11.88964800	13.58886700	4.17636700	12.51464800	19.45800800
0.35431600	0.00042200	55.58574200	59.77597700	0.00033000	15.63964800	17.33886700	2.22636700	23.76464800	10.70800800
0.11869100	0.00045900	46.87949200	60.39472700	0.00044100	15.17089800	11.24511700	4.42011700	19.54589800	13.98925800
0.26369100	0.00075400	56.82949200	55.44472700	0.00073600	11.42089800	14.99511700	2.47011700	8.29589800	5.23925800
0.19119100	0.00060700	41.90449200	57.91972700	0.00029300	13.29589800	13.12011700	1.49511700	13.92089800	18.36425800
0.33619100	0.00031200	51.85449200	62.86972700	0.00058800	17.04589800	16.87011700	3.44511700	25.17089800	9.61425800
0.15494100	0.00068100	54.34199200	59.15722700	0.00066200	14.23339800	12.18261700	2.95761700	11.10839800	7.42675800
0.29994100	0.00038600	44.39199200	64.10722700	0.00036700	10.48339800	15.93261700	1.00761700	22.35839800	16.17675800
0.22744100	0.00023800	59.31699200	61.63222700	0.00051500	12.35839800	10.30761700	1.98261700	16.73339800	11.80175800
0.37244100	0.00053300	49.36699200	56.68222700	0.00022000	16.10839800	14.05761700	3.93261700	5.48339800	20.55175800
0.10962900	0.00022000	49.98886700	63.79785200	0.00027500	16.81152300	14.76074200	1.86074200	14.62402300	21.09863300
0.25462900	0.00051500	40.03886700	58.84785200	0.00057000	13.06152300	11.01074200	3.81074200	25.87402300	12.34863300
0.18212900	0.00066200	54.96386700	56.37285200	0.00042200	11.18652300	16.63574200	4.78574200	20.24902300	16.72363300
0.32712900	0.00036700	45.01386700	61.32285200	0.00071700	14.93652300	12.88574200	2.83574200	8.99902300	7.97363300
0.14587900	0.00058800	47.50136700	55.13535200	0.00049600	15.87402300	15.69824200	2.34824200	17.43652300	10.16113300
0.29087900	0.00029300	57.45136700	60.08535200	0.00020100	12.12402300	11.94824200	4.29824200	6.18652300	18.91113300
0.21837900	0.00044100	42.52636700	62.56035200	0.00064400	10.24902300	13.82324200	3.32324200	11.81152300	5.78613300
0.36337900	0.00073600	52.47636700	57.61035200	0.00034900	13.99902300	10.07324200	1.37324200	23.06152300	14.53613300
0.12775400	0.00077300	43.77011700	61.94160200	0.00023800	17.28027300	16.16699200	3.56699200	21.65527300	11.25488300
0.27275400	0.00047800	53.72011700	56.99160200	0.00053300	13.53027300	12.41699200	1.61699200	10.40527300	20.00488300
0.20025400	0.00033000	48.74511700	59.46660200	0.00038600	11.65527300	14.29199200	2.59199200	16.03027300	6.87988300
0.34525400	0.00062500	58.69511700	64.41660200	0.00068100	15.40527300	10.54199200	4.54199200	27.28027300	15.62988300
0.16400400	0.00040400	56.20761700	58.22910200	0.00060700	16.34277300	15.22949200	4.05449200	13.21777300	22.19238300
0.30900400	0.00069900	46.25761700	63.17910200	0.00031200	12.59277300	11.47949200	2.10449200	24.46777300	13.44238300
0.23650400	0.00055100	51.23261700	60.70410200	0.00075400	10.71777300	17.10449200	1.12949200	18.84277300	17.81738300
0.38150400	0.00025600	41.28261700	55.75410200	0.00045900	14.46777300	13.35449200	3.07949200	7.59277300	9.06738300
0.10509800	0.00037600	42.21543000	59.62128900	0.00054200	12.24121100	16.75293000	3.26230500	26.92871100	20.82519500
0.25009800	0.00067100	52.16543000	64.57128900	0.00024700	15.99121100	13.00293000	1.31230500	15.67871100	12.07519500
0.17759800	0.00052400	47.19043000	62.09628900	0.00069000	14.11621100	14.87793000	2.28730500	10.05371100	16.45019500
0.32259800	0.00022900	57.14043000	57.14628900	0.00039500	10.36621100	11.12793000	4.23730500	21.30371100	7.70019500
0.14134800	0.00074500	59.62793000	60.85878900	0.00032100	13.17871100	13.94043000	4.72480500	7.24121100	9.88769500
0.28634800	0.00045000	49.67793000	55.90878900	0.00061600	16.92871100	10.19043000	2.77480500	18.49121100	18.63769500
0.21384800	0.00030300	54.65293000	58.38378900	0.00046800	15.05371100	15.81543000	1.79980500	24.11621100	5.51269500
0.35884800	0.00059800	44.70293000	63.33378900	0.00076300	11.30371100	12.06543000	3.74980500	12.86621100	14.26269500
0.12322300	0.00063400	53.40918000	56.52753900	0.00057900	12.70996100	14.40918000	1.06855500	8.64746100	10.98144500
0.26822300	0.00033900	43.45918000	61.47753900	0.00028400	16.45996100	10.65918000	3.01855500	19.89746100	19.73144500
0.19572300	0.00048700	58.38418000	63.95253900	0.00072700	14.58496100	16.28418000	3.99355500	25.52246100	6.60644500
0.34072300	0.00078200	48.43418000	59.00253900	0.00043200	10.83496100	12.53418000	2.04355500	14.27246100	15.35644500
0.15947300	0.00026600	45.94668000	62.71503900	0.00021000	13.64746100	17.22168000	2.53105500	22.70996100	21.91894500
0.30447300	0.00056100	55.89668000	57.76503900	0.00050500	17.39746100	13.47168000	4.48105500	11.45996100	13.16894500
0.23197300	0.00070800	40.97168000	55.29003900	0.00035800	15.52246100	15.34668000	3.50605500	5.83496100	17.54394500
0.37697300	0.00041300	50.92168000	60.24003900	0.00065300	11.77246100	11.59668000	1.55605500	17.08496100	8.79394500
0.11416000	0.00065300	49.05605500	58.07441400	0.00074500	10.13183600	10.89355500	4.35918000	24.81933600	9.34082000
0.25916000	0.00035800	59.00605500	63.02441400	0.00045000	13.88183600	14.64355500	2.40918000	13.56933600	18.09082000
0.18666000	0.00021000	44.08105500	60.54941400	0.00059800	15.75683600	12.76855500	1.43418000	7.94433600	13.71582000
0.33166000	0.00050500	54.03105500	55.59941400	0.00030300	12.00683600	16.51855500	3.38418000	19.19433600	22.46582000
0.15041000	0.00043200	51.54355500	61.78691400	0.00037600	11.06933600	13.70605500	3.87168000	5.13183600	15.90332000
0.29541000	0.00072700	41.59355500	56.83691400	0.00067100	14.81933600	17.45605500	1.92168000	16.38183600	7.15332000
0.22291000	0.00057900	56.51855500	59.31191400	0.00022900	16.69433600	11.83105500	2.89668000	22.00683600	20.27832000
0.36791000	0.00028400	46.56855500	64.26191400	0.00052400	12.94433600	15.58105500	4.84668000	10.75683600	11.52832000
0.13228500	0.00032100	55.27480500	56.21816400	0.00070800	10.60058600	13.23730500	2.16543000	9.35058600	14.80957000
0.27728500	0.00061600	45.32480500	61.16816400	0.00041300	14.35058600	16.98730500	4.11543000	20.60058600	6.05957000
0.20478500	0.00076300	50.29980500	63.64316400	0.00056100	16.22558600	11.36230500	3.14043000	26.22558600	19.18457000
0.34978500	0.00046800	40.34980500	58.69316400	0.00026600	12.47558600	15.11230500	1.19043000	14.97558600	10.43457000
0.16853500	0.00054200	42.83730500	64.88066400	0.00048700	11.53808600	10.42480500	1.67793000	23.41308600	8.24707000
0.31353500	0.00024700	52.78730500	59.93066400	0.00078200	15.28808600	14.17480500	3.62793000	12.16308600	16.99707000
0.24103500	0.00039500	47.81230500	57.45566400	0.00033900	17.16308600	12.29980500	4.60293000	6.53808600	12.62207000
0.38603500	0.00069000	57.76230500	62.40566400	0.00063400	13.41308600	16.04980500	2.65293000	17.78808600	21.37207000
0.10283200	0.00029800	48.58964800	62.17363300	0.00057500	14.29199200	13.76464800	1.58652300	22.53418000	17.68066400
0.24783200	0.00059300	58.53964800	57.22363300	0.00028000	10.54199200	10.01464800	3.53652300	11.28418000	8.93066400
0.17533200	0.00074000	43.61464800	59.69863300	0.00072200	12.41699200	15.63964800	4.51152300	5.65918000	22.05566400
0.32033200	0.00044500	53.56464800	64.64863300	0.00042700	16.16699200	11.88964800	2.56152300	16.90918000	13.30566400
0.13908200	0.00051900	51.07714800	58.46113300	0.00020600	15.22949200	16.57714800	2.07402300	8.47168000	6.74316400
0.28408200	0.00022400	41.12714800	63.41113300	0.00050100	11.47949200	12.82714800	4.02402300	19.72168000	15.49316400
0.21158200	0.00037200	56.05214800	60.93613300	0.00035300	13.35449200	14.70214800	3.04902300	25.34668000	11.11816400
0.35658200	0.00066700	46.10214800	55.98613300	0.00064800	17.10449200	10.95214800	1.09902300	14.09668000	19.86816400
0.12095700	0.00070400	57.29589800	64.02988300	0.00053800	13.82324200	17.04589800	3.78027300	7.06543000	5.64941400
0.26595700	0.00040900	47.34589800	59.07988300	0.00024300	10.07324200	13.29589800	1.83027300	18.31543000	14.39941400
0.19345700	0.00026100	52.32089800	56.60488300	0.00068500	11.94824200	15.17089800	2.80527300	23.94043000	10.02441400
0.33845700	0.00055600	42.37089800	61.55488300	0.00039000	15.69824200	11.42089800	4.75527300	12.69043000	18.77441400
0.15720700	0.00048200	44.85839800	55.36738300	0.00031600	14.76074200	14.23339800	4.26777300	26.75293000	16.58691400
0.30220700	0.00077700	54.80839800	60.31738300	0.00061100	11.01074200	10.48339800	2.31777300	15.50293000	7.83691400
0.22970700	0.00063000	49.83339800	62.79238300	0.00046400	12.88574200	16.10839800	1.34277300	9.87793000	20.96191400
0.37470700	0.00033500	59.78339800	57.84238300	0.00075900	16.63574200	12.35839800	3.29277300	21.12793000	12.21191400
0.11189500	0.00057500	40.50527300	60.00800800	0.00070400	16.40136700	13.53027300	2.68339800	24.64355500	11.66503900
0.25689500	0.00028000	50.45527300	55.05800800	0.00040900	12.65136700	17.28027300	4.63339800	13.39355500	20.41503900
0.18439500	0.00042700	45.48027300	57.53300800	0.00055600	10.77636700	11.65527300	3.65839800	7.76855500	7.29003900
0.32939500	0.00072200	55.43027300	62.48300800	0.00026100	14.52636700	15.40527300	1.70839800	19.01855500	16.04003900
0.14814500	0.00020600	57.91777300	58.77050800	0.00048200	17.33886700	10.71777300	1.22089800	10.58105500	18.22753900
0.29314500	0.00050100	47.96777300	63.72050800	0.00077700	13.58886700	14.46777300	3.17089800	21.83105500	9.47753900
0.22064500	0.00064800	52.94277300	61.24550800	0.00033500	11.71386700	12.59277300	4.14589800	27.45605500	13.85253900
0.36564500	0.00035300	42.99277300	56.29550800	0.00063000	15.46386700	16.34277300	2.19589800	16.20605500	5.10253900
0.13002000	0.00039000	54.18652300	63.10175800	0.00074000	15.93261700	10.24902300	4.87714800	6.36230500	19.32128900
0.27502000	0.00068500	44.23652300	58.15175800	0.00044500	12.18261700	13.99902300	2.92714800	17.61230500	10.57128900
0.20252000	0.00053800	59.16152300	55.67675800	0.00059300	10.30761700	12.12402300	1.95214800	23.23730500	14.94628900
0.34752000	0.00024300	49.21152300	60.62675800	0.00029800	14.05761700	15.87402300	3.90214800	11.98730500	6.19628900
0.16627000	0.00075900	46.72402300	56.91425800	0.00037200	16.87011700	13.06152300	3.41464800	26.04980500	12.75878900
0.31127000	0.00046400	56.67402300	61.86425800	0.00066700	13.12011700	16.81152300	1.46464800	14.79980500	21.50878900
0.23877000	0.00031600	41.74902300	64.33925800	0.00022400	11.24511700	11.18652300	2.43964800	9.17480500	8.38378900
0.38377000	0.00061100	51.69902300	59.38925800	0.00051900	14.99511700	14.93652300	4.38964800	20.42480500	17.13378900
0.10736300	0.00073100	52.00996100	55.83144500	0.00045500	13.70605500	11.77246100	3.96308600	11.63574200	12.48535200
0.25236300	0.00043600	42.05996100	60.78144500	0.00075000	17.45605500	15.52246100	2.01308600	22.88574200	21.23535200
0.17986300	0.00028900	56.98496100	63.25644500	0.00030700	15.58105500	13.64746100	1.03808600	17.26074200	8.11035200
0.32486300	0.00058400	47.03496100	58.30644500	0.00060200	11.83105500	17.39746100	2.98808600	6.01074200	16.86035200
0.14361300	0.00036200	49.52246100	64.49394500	0.00067600	12.76855500	12.70996100	3.47558600	20.07324200	19.04785200
0.28861300	0.00065700	59.47246100	59.54394500	0.00038100	16.51855500	16.45996100	1.52558600	8.82324200	10.29785200
0.21611300	0.00051000	44.54746100	57.06894500	0.00052800	14.64355500	10.83496100	2.50058600	14.44824200	14.67285200
0.36111300	0.00021500	54.49746100	62.01894500	0.00023300	10.89355500	14.58496100	4.45058600	25.69824200	5.92285200
0.12548800	0.00025200	43.30371100	57.68769500	0.00041800	13.23730500	12.24121100	2.25683600	18.66699200	20.14160200
0.27048800	0.00054700	53.25371100	62.63769500	0.00071300	16.98730500	15.99121100	4.20683600	7.41699200	11.39160200
0.19798800	0.00069400	48.27871100	60.16269500	0.00027000	15.11230500	10.36621100	3.23183600	13.04199200	15.76660200
0.34298800	0.00039900	58.22871100	55.21269500	0.00056500	11.36230500	14.11621100	1.28183600	24.29199200	7.01660200
0.16173800	0.00062100	55.74121100	61.40019500	0.00078700	12.29980500	11.30371100	1.76933600	15.85449200	13.57910200
0.30673800	0.00032600	45.79121100	56.45019500	0.00049200	16.04980500	15.05371100	3.71933600	27.10449200	22.32910200
0.23423800	0.00047300	50.76621100	58.92519500	0.00063900	14.17480500	13.17871100	4.69433600	21.47949200	9.20410200
0.37923800	0.00076800	40.81621100	63.87519500	0.00034400	10.42480500	16.92871100	2.74433600	10.22949200	17.95410200
0.11642600	0.00045500	58.85058600	56.75957000	0.00025200	11.59668000	15.75683600	3.10996100	12.33886700	17.40722700
0.26142600	0.00075000	48.90058600	61.70957000	0.00054700	15.34668000	12.00683600	1.15996100	23.58886700	8.65722700
0.18892600	0.00060200	53.87558600	64.18457000	0.00039900	17.22168000	13.88183600	2.13496100	17.96386700	21.78222700
0.33392600	0.00030700	43.92558600	59.23457000	0.00069400	13.47168000	10.13183600	4.08496100	6.71386700	13.03222700
0.15267600	0.00067600	41.43808600	62.94707000	0.00062100	10.65918000	14.81933600	4.57246100	20.77636700	6.46972700
0.29767600	0.00038100	51.38808600	57.99707000	0.00032600	14.40918000	11.06933600	2.62246100	9.52636700	15.21972700
0.22517600	0.00023300	46.41308600	55.52207000	0.00076800	16.28418000	16.69433600	1.64746100	15.15136700	10.84472700
0.37017600	0.00052800	56.36308600	60.47207000	0.00047300	12.53418000	12.94433600	3.59746100	26.40136700	19.59472700
0.13455100	0.00056500	45.16933600	59.85332000	0.00028900	11.12793000	15.28808600	1.40371100	16.55761700	5.37597700
0.27955100	0.00027000	55.11933600	64.80332000	0.00058400	14.87793000	11.53808600	3.35371100	5.30761700	14.12597700
0.20705100	0.00041800	40.19433600	62.32832000	0.00043600	16.75293000	17.16308600	4.32871100	10.93261700	9.75097700
0.35205100	0.00071300	50.14433600	57.37832000	0.00073100	13.00293000	13.41308600	2.37871100	22.18261700	18.50097700
0.17080100	0.00034400	52.63183600	61.09082000	0.00051000	10.19043000	16.22558600	2.86621100	13.74511700	16.31347700
0.31580100	0.00063900	42.68183600	56.14082000	0.00021500	13.94043000	12.47558600	4.81621100	24.99511700	7.56347700
0.24330100	0.00078700	57.60683600	58.61582000	0.00065700	15.81543000	14.35058600	3.84121100	19.37011700	20.68847700
0.38830100	0.00049200	47.65683600	63.56582000	0.00036200	12.06543000	10.60058600	1.89121100	8.12011700	11.93847700
0.10169900	0.00049400	53.02050800	57.80371100	0.00069200	17.30957000	17.25097700	2.39394500	15.94238300	7.90527300
0.24669900	0.00078900	43.07050800	62.75371100	0.00039700	13.55957000	13.50097700	4.34394500	27.19238300	16.65527300
0.17419900	0.00064100	57.99550800	60.27871100	0.00054500	11.68457000	15.37597700	3.36894500	21.56738300	12.28027300
0.31919900	0.00034600	48.04550800	55.32871100	0.00025000	15.43457000	11.62597700	1.41894500	10.31738300	21.03027300
0.13794900	0.00071500	45.55800800	61.51621100	0.00047100	16.37207000	14.43847700	1.90644500	18.75488300	14.46777300
0.28294900	0.00042000	55.50800800	56.56621100	0.00076600	12.62207000	10.68847700	3.85644500	7.50488300	5.71777300
0.21044900	0.00027300	40.58300800	59.04121100	0.00032300	10.74707000	16.31347700	4.83144500	13.12988300	18.84277300
0.35544900	0.00056800	50.53300800	63.99121100	0.00061800	14.49707000	12.56347700	2.88144500	24.37988300	10.09277300
0.11982400	0.00053100	41.82675800	55.94746100	0.00072900	16.84082000	13.96972700	4.10019500	20.16113300	15.56152300
0.26482400	0.00023600	51.77675800	60.89746100	0.00043400	13.09082000	10.21972700	2.15019500	8.91113300	6.81152300
0.19232400	0.00038300	46.80175800	63.37246100	0.00058100	11.21582000	15.84472700	1.17519500	14.53613300	19.93652300
0.33732400	0.00067800	56.75175800	58.42246100	0.00028600	14.96582000	12.09472700	3.12519500	25.78613300	11.18652300
0.15607400	0.00030900	59.23925800	64.60996100	0.00036000	15.90332000	16.78222700	3.61269500	11.72363300	8.99902300
0.30107400	0.00060400	49.28925800	59.65996100	0.00065500	12.15332000	13.03222700	1.66269500	22.97363300	17.74902300
0.22857400	0.00075200	54.26425800	57.18496100	0.00021300	10.27832000	14.90722700	2.63769500	17.34863300	13.37402300
0.37357400	0.00045700	44.31425800	62.13496100	0.00050800	14.02832000	11.15722700	4.58769500	6.09863300	22.12402300
0.40000000	0.00080000	60.00000000	65.00000000	0.00080000	17.50000000	17.50000000	5.00000000	27.50000000	22.50000000
0.60000000	0.00120000	70.00000000	70.00000000	0.00120000	21.25000000	21.25000000	7.50000000	38.75000000	31.25000000
0.50000000	0.00140000	65.00000000	72.50000000	0.00100000	23.12500000	19.37500000	8.75000000	44.37500000	26.87500000
0.70000000	0.00100000	75.00000000	67.50000000	0.00140000	19.37500000	23.12500000	6.25000000	33.12500000	35.62500000
0.45000000	0.00130000	77.50000000	73.75000000	0.00130000	18.43750000	20.31250000	6.87500000	47.18750000	33.43750000
0.65000000	0.00090000	67.50000000	68.75000000	0.00090000	22.18750000	24.06250000	9.37500000	35.93750000	24.68750000
0.55000000	0.00110000	72.50000000	66.25000000	0.00150000	24.06250000	18.43750000	8.12500000	30.31250000	37.81250000
0.75000000	0.00150000	62.50000000	71.25000000	0.00110000	20.31250000	22.18750000	5.62500000	41.56250000	29.06250000
0.42500000	0.00155000	73.75000000	68.12500000	0.00095000	17.96875000	20.78125000	7.81250000	45.78125000	34.53125000
0.62500000	0.00115000	63.75000000	73.12500000	0.00135000	21.71875000	24.53125000	5.31250000	34.53125000	25.78125000
0.52500000	0.00095000	78.75000000	70.62500000	0.00115000	23.59375000	18.90625000	6.56250000	28.90625000	38.90625000
0.72500000	0.00135000	68.75000000	65.62500000	0.00155000	19.84375000	22.65625000	9.06250000	40.15625000	30.15625000
0.47500000	0.00105000	66.25000000	71.87500000	0.00125000	18.90625000	17.96875000	9.68750000	31.71875000	23.59375000
0.67500000	0.00145000	76.25000000	66.87500000	0.00085000	22.65625000	21.71875000	7.18750000	42.96875000	32.34375000
0.57500000	0.00125000	61.25000000	69.37500000	0.00145000	24.53125000	19.84375000	5.93750000	48.59375000	27.96875000
0.77500000	0.00085000	71.25000000	74.37500000	0.00105000	20.78125000	23.59375000	8.43750000	37.34375000	36.71875000
0.41250000	0.00122500	68.12500000	67.18750000	0.00117500	19.60937500	24.76562500	6.40625000	29.60937500	37.26562500
0.61250000	0.00082500	78.12500000	72.18750000	0.00157500	23.35937500	21.01562500	8.90625000	40.85937500	28.51562500
0.51250000	0.00102500	63.12500000	74.68750000	0.00097500	21.48437500	22.89062500	7.65625000	46.48437500	32.89062500
0.71250000	0.00142500	73.12500000	69.68750000	0.00137500	17.73437500	19.14062500	5.15625000	35.23437500	24.14062500
0.46250000	0.00092500	70.62500000	73.43750000	0.00147500	20.54687500	21.95312500	5.78125000	49.29687500	30.70312500
0.66250000	0.00132500	60.62500000	68.43750000	0.00107500	24.29687500	18.20312500	8.28125000	38.04687500	39.45312500
0.56250000	0.00152500	75.62500000	65.93750000	0.00127500	22.42187500	23.82812500	9.53125000	32.42187500	26.32812500
0.76250000	0.00112500	65.62500000	70.93750000	0.00087500	18.67187500	20.07812500	7.03125000	43.67187500	35.07812500
0.43750000	0.00117500	76.87500000	69.06250000	0.00102500	20.07812500	21.48437500	9.21875000	45.07812500	29.60937500
0.63750000	0.00157500	66.87500000	74.06250000	0.00142500	23.82812500	17.73437500	6.71875000	33.82812500	38.35937500
0.53750000	0.00137500	71.87500000	71.56250000	0.00082500	21.95312500	23.35937500	5.46875000	28.20312500	25.23437500
0.73750000	0.00097500	61.87500000	66.56250000	0.00122500	18.20312500	19.60937500	7.96875000	39.45312500	33.98437500
0.48750000	0.00147500	64.37500000	70.31250000	0.00152500	21.01562500	24.29687500	8.59375000	31.01562500	36.17187500
0.68750000	0.00107500	74.37500000	65.31250000	0.00112500	24.76562500	20.54687500	6.09375000	42.26562500	27.42187500
0.58750000	0.00087500	69.37500000	67.81250000	0.00132500	22.89062500	22.42187500	7.34375000	47.89062500	31.79687500
0.78750000	0.00127500	79.37500000	72.81250000	0.00092500	19.14062500	18.67187500	9.84375000	36.64062500	23.04687500
0.40625000	0.00143800	79.06250000	71.71875000	0.00143800	24.41406300	23.00781300	9.45312500	39.80468800	36.99218800
0.60625000	0.00103800	69.06250000	66.71875000	0.00103800	20.66406300	19.25781300	6.95312500	28.55468800	28.24218800
0.50625000	0.00083800	74.06250000	69.21875000	0.00123800	18.78906300	24.88281300	5.70312500	34.17968800	32.61718800
0.70625000	0.00123800	64.06250000	74.21875000	0.00083800	22.53906300	21.13281300	8.20312500	45.42968800	23.86718800
0.45625000	0.00113800	61.56250000	67.96875000	0.00113800	23.47656300	23.94531300	7.57812500	36.99218800	30.42968800
0.65625000	0.00153800	71.56250000	72.96875000	0.00153800	19.72656300	20.19531300	5.07812500	48.24218800	39.17968800
0.55625000	0.00133800	66.56250000	70.46875000	0.00093800	17.85156300	22.07031300	6.32812500	42.61718800	26.05468800
0.75625000	0.00093800	76.56250000	65.46875000	0.00133800	21.60156300	18.32031300	8.82812500	31.36718800	34.80468800
0.43125000	0.00098800	65.31250000	74.84375000	0.00158800	24.88281300	23.47656300	7.26562500	35.58593800	29.33593800
0.63125000	0.00138800	75.31250000	69.84375000	0.00118800	21.13281300	19.72656300	9.76562500	46.83593800	38.08593800
0.53125000	0.00158800	60.31250000	67.34375000	0.00138800	19.25781300	21.60156300	8.51562500	41.21093800	24.96093800
0.73125000	0.00118800	70.31250000	72.34375000	0.00098800	23.00781300	17.85156300	6.01562500	29.96093800	33.71093800
0.48125000	0.00128800	72.81250000	66.09375000	0.00108800	23.94531300	22.53906300	5.39062500	44.02343800	35.89843800
0.68125000	0.00088800	62.81250000	71.09375000	0.00148800	20.19531300	18.78906300	7.89062500	32.77343800	27.14843800
0.58125000	0.00108800	77.81250000	73.59375000	0.00088800	18.32031300	24.41406300	9.14062500	38.39843800	31.52343800
0.78125000	0.00148800	67.81250000	68.59375000	0.00128800	22.07031300	20.66406300	6.64062500	49.64843800	22.77343800
0.41875000	0.00101200	72.18750000	70.78125000	0.00136300	22.30468800	19.49218800	8.35937500	40.50781300	23.32031300
0.61875000	0.00141300	62.18750000	65.78125000	0.00096300	18.55468800	23.24218800	5.85937500	29.25781300	32.07031300
0.51875000	0.00121300	77.18750000	68.28125000	0.00156300	20.42968800	17.61718800	7.10937500	34.88281300	27.69531300
0.71875000	0.00081300	67.18750000	73.28125000	0.00116300	24.17968800	21.36718800	9.60937500	46.13281300	36.44531300
0.46875000	0.00151300	69.68750000	69.53125000	0.00086300	21.36718800	18.55468800	8.98437500	37.69531300	34.25781300
0.66875000	0.00111300	79.68750000	74.53125000	0.00126300	17.61718800	22.30468800	6.48437500	48.94531300	25.50781300
0.56875000	0.00091300	64.68750000	72.03125000	0.00106300	19.49218800	20.42968800	5.23437500	43.32031300	38.63281300
0.76875000	0.00131300	74.68750000	67.03125000	0.00146300	23.24218800	24.17968800	7.73437500	32.07031300	29.88281300
0.44375000	0.00136300	63.43750000	72.65625000	0.00121300	22.77343800	19.02343800	6.17187500	33.47656300	35.35156300
0.64375000	0.00096300	73.43750000	67.65625000	0.00081300	19.02343800	22.77343800	8.67187500	44.72656300	26.60156300
0.54375000	0.00116300	68.43750000	65.15625000	0.00141300	20.89843800	20.89843800	9.92187500	39.10156300	39.72656300
0.74375000	0.00156300	78.43750000	70.15625000	0.00101200	24.64843800	24.64843800	7.42187500	27.85156300	30.97656300
0.49375000	0.00086300	75.93750000	66.40625000	0.00091300	21.83593800	19.96093800	6.79687500	41.91406300	24.41406300
0.69375000	0.00126300	65.93750000	71.40625000	0.00131300	18.08593800	23.71093800	9.29687500	30.66406300	33.16406300
0.59375000	0.00146300	70.93750000	73.90625000	0.00111300	19.96093800	18.08593800	8.04687500	36.28906300	28.78906300
0.79375000	0.00106300	60.93750000	68.90625000	0.00151300	23.71093800	21.83593800	5.54687500	47.53906300	37.53906300
0.40312500	0.00133100	70.46875000	68.82812500	0.00158100	18.96484400	23.88671900	6.67968800	43.14453100	31.93359400
0.60312500	0.00093100	60.46875000	73.82812500	0.00118100	22.71484400	20.13671900	9.17968800	31.89453100	23.18359400
0.50312500	0.00113100	75.46875000	71.32812500	0.00138100	24.58984400	22.01171900	7.92968800	37.51953100	36.30859400
0.70312500	0.00153100	65.46875000	66.32812500	0.00098100	20.83984400	18.26171900	5.42968800	48.76953100	27.55859400
0.45312500	0.00083100	67.96875000	70.07812500	0.00108100	18.02734400	22.94921900	6.05468800	34.70703100	25.37109400
0.65312500	0.00123100	77.96875000	65.07812500	0.00148100	21.77734400	19.19921900	8.55468800	45.95703100	34.12109400
0.55312500	0.00143100	62.96875000	67.57812500	0.00088100	23.65234400	24.82421900	9.80468800	40.33203100	29.74609400
0.75312500	0.00103100	72.96875000	72.57812500	0.00128100	19.90234400	21.07421900	7.30468800	29.08203100	38.49609400
0.42812500	0.00108100	64.21875000	66.95312500	0.00143100	18.49609400	22.48046900	8.86718800	36.11328100	26.46484400
0.62812500	0.00148100	74.21875000	71.95312500	0.00103100	22.24609400	18.73046900	6.36718800	47.36328100	35.21484400
0.52812500	0.00128100	69.21875000	74.45312500	0.00123100	24.12109400	24.35546900	5.11718800	41.73828100	30.83984400
0.72812500	0.00088100	79.21875000	69.45312500	0.00083100	20.37109400	20.60546900	7.61718800	30.48828100	39.58984400
0.47812500	0.00158100	76.71875000	73.20312500	0.00113100	17.55859400	23.41796900	8.24218800	38.92578100	33.02734400
0.67812500	0.00118100	66.71875000	68.20312500	0.00153100	21.30859400	19.66796900	5.74218800	27.67578100	24.27734400
0.57812500	0.00098100	71.71875000	65.70312500	0.00093100	23.18359400	21.54296900	6.99218800	33.30078100	37.40234400
0.77812500	0.00138100	61.71875000	70.70312500	0.00133100	19.43359400	17.79296900	9.49218800	44.55078100	28.65234400
0.41562500	0.00090600	78.59375000	68.51562500	0.00120600	21.07421900	18.49609400	5.58593800	42.44140600	28.10546900
0.61562500	0.00130600	68.59375000	73.51562500	0.00080600	24.82421900	22.24609400	8.08593800	31.19140600	36.85546900
0.51562500	0.00150600	73.59375000	71.01562500	0.00140600	22.94921900	20.37109400	9.33593800	36.81640600	23.73046900
0.71562500	0.00110600	63.59375000	66.01562500	0.00100600	19.19921900	24.12109400	6.83593800	48.06640600	32.48046900
0.46562500	0.00120600	61.09375000	72.26562500	0.00090600	20.13671900	19.43359400	7.46093800	34.00390600	39.04296900
0.66562500	0.00080600	71.09375000	67.26562500	0.00130600	23.88671900	23.18359400	9.96093800	45.25390600	30.29296900
0.56562500	0.00100600	66.09375000	69.76562500	0.00110600	22.01171900	17.55859400	8.71093800	39.62890600	34.66796900
0.76562500	0.00140600	76.09375000	74.76562500	0.00150600	18.26171900	21.30859400	6.21093800	28.37890600	25.91796900
0.44062500	0.00145600	67.34375000	65.39062500	0.00135600	20.60546900	19.90234400	7.77343800	38.22265600	37.94921900
0.64062500	0.00105600	77.34375000	70.39062500	0.00095600	24.35546900	23.65234400	5.27343800	49.47265600	29.19921900
0.54062500	0.00085600	62.34375000	72.89062500	0.00155600	22.48046900	18.02734400	6.52343800	43.84765600	33.57421900
0.74062500	0.00125600	72.34375000	67.89062500	0.00115600	18.73046900	21.77734400	9.02343800	32.59765600	24.82421900
0.49062500	0.00115600	74.84375000	74.14062500	0.00085600	19.66796900	18.96484400	9.64843800	41.03515600	27.01171900
0.69062500	0.00155600	64.84375000	69.14062500	0.00125600	23.41796900	22.71484400	7.14843800	29.78515600	35.76171900
0.59062500	0.00135600	79.84375000	66.64062500	0.00105600	21.54296900	20.83984400	5.89843800	35.41015600	22.63671900
0.79062500	0.00095600	69.84375000	71.64062500	0.00145600	17.79296900	24.58984400	8.39843800	46.66015600	31.38671900
0.40937500	0.00111900	68.90625000	73.04687500	0.00096900	24.00390600	20.48828100	8.47656300	32.94921900	28.92578100
0.60937500	0.00151900	78.90625000	68.04687500	0.00136900	20.25390600	24.23828100	5.97656300	44.19921900	37.67578100
0.50937500	0.00131900	63.90625000	65.54687500	0.00116900	18.37890600	18.61328100	7.22656300	49.82421900	24.55078100
0.70937500	0.00091900	73.90625000	70.54687500	0.00156900	22.12890600	22.36328100	9.72656300	38.57421900	33.30078100
0.45937500	0.00141900	71.40625000	66.79687500	0.00126900	24.94140600	17.67578100	9.10156300	47.01171900	39.86328100
0.65937500	0.00101900	61.40625000	71.79687500	0.00086900	21.19140600	21.42578100	6.60156300	35.76171900	31.11328100
0.55937500	0.00081900	76.40625000	74.29687500	0.00146900	19.31640600	19.55078100	5.35156300	30.13671900	35.48828100
0.75937500	0.00121900	66.40625000	69.29687500	0.00106900	23.06640600	23.30078100	7.85156300	41.38671900	26.73828100
0.43437500	0.00126900	75.15625000	71.17187500	0.00081900	23.53515600	18.14453100	5.66406300	48.41796900	38.76953100
0.63437500	0.00086900	65.15625000	66.17187500	0.00121900	19.78515600	21.89453100	8.16406300	37.16796900	30.01953100
0.53437500	0.00106900	70.15625000	68.67187500	0.00101900	17.91015600	20.01953100	9.41406300	31.54296900	34.39453100
0.73437500	0.00146900	60.15625000	73.67187500	0.00141900	21.66015600	23.76953100	6.91406300	42.79296900	25.64453100
0.48437500	0.00096900	62.65625000	69.92187500	0.00131900	24.47265600	20.95703100	6.28906300	28.73046900	27.83203100
0.68437500	0.00136900	72.65625000	74.92187500	0.00091900	20.72265600	24.70703100	8.78906300	39.98046900	36.58203100
0.58437500	0.00156900	67.65625000	72.42187500	0.00151900	18.84765600	19.08203100	7.53906300	45.60546900	23.45703100
0.78437500	0.00116900	77.65625000	67.42187500	0.00111900	22.59765600	22.83203100	5.03906300	34.35546900	32.20703100
0.42187500	0.00154400	62.03125000	74.60937500	0.00104400	21.89453100	22.12890600	9.88281300	30.83984400	31.66015600
0.62187500	0.00114400	72.03125000	69.60937500	0.00144400	18.14453100	18.37890600	7.38281300	42.08984400	22.91015600
0.52187500	0.00094400	67.03125000	67.10937500	0.00084400	20.01953100	24.00390600	6.13281300	47.71484400	36.03515600
0.72187500	0.00134400	77.03125000	72.10937500	0.00124400	23.76953100	20.25390600	8.63281300	36.46484400	27.28515600
0.47187500	0.00104400	79.53125000	65.85937500	0.00154400	22.83203100	24.94140600	8.00781300	44.90234400	25.09765600
0.67187500	0.00144400	69.53125000	70.85937500	0.00114400	19.08203100	21.19140600	5.50781300	33.65234400	33.84765600
0.57187500	0.00124400	74.53125000	73.35937500	0.00134400	20.95703100	23.06640600	6.75781300	28.02734400	29.47265600
0.77187500	0.00084400	64.53125000	68.35937500	0.00094400	24.70703100	19.31640600	9.25781300	39.27734400	38.22265600
0.44687500	0.00089400	73.28125000	71.48437500	0.00119400	21.42578100	24.47265600	7.07031300	49.12109400	26.19140600
0.64687500	0.00129400	63.28125000	66.48437500	0.00159400	17.67578100	20.72265600	9.57031300	37.87109400	34.94140600
0.54687500	0.00149400	78.28125000	68.98437500	0.00099400	19.55078100	22.59765600	8.32031300	32.24609400	30.56640600
0.74687500	0.00109400	68.28125000	73.98437500	0.00139400	23.30078100	18.84765600	5.82031300	43.49609400	39.31640600
0.49687500	0.00139400	65.78125000	67.73437500	0.00149400	22.36328100	21.66015600	5.19531300	29.43359400	32.75390600
0.69687500	0.00099400	75.78125000	72.73437500	0.00109400	18.61328100	17.91015600	7.69531300	40.68359400	24.00390600
0.59687500	0.00119400	60.78125000	70.23437500	0.00129400	20.48828100	23.53515600	8.94531300	46.30859400	37.12890600
0.79687500	0.00159400	70.78125000	65.23437500	0.00089400	24.23828100	19.78515600	6.44531300	35.05859400	28.37890600
0.40156300	0.00159700	66.17187500	70.74218800	0.00124100	20.10742200	22.56835900	5.83984400	28.29101600	24.20898400
0.60156300	0.00119700	76.17187500	65.74218800	0.00084100	23.85742200	18.81835900	8.33984400	39.54101600	32.95898400
0.50156300	0.00099700	61.17187500	68.24218800	0.00144100	21.98242200	24.44335900	9.58984400	45.16601600	28.58398400
0.70156300	0.00139700	71.17187500	73.24218800	0.00104100	18.23242200	20.69335900	7.08984400	33.91601600	37.33398400
0.45156300	0.00109700	73.67187500	69.49218800	0.00094100	21.04492200	23.50585900	6.46484400	47.97851600	35.14648400
0.65156300	0.00149700	63.67187500	74.49218800	0.00134100	24.79492200	19.75585900	8.96484400	36.72851600	26.39648400
0.55156300	0.00129700	78.67187500	71.99218800	0.00114100	22.91992200	21.63085900	7.71484400	31.10351600	39.52148400
0.75156300	0.00089700	68.67187500	66.99218800	0.00154100	19.16992200	17.88085900	5.21484400	42.35351600	30.77148400
0.42656300	0.00084700	79.92187500	72.61718800	0.00139100	19.63867200	23.97460900	8.65234400	46.57226600	34.05273400
0.62656300	0.00124700	69.92187500	67.61718800	0.00099100	23.38867200	20.22460900	6.15234400	35.32226600	25.30273400
0.52656300	0.00144700	74.92187500	65.11718800	0.00159100	21.51367200	22.09960900	7.40234400	29.69726600	38.42773400
0.72656300	0.00104700	64.92187500	70.11718800	0.00119100	17.76367200	18.34960900	9.90234400	40.94726600	29.67773400
0.47656300	0.00134700	62.42187500	66.36718800	0.00089100	20.57617200	23.03710900	9.27734400	32.50976600	23.11523400
0.67656300	0.00094700	72.42187500	71.36718800	0.00129100	24.32617200	19.28710900	6.77734400	43.75976600	31.86523400
0.57656200	0.00114700	67.42187500	73.86718800	0.00109100	22.45117200	24.91210900	5.52734400	49.38476600	27.49023400
0.77656300	0.00154700	77.42187500	68.86718800	0.00149100	18.70117200	21.16210900	8.02734400	38.13476600	36.24023400
0.41406300	0.00117200	63.04687500	71.67968800	0.00156600	17.99804700	19.99023400	6.93359400	28.99414100	35.69335900
0.61406300	0.00157200	73.04687500	66.67968800	0.00116600	21.74804700	23.74023400	9.43359400	40.24414100	26.94335900
0.51406200	0.00137200	68.04687500	69.17968800	0.00136600	23.62304700	18.11523400	8.18359400	45.86914100	31.31835900
0.71406300	0.00097200	78.04687500	74.17968800	0.00096600	19.87304700	21.86523400	5.68359400	34.61914100	22.56835900
0.46406300	0.00147200	75.54687500	67.92968800	0.00106600	18.93554700	19.05273400	5.05859400	48.68164100	29.13085900
0.66406300	0.00107200	65.54687500	72.92968800	0.00146600	22.68554700	22.80273400	7.55859400	37.43164100	37.88085900
0.56406300	0.00087200	70.54687500	70.42968800	0.00086600	24.56054700	20.92773400	8.80859400	31.80664100	24.75585900
0.76406300	0.00127200	60.54687500	65.42968800	0.00126600	20.81054700	24.67773400	6.30859400	43.05664100	33.50585900
0.43906300	0.00122200	71.79687500	74.80468800	0.00141600	17.52929700	18.58398400	9.74609400	44.46289100	30.22460900
0.63906300	0.00082200	61.79687500	69.80468800	0.00101600	21.27929700	22.33398400	7.24609400	33.21289100	38.97460900
0.53906300	0.00102200	76.79687500	67.30468800	0.00121600	23.15429700	20.45898400	5.99609400	27.58789100	25.84960900
0.73906300	0.00142200	66.79687500	72.30468800	0.00081600	19.40429700	24.20898400	8.49609400	38.83789100	34.59960900
0.48906300	0.00092200	69.29687500	66.05468800	0.00111600	18.46679700	19.52148400	7.87109400	30.40039100	36.78710900
0.68906300	0.00132200	79.29687500	71.05468800	0.00151600	22.21679700	23.27148400	5.37109400	41.65039100	28.03710900
0.58906300	0.00152200	64.29687500	73.55468800	0.00091600	24.09179700	17.64648400	6.62109400	47.27539100	32.41210900
0.78906300	0.00112200	74.29687500	68.55468800	0.00131600	20.34179700	21.39648400	9.12109400	36.02539100	23.66210900
0.40781300	0.00095900	74.60937500	67.46093800	0.00100300	22.80273400	17.99804700	9.04296900	39.18945300	36.51367200
0.60781300	0.00135900	64.60937500	72.46093800	0.00140300	19.05273400	21.74804700	6.54296900	27.93945300	27.76367200
0.50781300	0.00155900	79.60937500	74.96093800	0.00080300	20.92773400	19.87304700	5.29296900	33.56445300	32.13867200
0.70781300	0.00115900	69.60937500	69.96093800	0.00120300	24.67773400	23.62304700	7.79296900	44.81445300	23.38867200
0.45781300	0.00125900	67.10937500	73.71093800	0.00150300	21.86523400	20.81054700	8.41796900	36.37695300	29.95117200
0.65781300	0.00085900	77.10937500	68.71093800	0.00110300	18.11523400	24.56054700	5.91796900	47.62695300	38.70117200
0.55781300	0.00105900	62.10937500	66.21093800	0.00130300	19.99023400	18.93554700	7.16796900	42.00195300	25.57617200
0.75781300	0.00145900	72.10937500	71.21093800	0.00090300	23.74023400	22.68554700	9.66796900	30.75195300	34.32617200
0.43281300	0.00140900	60.85937500	69.33593800	0.00115300	22.33398400	20.34179700	6.85546900	34.97070300	31.04492200
0.63281300	0.00100900	70.85937500	74.33593800	0.00155300	18.58398400	24.09179700	9.35546900	46.22070300	39.79492200
0.53281300	0.00080900	65.85937500	71.83593800	0.00095300	20.45898400	18.46679700	8.10546900	40.59570300	26.66992200
0.73281300	0.00120900	75.85937500	66.83593800	0.00135300	24.20898400	22.21679700	5.60546900	29.34570300	35.41992200
0.48281300	0.00110900	78.35937500	70.58593800	0.00145300	21.39648400	17.52929700	6.23046900	43.40820300	37.60742200
0.68281300	0.00150900	68.35937500	65.58593800	0.00105300	17.64648400	21.27929700	8.73046900	32.15820300	28.85742200
0.58281300	0.00130900	73.35937500	68.08593800	0.00125300	19.52148400	19.40429700	9.98046900	37.78320300	33.23242200
0.78281300	0.00090900	63.35937500	73.08593800	0.00085300	23.27148400	23.15429700	7.48046900	49.03320300	24.48242200
0.42031300	0.00138400	76.48437500	65.27343800	0.00097800	24.91210900	24.32617200	7.63671900	41.29882800	23.93554700
0.62031300	0.00098400	66.48437500	70.27343800	0.00137800	21.16210900	20.57617200	5.13671900	30.04882800	32.68554700
0.52031300	0.00118400	71.48437500	72.77343800	0.00117800	19.28710900	22.45117200	6.38671900	35.67382800	28.31054700
0.72031300	0.00158400	61.48437500	67.77343800	0.00157800	23.03710900	18.70117200	8.88671900	46.92382800	37.06054700
0.47031300	0.00088400	63.98437500	74.02343800	0.00127800	23.97460900	21.51367200	9.51171900	38.48632800	34.87304700
0.67031300	0.00128400	73.98437500	69.02343800	0.00087800	20.22460900	17.76367200	7.01171900	49.73632800	26.12304700
0.57031300	0.00148400	68.98437500	66.52343800	0.00147800	18.34960900	23.38867200	5.76171900	44.11132800	39.24804700
0.77031300	0.00108400	78.98437500	71.52343800	0.00107800	22.09960900	19.63867200	8.26171900	32.86132800	30.49804700
0.44531300	0.00103400	67.73437500	68.39843800	0.00082800	24.44335900	21.98242200	5.44921900	34.26757800	33.77929700
0.64531300	0.00143400	77.73437500	73.39843800	0.00122800	20.69335900	18.23242200	7.94921900	45.51757800	25.02929700
0.54531200	0.00123400	62.73437500	70.89843800	0.00102800	18.81835900	23.85742200	9.19921900	39.89257800	38.15429700
0.74531300	0.00083400	72.73437500	65.89843800	0.00142800	22.56835900	20.10742200	6.69921900	28.64257800	29.40429700
0.49531300	0.00153400	70.23437500	72.14843800	0.00132800	23.50585900	24.79492200	7.32421900	42.70507800	22.84179700
0.69531300	0.00113400	60.23437500	67.14843800	0.00092800	19.75585900	21.04492200	9.82421900	31.45507800	31.59179700
0.59531300	0.00093400	75.23437500	69.64843800	0.00152800	17.88085900	22.91992200	8.57421900	37.08007800	27.21679700
0.79531300	0.00133400	65.23437500	74.64843800	0.00112800	21.63085900	19.16992200	6.07421900	48.33007800	35.96679700
0.40468800	0.00106600	75.70312500	74.41406300	0.00117200	20.63476600	20.98632800	7.44140600	43.93554700	32.54882800
0.60468800	0.00146600	65.70312500	69.41406300	0.00157200	24.38476600	24.73632800	9.94140600	32.68554700	23.79882800
0.50468800	0.00126600	70.70312500	66.91406300	0.00097200	22.50976600	19.11132800	8.69140600	38.31054700	36.92382800
0.70468800	0.00086600	60.70312500	71.91406300	0.00137200	18.75976600	22.86132800	6.19140600	49.56054700	28.17382800
0.45468800	0.00156600	63.20312500	65.66406300	0.00147200	19.69726600	18.17382800	5.56640600	35.49804700	25.98632800
0.65468800	0.00116600	73.20312500	70.66406300	0.00107200	23.44726600	21.92382800	8.06640600	46.74804700	34.73632800
0.55468800	0.00096600	68.20312500	73.16406300	0.00127200	21.57226600	20.04882800	9.31640600	41.12304700	30.36132800
0.75468800	0.00136600	78.20312500	68.16406300	0.00087200	17.82226600	23.79882800	6.81640600	29.87304700	39.11132800
0.42968800	0.00131600	69.45312500	71.28906300	0.00102200	21.10351600	17.70507800	9.62890600	36.90429700	24.89257800
0.62968800	0.00091600	79.45312500	66.28906300	0.00142200	24.85351600	21.45507800	7.12890600	48.15429700	33.64257800
0.52968700	0.00111600	64.45312500	68.78906300	0.00082200	22.97851600	19.58007800	5.87890600	42.52929700	29.26757800
0.72968800	0.00151600	74.45312500	73.78906300	0.00122200	19.22851600	23.33007800	8.37890600	31.27929700	38.01757800
0.47968800	0.00081600	71.95312500	67.53906300	0.00152200	20.16601600	20.51757800	7.75390600	39.71679700	31.45507800
0.67968800	0.00121600	61.95312500	72.53906300	0.00112200	23.91601600	24.26757800	5.25390600	28.46679700	22.70507800
0.57968800	0.00141600	76.95312500	70.03906300	0.00132200	22.04101600	18.64257800	6.50390600	34.09179700	35.83007800
0.77968800	0.00101600	66.95312500	65.03906300	0.00092200	18.29101600	22.39257800	9.00390600	45.34179700	27.08007800
0.41718800	0.00149100	72.57812500	72.85156300	0.00084700	18.52539100	21.68945300	6.03515600	41.82617200	27.62695300
0.61718800	0.00109100	62.57812500	67.85156300	0.00124700	22.27539100	17.93945300	8.53515600	30.57617200	36.37695300
0.51718800	0.00089100	77.57812500	65.35156300	0.00104700	24.15039100	23.56445300	9.78515600	36.20117200	23.25195300
0.71718800	0.00129100	67.57812500	70.35156300	0.00144700	20.40039100	19.81445300	7.28515600	47.45117200	32.00195300
0.46718800	0.00119100	65.07812500	66.60156300	0.00134700	17.58789100	24.50195300	6.66015600	33.38867200	38.56445300
0.66718800	0.00159100	75.07812500	71.60156300	0.00094700	21.33789100	20.75195300	9.16015600	44.63867200	29.81445300
0.56718800	0.00139100	60.07812500	74.10156300	0.00154700	23.21289100	22.62695300	7.91015600	39.01367200	34.18945300
0.76718800	0.00099100	70.07812500	69.10156300	0.00114700	19.46289100	18.87695300	5.41015600	27.76367200	25.43945300
0.44218800	0.00094100	61.32812500	70.97656300	0.00099700	18.99414100	24.97070300	8.22265600	37.60742200	39.65820300
0.64218800	0.00134100	71.32812500	65.97656300	0.00139700	22.74414100	21.22070300	5.72265600	48.85742200	30.90820300
0.54218800	0.00154100	66.32812500	68.47656300	0.00119700	24.61914100	23.09570300	6.97265600	43.23242200	35.28320300
0.74218800	0.00114100	76.32812500	73.47656300	0.00159700	20.86914100	19.34570300	9.47265600	31.98242200	26.53320300
0.49218800	0.00124100	78.82812500	69.72656300	0.00129700	18.05664100	22.15820300	8.84765600	40.41992200	28.72070300
0.69218800	0.00084100	68.82812500	74.72656300	0.00089700	21.80664100	18.40820300	6.34765600	29.16992200	37.47070300
0.59218700	0.00104100	73.82812500	72.22656300	0.00149700	23.68164100	24.03320300	5.09765600	34.79492200	24.34570300
0.79218800	0.00144100	63.82812500	67.22656300	0.00109700	19.93164100	20.28320300	7.59765600	46.04492200	33.09570300
0.41093800	0.00127800	64.76562500	68.63281300	0.00138400	21.45507800	23.44726600	7.98828100	32.33398400	27.35351600
0.61093800	0.00087800	74.76562500	73.63281300	0.00098400	17.70507800	19.69726600	5.48828100	43.58398400	36.10351600
0.51093800	0.00107800	69.76562500	71.13281300	0.00158400	19.58007800	21.57226600	6.73828100	49.20898400	22.97851600
0.71093800	0.00147800	79.76562500	66.13281300	0.00118400	23.33007800	17.82226600	9.23828100	37.95898400	31.72851600
0.46093800	0.00097800	77.26562500	72.38281300	0.00088400	22.39257800	22.50976600	9.86328100	46.39648400	38.29101600
0.66093800	0.00137800	67.26562500	67.38281300	0.00128400	18.64257800	18.75976600	7.36328100	35.14648400	29.54101600
0.56093700	0.00157800	72.26562500	69.88281300	0.00108400	20.51757800	24.38476600	6.11328100	29.52148400	33.91601600
0.76093800	0.00117800	62.26562500	74.88281300	0.00148400	24.26757800	20.63476600	8.61328100	40.77148400	25.16601600
0.43593800	0.00112800	71.01562500	65.50781300	0.00123400	21.92382800	22.97851600	5.17578100	47.80273400	39.38476600
0.63593800	0.00152800	61.01562500	70.50781300	0.00083400	18.17382800	19.22851600	7.67578100	36.55273400	30.63476600
0.53593800	0.00132800	76.01562500	73.00781300	0.00143400	20.04882800	24.85351600	8.92578100	30.92773400	35.00976600
0.73593800	0.00092800	66.01562500	68.00781300	0.00103400	23.79882800	21.10351600	6.42578100	42.17773400	26.25976600
0.48593800	0.00142800	68.51562500	74.25781300	0.00093400	22.86132800	23.91601600	7.05078100	28.11523400	28.44726600
0.68593800	0.00102800	78.51562500	69.25781300	0.00133400	19.11132800	20.16601600	9.55078100	39.36523400	37.19726600
0.58593800	0.00082800	63.51562500	66.75781300	0.00113400	20.98632800	22.04101600	8.30078100	44.99023400	24.07226600
0.78593800	0.00122800	73.51562500	71.75781300	0.00153400	24.73632800	18.29101600	5.80078100	33.74023400	32.82226600
0.42343800	0.00085300	66.64062500	68.94531300	0.00140900	23.56445300	18.99414100	9.08203100	31.63085900	33.36914100
0.62343800	0.00125300	76.64062500	73.94531300	0.00100900	19.81445300	22.74414100	6.58203100	42.88085900	24.61914100
0.52343800	0.00145300	61.64062500	71.44531300	0.00120900	17.93945300	20.86914100	5.33203100	48.50585900	37.74414100
0.72343800	0.00105300	71.64062500	66.44531300	0.00080900	21.68945300	24.61914100	7.83203100	37.25585900	28.99414100
0.47343800	0.00135300	74.14062500	70.19531300	0.00110900	24.50195300	19.93164100	8.45703100	45.69335900	26.80664100
0.67343800	0.00095300	64.14062500	65.19531300	0.00150900	20.75195300	23.68164100	5.95703100	34.44335900	35.55664100
0.57343800	0.00115300	79.14062500	67.69531300	0.00090900	18.87695300	18.05664100	7.20703100	28.81835900	31.18164100
0.77343800	0.00155300	69.14062500	72.69531300	0.00130900	22.62695300	21.80664100	9.70703100	40.06835900	39.93164100
0.44843800	0.00150300	77.89062500	67.07031300	0.00155900	24.03320300	19.46289100	6.26953100	49.91210900	25.71289100
0.64843800	0.00110300	67.89062500	72.07031300	0.00115900	20.28320300	23.21289100	8.76953100	38.66210900	34.46289100
0.54843800	0.00090300	72.89062500	74.57031300	0.00135900	18.40820300	17.58789100	7.51953100	33.03710900	30.08789100
0.74843800	0.00130300	62.89062500	69.57031300	0.00095900	22.15820300	21.33789100	5.01953100	44.28710900	38.83789100
0.49843800	0.00100300	60.39062500	73.32031300	0.00105900	24.97070300	18.52539100	5.64453100	30.22460900	32.27539100
0.69843800	0.00140300	70.39062500	68.32031300	0.00145900	21.22070300	22.27539100	8.14453100	41.47460900	23.52539100
0.59843800	0.00120300	65.39062500	65.82031300	0.00085900	19.34570300	20.40039100	9.39453100	47.09960900	36.65039100
0.79843800	0.00080300	75.39062500	70.82031300	0.00125900	23.09570300	24.15039100	6.89453100	35.84960900	27.90039100
0.40078100	0.00120200	78.16406300	73.57421900	0.00107700	22.20214800	20.15136700	7.19726600	37.82714800	26.02050800
0.60078100	0.00080200	68.16406300	68.57421900	0.00147700	18.45214800	23.90136700	9.69726600	49.07714800	34.77050800
0.50078100	0.00100200	73.16406300	66.07421900	0.00087700	20.32714800	18.27636700	8.44726600	43.45214800	30.39550800
0.70078100	0.00140200	63.16406300	71.07421900	0.00127700	24.07714800	22.02636700	5.94726600	32.20214800	39.14550800
0.45078100	0.00090200	60.66406300	67.32421900	0.00157700	21.26464800	19.21386700	5.32226600	40.63964800	32.58300800
0.65078100	0.00130200	70.66406300	72.32421900	0.00117700	17.51464800	22.96386700	7.82226600	29.38964800	23.83300800
0.55078100	0.00150200	65.66406300	74.82421900	0.00137700	19.38964800	21.08886700	9.07226600	35.01464800	36.95800800
0.75078100	0.00110200	75.66406300	69.82421900	0.00097700	23.13964800	24.83886700	6.57226600	46.26464800	28.20800800
0.42578100	0.00115200	66.91406300	70.44921900	0.00112700	22.67089800	18.74511700	9.38476600	42.04589800	31.48925800
0.62578100	0.00155200	76.91406300	65.44921900	0.00152700	18.92089800	22.49511700	6.88476600	30.79589800	22.73925800
0.52578100	0.00135200	61.91406300	67.94921900	0.00092700	20.79589800	20.62011700	5.63476600	36.42089800	35.86425800
0.72578100	0.00095200	71.91406300	72.94921900	0.00132700	24.54589800	24.37011700	8.13476600	47.67089800	27.11425800
0.47578100	0.00145200	74.41406300	69.19921900	0.00142700	21.73339800	19.68261700	7.50976600	33.60839800	24.92675800
0.67578100	0.00105200	64.41406300	74.19921900	0.00102700	17.98339800	23.43261700	5.00976600	44.85839800	33.67675800
0.57578100	0.00085200	79.41406300	71.69921900	0.00122700	19.85839800	17.80761700	6.25976600	39.23339800	29.30175800
0.77578100	0.00125200	69.41406300	66.69921900	0.00082700	23.60839800	21.55761700	8.75976600	27.98339800	38.05175800
0.41328100	0.00082700	70.03906300	73.88671900	0.00090200	24.31152300	22.26074200	6.10351600	37.12402300	38.59863300
0.61328100	0.00122700	60.03906300	68.88671900	0.00130200	20.56152300	18.51074200	8.60351600	48.37402300	29.84863300
0.51328100	0.00142700	75.03906300	66.38671900	0.00110200	18.68652300	24.13574200	9.85351600	42.74902300	34.22363300
0.71328100	0.00102700	65.03906300	71.38671900	0.00150200	22.43652300	20.38574200	7.35351600	31.49902300	25.47363300
0.46328100	0.00132700	67.53906300	65.13671900	0.00120200	23.37402300	23.19824200	6.72851600	39.93652300	27.66113300
0.66328100	0.00092700	77.53906300	70.13671900	0.00080200	19.62402300	19.44824200	9.22851600	28.68652300	36.41113300
0.56328100	0.00112700	62.53906300	72.63671900	0.00140200	17.74902300	21.32324200	7.97851600	34.31152300	23.28613300
0.76328100	0.00152700	72.53906300	67.63671900	0.00100200	21.49902300	17.57324200	5.47851600	45.56152300	32.03613300
0.43828100	0.00157700	63.78906300	72.01171900	0.00085200	24.78027300	23.66699200	8.29101600	44.15527300	28.75488300
0.63828100	0.00117700	73.78906300	67.01171900	0.00125200	21.03027300	19.91699200	5.79101600	32.90527300	37.50488300
0.53828100	0.00097700	68.78906300	69.51171900	0.00105200	19.15527300	21.79199200	7.04101600	38.53027300	24.37988300
0.73828100	0.00137700	78.78906300	74.51171900	0.00145200	22.90527300	18.04199200	9.54101600	49.78027300	33.12988300
0.48828100	0.00107700	76.28906300	68.26171900	0.00135200	23.84277300	22.72949200	8.91601600	35.71777300	39.69238300
0.68828100	0.00147700	66.28906300	73.26171900	0.00095200	20.09277300	18.97949200	6.41601600	46.96777300	30.94238300
0.58828100	0.00127700	71.28906300	70.76171900	0.00155200	18.21777300	24.60449200	5.16601600	41.34277300	35.31738300
0.78828100	0.00087700	61.28906300	65.76171900	0.00115200	21.96777300	20.85449200	7.66601600	30.09277300	26.56738300
0.40703100	0.00103900	62.22656300	69.66796900	0.00126400	19.74121100	24.25293000	7.90039100	49.42871100	38.32519500
0.60703100	0.00143900	72.22656300	74.66796900	0.00086400	23.49121100	20.50293000	5.40039100	38.17871100	29.57519500
0.50703100	0.00123900	67.22656300	72.16796900	0.00146400	21.61621100	22.37793000	6.65039100	32.55371100	33.95019500
0.70703100	0.00083900	77.22656300	67.16796900	0.00106400	17.86621100	18.62793000	9.15039100	43.80371100	25.20019500
0.45703100	0.00153900	79.72656300	70.91796900	0.00096400	20.67871100	21.44043000	9.77539100	29.74121100	27.38769500
0.65703100	0.00113900	69.72656300	65.91796900	0.00136400	24.42871100	17.69043000	7.27539100	40.99121100	36.13769500
0.55703100	0.00093900	74.72656300	68.41796900	0.00116400	22.55371100	23.31543000	6.02539100	46.61621100	23.01269500
0.75703100	0.00133900	64.72656300	73.41796900	0.00156400	18.80371100	19.56543000	8.52539100	35.36621100	31.76269500
0.43203100	0.00138900	73.47656300	66.54296900	0.00131400	20.20996100	21.90918000	5.08789100	31.14746100	28.48144500
0.63203100	0.00098900	63.47656300	71.54296900	0.00091400	23.95996100	18.15918000	7.58789100	42.39746100	37.23144500
0.53203100	0.00118900	78.47656300	74.04296900	0.00151400	22.08496100	23.78418000	8.83789100	48.02246100	24.10644500
0.73203100	0.00158900	68.47656300	69.04296900	0.00111400	18.33496100	20.03418000	6.33789100	36.77246100	32.85644500
0.48203100	0.00088900	65.97656300	72.79296900	0.00081400	21.14746100	24.72168000	6.96289100	45.20996100	39.41894500
0.68203100	0.00128900	75.97656300	67.79296900	0.00121400	24.89746100	20.97168000	9.46289100	33.95996100	30.66894500
0.58203100	0.00148900	60.97656300	65.29296900	0.00101400	23.02246100	22.84668000	8.21289100	28.33496100	35.04394500
0.78203100	0.00108900	70.97656300	70.29296900	0.00141400	19.27246100	19.09668000	5.71289100	39.58496100	26.29394500
0.41953100	0.00141400	69.10156300	68.10546900	0.00153900	17.63183600	18.39355500	9.30664100	47.31933600	26.84082000
0.61953100	0.00101400	79.10156300	73.10546900	0.00113900	21.38183600	22.14355500	6.80664100	36.06933600	35.59082000
0.51953100	0.00081400	64.10156300	70.60546900	0.00133900	23.25683600	20.26855500	5.55664100	30.44433600	31.21582000
0.71953100	0.00121400	74.10156300	65.60546900	0.00093900	19.50683600	24.01855500	8.05664100	41.69433600	39.96582000
0.46953100	0.00111400	71.60156300	71.85546900	0.00103900	18.56933600	21.20605500	8.68164100	27.63183600	33.40332000
0.66953100	0.00151400	61.60156300	66.85546900	0.00143900	22.31933600	24.95605500	6.18164100	38.88183600	24.65332000
0.56953100	0.00131400	76.60156300	69.35546900	0.00083900	24.19433600	19.33105500	7.43164100	44.50683600	37.77832000
0.76953100	0.00091400	66.60156300	74.35546900	0.00123900	20.44433600	23.08105500	9.93164100	33.25683600	29.02832000
0.44453100	0.00096400	75.35156300	66.23046900	0.00148900	18.10058600	20.73730500	6.49414100	31.85058600	32.30957000
0.64453100	0.00136400	65.35156300	71.23046900	0.00108900	21.85058600	24.48730500	8.99414100	43.10058600	23.55957000
0.54453100	0.00156400	70.35156300	73.73046900	0.00128900	23.72558600	18.86230500	7.74414100	48.72558600	36.68457000
0.74453100	0.00116400	60.35156300	68.73046900	0.00088900	19.97558600	22.61230500	5.24414100	37.47558600	27.93457000
0.49453100	0.00126400	62.85156300	74.98046900	0.00118900	19.03808600	17.92480500	5.86914100	45.91308600	25.74707000
0.69453100	0.00086400	72.85156300	69.98046900	0.00158900	22.78808600	21.67480500	8.36914100	34.66308600	34.49707000
0.59453100	0.00106400	67.85156300	67.48046900	0.00098900	24.66308600	19.79980500	9.61914100	29.03808600	30.12207000
0.79453100	0.00146400	77.85156300	72.48046900	0.00138900	20.91308600	23.54980500	7.11914100	40.28808600	38.87207000
0.40390600	0.00093300	68.63281300	72.24609400	0.00130800	21.79199200	21.26464800	5.75195300	45.03418000	35.18066400
0.60390600	0.00133300	78.63281300	67.24609400	0.00090800	18.04199200	17.51464800	8.25195300	33.78418000	26.43066400
0.50390600	0.00153300	63.63281300	69.74609400	0.00150800	19.91699200	23.13964800	9.50195300	28.15918000	39.55566400
0.70390600	0.00113300	73.63281300	74.74609400	0.00110800	23.66699200	19.38964800	7.00195300	39.40918000	30.80566400
0.45390600	0.00123300	71.13281300	68.49609400	0.00080800	22.72949200	24.07714800	6.37695300	30.97168000	24.24316400
0.65390600	0.00083300	61.13281300	73.49609400	0.00120800	18.97949200	20.32714800	8.87695300	42.22168000	32.99316400
0.55390600	0.00103300	76.13281300	70.99609400	0.00100800	20.85449200	22.20214800	7.62695300	47.84668000	28.61816400
0.75390600	0.00143300	66.13281300	65.99609400	0.00140800	24.60449200	18.45214800	5.12695300	36.59668000	37.36816400
0.42890600	0.00148300	77.38281300	74.12109400	0.00125800	21.32324200	24.54589800	8.56445300	29.56543000	23.14941400
0.62890600	0.00108300	67.38281300	69.12109400	0.00085800	17.57324200	20.79589800	6.06445300	40.81543000	31.89941400
0.52890600	0.00088300	72.38281300	66.62109400	0.00145800	19.44824200	22.67089800	7.31445300	46.44043000	27.52441400
0.72890600	0.00128300	62.38281300	71.62109400	0.00105800	23.19824200	18.92089800	9.81445300	35.19043000	36.27441400
0.47890600	0.00118300	64.88281300	65.37109400	0.00095800	22.26074200	21.73339800	9.18945300	49.25293000	34.08691400
0.67890600	0.00158300	74.88281300	70.37109400	0.00135800	18.51074200	17.98339800	6.68945300	38.00293000	25.33691400
0.57890600	0.00138300	69.88281300	72.87109400	0.00115800	20.38574200	23.60839800	5.43945300	32.37793000	38.46191400
0.77890600	0.00098300	79.88281300	67.87109400	0.00155800	24.13574200	19.85839800	7.93945300	43.62793000	29.71191400
0.41640600	0.00130800	60.50781300	70.05859400	0.00148300	23.90136700	21.03027300	7.15820300	47.14355500	29.16503900
0.61640600	0.00090800	70.50781300	65.05859400	0.00108300	20.15136700	24.78027300	9.65820300	35.89355500	37.91503900
0.51640600	0.00110800	65.50781300	67.55859400	0.00128300	18.27636700	19.15527300	8.40820300	30.26855500	24.79003900
0.71640600	0.00150800	75.50781300	72.55859400	0.00088300	22.02636700	22.90527300	5.90820300	41.51855500	33.54003900
0.46640600	0.00080800	78.00781300	68.80859400	0.00118300	24.83886700	18.21777300	5.28320300	33.08105500	35.72753900
0.66640600	0.00120800	68.00781300	73.80859400	0.00158300	21.08886700	21.96777300	7.78320300	44.33105500	26.97753900
0.56640600	0.00140800	73.00781300	71.30859400	0.00098300	19.21386700	20.09277300	9.03320300	49.95605500	31.35253900
0.76640600	0.00100800	63.00781300	66.30859400	0.00138300	22.96386700	23.84277300	6.53320300	38.70605500	22.60253900
0.44140600	0.00105800	74.25781300	73.18359400	0.00153300	23.43261700	17.74902300	9.97070300	28.86230500	36.82128900
0.64140600	0.00145800	64.25781300	68.18359400	0.00113300	19.68261700	21.49902300	7.47070300	40.11230500	28.07128900
0.54140600	0.00125800	79.25781300	65.68359400	0.00133300	17.80761700	19.62402300	6.22070300	45.73730500	32.44628900
0.74140600	0.00085800	69.25781300	70.68359400	0.00093300	21.55761700	23.37402300	8.72070300	34.48730500	23.69628900
0.49140600	0.00155800	66.75781300	66.93359400	0.00103300	24.37011700	20.56152300	8.09570300	48.54980500	30.25878900
0.69140600	0.00115800	76.75781300	71.93359400	0.00143300	20.62011700	24.31152300	5.59570300	37.29980500	39.00878900
0.59140600	0.00095800	61.75781300	74.43359400	0.00083300	18.74511700	18.68652300	6.84570300	31.67480500	25.88378900
0.79140600	0.00135800	71.75781300	69.43359400	0.00123300	22.49511700	22.43652300	9.34570300	42.92480500	34.63378900
0.41015600	0.00152000	72.07031300	65.83984400	0.00114500	21.20605500	19.27246100	8.79882800	34.13574200	29.98535200
0.61015600	0.00112000	62.07031300	70.83984400	0.00154500	24.95605500	23.02246100	6.29882800	45.38574200	38.73535200
0.51015600	0.00092000	77.07031300	73.33984400	0.00094500	23.08105500	21.14746100	5.04882800	39.76074200	25.61035200
0.71015600	0.00132000	67.07031300	68.33984400	0.00134500	19.33105500	24.89746100	7.54882800	28.51074200	34.36035200
0.46015600	0.00102000	69.57031300	74.58984400	0.00144500	20.26855500	20.20996100	8.17382800	42.57324200	36.54785200
0.66015600	0.00142000	79.57031300	69.58984400	0.00104500	24.01855500	23.95996100	5.67382800	31.32324200	27.79785200
0.56015600	0.00122000	64.57031300	67.08984400	0.00124500	22.14355500	18.33496100	6.92382800	36.94824200	32.17285200
0.76015600	0.00082000	74.57031300	72.08984400	0.00084500	18.39355500	22.08496100	9.42382800	48.19824200	23.42285200
0.43515600	0.00087000	63.32031300	67.71484400	0.00109500	20.73730500	19.74121100	6.61132800	41.16699200	37.64160200
0.63515600	0.00127000	73.32031300	72.71484400	0.00149500	24.48730500	23.49121100	9.11132800	29.91699200	28.89160200
0.53515600	0.00147000	68.32031300	70.21484400	0.00089500	22.61230500	17.86621100	7.86132800	35.54199200	33.26660200
0.73515600	0.00107000	78.32031300	65.21484400	0.00129500	18.86230500	21.61621100	5.36132800	46.79199200	24.51660200
0.48515600	0.00137000	75.82031300	71.46484400	0.00159500	19.79980500	18.80371100	5.98632800	38.35449200	31.07910200
0.68515600	0.00097000	65.82031300	66.46484400	0.00119500	23.54980500	22.55371100	8.48632800	49.60449200	39.82910200
0.58515600	0.00117000	70.82031300	68.96484400	0.00139500	21.67480500	20.67871100	9.73632800	43.97949200	26.70410200
0.78515600	0.00157000	60.82031300	73.96484400	0.00099500	17.92480500	24.42871100	7.23632800	32.72949200	35.45410200
0.42265600	0.00114500	78.94531300	66.77734400	0.00087000	19.09668000	23.25683600	7.70507800	34.83886700	34.90722700
0.62265600	0.00154500	68.94531300	71.77734400	0.00127000	22.84668000	19.50683600	5.20507800	46.08886700	26.15722700
0.52265600	0.00134500	73.94531300	74.27734400	0.00107000	24.72168000	21.38183600	6.45507800	40.46386700	39.28222700
0.72265600	0.00094500	63.94531300	69.27734400	0.00147000	20.97168000	17.63183600	8.95507800	29.21386700	30.53222700
0.47265600	0.00144500	61.44531300	73.02734400	0.00137000	18.15918000	22.31933600	9.58007800	43.27636700	23.96972700
0.67265600	0.00104500	71.44531300	68.02734400	0.00097000	21.90918000	18.56933600	7.08007800	32.02636700	32.71972700
0.57265600	0.00084500	66.44531300	65.52734400	0.00157000	23.78418000	24.19433600	5.83007800	37.65136700	28.34472700
0.77265600	0.00124500	76.44531300	70.52734400	0.00117000	20.03418000	20.44433600	8.33007800	48.90136700	37.09472700
0.44765600	0.00129500	65.19531300	69.90234400	0.00092000	18.62793000	22.78808600	5.51757800	39.05761700	22.87597700
0.64765600	0.00089500	75.19531300	74.90234400	0.00132000	22.37793000	19.03808600	8.01757800	27.80761700	31.62597700
0.54765600	0.00109500	60.19531300	72.40234400	0.00112000	24.25293000	24.66308600	9.26757800	33.43261700	27.25097700
0.74765600	0.00149500	70.19531300	67.40234400	0.00152000	20.50293000	20.91308600	6.76757800	44.68261700	36.00097700
0.49765600	0.00099500	72.69531300	71.15234400	0.00122000	17.69043000	23.72558600	7.39257800	36.24511700	33.81347700
0.69765600	0.00139500	62.69531300	66.15234400	0.00082000	21.44043000	19.97558600	9.89257800	47.49511700	25.06347700
0.59765600	0.00159500	77.69531300	68.65234400	0.00142000	23.31543000	21.85058600	8.64257800	41.87011700	38.18847700
0.79765600	0.00119500	67.69531300	73.65234400	0.00102000	19.56543000	18.10058600	6.14257800	30.62011700	29.43847700
0.40234400	0.00119800	73.08593800	67.83203100	0.00146700	24.80957000	24.75097700	6.78710900	38.44238300	25.40527300
0.60234400	0.00159800	63.08593800	72.83203100	0.00106700	21.05957000	21.00097700	9.28710900	49.69238300	34.15527300
0.50234400	0.00139800	78.08593800	70.33203100	0.00126700	19.18457000	22.87597700	8.03710900	44.06738300	29.78027300
0.70234400	0.00099800	68.08593800	65.33203100	0.00086700	22.93457000	19.12597700	5.53710900	32.81738300	38.53027300
0.45234400	0.00149800	65.58593800	71.58203100	0.00116700	23.87207000	21.93847700	6.16210900	41.25488300	31.96777300
0.65234400	0.00109800	75.58593800	66.58203100	0.00156700	20.12207000	18.18847700	8.66210900	30.00488300	23.21777300
0.55234400	0.00089800	60.58593800	69.08203100	0.00096700	18.24707000	23.81347700	9.91210900	35.62988300	36.34277300
0.75234400	0.00129800	70.58593800	74.08203100	0.00136700	21.99707000	20.06347700	7.41210900	46.87988300	27.59277300
0.42734400	0.00124800	61.83593800	65.95703100	0.00151700	24.34082000	21.46972700	8.97460900	42.66113300	33.06152300
0.62734400	0.00084800	71.83593800	70.95703100	0.00111700	20.59082000	17.71972700	6.47460900	31.41113300	24.31152300
0.52734400	0.00104800	66.83593800	73.45703100	0.00131700	18.71582000	23.34472700	5.22460900	37.03613300	37.43652300
0.72734400	0.00144800	76.83593800	68.45703100	0.00091700	22.46582000	19.59472700	7.72460900	48.28613300	28.68652300
0.47734400	0.00094800	79.33593800	74.70703100	0.00101700	23.40332000	24.28222700	8.34960900	34.22363300	26.49902300
0.67734400	0.00134800	69.33593800	69.70703100	0.00141700	19.65332000	20.53222700	5.84960900	45.47363300	35.24902300
0.57734400	0.00154800	74.33593800	67.20703100	0.00081700	17.77832000	22.40722700	7.09960900	39.84863300	30.87402300
0.77734400	0.00114800	64.33593800	72.20703100	0.00121700	21.52832000	18.65722700	9.59960900	28.59863300	39.62402300
