 0.100000 0.000200 40.000000 55.000000 0.000200 10.000000 10.000000 1.000000 5.000000 5.000000
 0.450000 0.000900 60.000000 65.000000 0.000900 17.500000 17.500000 5.500000 27.500000 22.500000
 0.275000 0.001250 50.000000 70.000000 0.000550 21.250000 13.750000 7.750000 38.750000 13.750000
 0.625000 0.000550 70.000000 60.000000 0.001250 13.750000 21.250000 3.250000 16.250000 31.250000
 0.187500 0.001075 75.000000 72.500000 0.001075 11.875000 15.625000 4.375000 44.375000 26.875000
 0.537500 0.000375 55.000000 62.500000 0.000375 19.375000 23.125000 8.875000 21.875000 9.375000
 0.362500 0.000725 65.000000 57.500000 0.001425 23.125000 11.875000 6.625000 10.625000 35.625000
 0.712500 0.001425 45.000000 67.500000 0.000725 15.625000 19.375000 2.125000 33.125000 18.125000
 0.143750 0.001513 67.500000 61.250000 0.000463 10.937500 16.562500 6.062500 41.562500 29.062500
 0.493750 0.000812 47.500000 71.250000 0.001162 18.437500 24.062500 1.562500 19.062500 11.562500
 0.318750 0.000463 77.500000 66.250000 0.000812 22.187500 12.812500 3.812500 7.812500 37.812500
 0.668750 0.001162 57.500000 56.250000 0.001513 14.687500 20.312500 8.312500 30.312500 20.312500
 0.231250 0.000638 52.500000 68.750000 0.000988 12.812500 10.937500 9.437500 13.437500 7.187500
 0.581250 0.001337 72.500000 58.750000 0.000288 20.312500 18.437500 4.937500 35.937500 24.687500
 0.406250 0.000988 42.500000 63.750000 0.001337 24.062500 14.687500 2.687500 47.187500 15.937500
 0.756250 0.000288 62.500000 73.750000 0.000638 16.562500 22.187500 7.187500 24.687500 33.437500
 0.121875 0.000944 56.250000 59.375000 0.000856 14.218750 24.531250 3.531250 9.218750 34.531250
 0.471875 0.000244 76.250000 69.375000 0.001556 21.718750 17.031250 8.031250 31.718750 17.031250
 0.296875 0.000594 46.250000 74.375000 0.000506 17.968750 20.781250 5.781250 42.968750 25.781250
 0.646875 0.001294 66.250000 64.375000 0.001206 10.468750 13.281250 1.281250 20.468750 8.281250
 0.209375 0.000419 61.250000 71.875000 0.001381 16.093750 18.906250 2.406250 48.593750 21.406250
 0.559375 0.001119 41.250000 61.875000 0.000681 23.593750 11.406250 6.906250 26.093750 38.906250
 0.384375 0.001469 71.250000 56.875000 0.001031 19.843750 22.656250 9.156250 14.843750 12.656250
 0.734375 0.000769 51.250000 66.875000 0.000331 12.343750 15.156250 4.656250 37.343750 30.156250
 0.165625 0.000856 73.750000 63.125000 0.000594 15.156250 17.968750 8.593750 40.156250 19.218750
 0.515625 0.001556 53.750000 73.125000 0.001294 22.656250 10.468750 4.093750 17.656250 36.718750
 0.340625 0.001206 63.750000 68.125000 0.000244 18.906250 21.718750 1.843750 6.406250 10.468750
 0.690625 0.000506 43.750000 58.125000 0.000944 11.406250 14.218750 6.343750 28.906250 27.968750
 0.253125 0.001381 48.750000 65.625000 0.001469 17.031250 23.593750 7.468750 12.031250 32.343750
 0.603125 0.000681 68.750000 55.625000 0.000769 24.531250 16.093750 2.968750 34.531250 14.843750
 0.428125 0.000331 58.750000 60.625000 0.001119 20.781250 19.843750 5.218750 45.781250 23.593750
 0.778125 0.001031 78.750000 70.625000 0.000419 13.281250 12.343750 9.718750 23.281250 6.093750
 0.110938 0.001316 78.125000 68.437500 0.001316 23.828125 21.015625 9.015625 29.609375 33.984375
 0.460938 0.000616 58.125000 58.437500 0.000616 16.328125 13.515625 4.515625 7.109375 16.484375
 0.285938 0.000266 68.125000 63.437500 0.000966 12.578125 24.765625 2.265625 18.359375 25.234375
 0.635938 0.000966 48.125000 73.437500 0.000266 20.078125 17.265625 6.765625 40.859375 7.734375
 0.198438 0.000791 43.125000 60.937500 0.000791 21.953125 22.890625 5.640625 23.984375 20.859375
 0.548438 0.001491 63.125000 70.937500 0.001491 14.453125 15.390625 1.140625 46.484375 38.359375
 0.373438 0.001141 53.125000 65.937500 0.000441 10.703125 19.140625 3.390625 35.234375 12.109375
 0.723438 0.000441 73.125000 55.937500 0.001141 18.203125 11.640625 7.890625 12.734375 29.609375
 0.154688 0.000528 50.625000 74.687500 0.001578 24.765625 21.953125 5.078125 21.171875 18.671875
 0.504688 0.001228 70.625000 64.687500 0.000878 17.265625 14.453125 9.578125 43.671875 36.171875
 0.329688 0.001578 40.625000 59.687500 0.001228 13.515625 18.203125 7.328125 32.421875 9.921875
 0.679688 0.000878 60.625000 69.687500 0.000528 21.015625 10.703125 2.828125 9.921875 27.421875
 0.242188 0.001053 65.625000 57.187500 0.000703 22.890625 20.078125 1.703125 38.046875 31.796875
 0.592188 0.000353 45.625000 67.187500 0.001403 15.390625 12.578125 6.203125 15.546875 14.296875
 0.417188 0.000703 75.625000 72.187500 0.000353 11.640625 23.828125 8.453125 26.796875 23.046875
 0.767188 0.001403 55.625000 62.187500 0.001053 19.140625 16.328125 3.953125 49.296875 5.546875
 0.132813 0.000572 64.375000 66.562500 0.001184 19.609375 13.984375 7.046875 31.015625 6.640625
 0.482813 0.001272 44.375000 56.562500 0.000484 12.109375 21.484375 2.546875 8.515625 24.140625
 0.307813 0.000922 74.375000 61.562500 0.001534 15.859375 10.234375 4.796875 19.765625 15.390625
 0.657813 0.000222 54.375000 71.562500 0.000834 23.359375 17.734375 9.296875 42.265625 32.890625
 0.220313 0.001447 59.375000 64.062500 0.000309 17.734375 12.109375 8.171875 25.390625 28.515625
 0.570313 0.000747 79.375000 74.062500 0.001009 10.234375 19.609375 3.671875 47.890625 11.015625
 0.395313 0.000397 49.375000 69.062500 0.000659 13.984375 15.859375 1.421875 36.640625 37.265625
 0.745313 0.001097 69.375000 59.062500 0.001359 21.484375 23.359375 5.921875 14.140625 19.765625
 0.176563 0.001184 46.875000 70.312500 0.000922 20.546875 13.046875 3.109375 16.953125 30.703125
 0.526563 0.000484 66.875000 60.312500 0.000222 13.046875 20.546875 7.609375 39.453125 13.203125
 0.351563 0.000834 56.875000 55.312500 0.001272 16.796875 16.796875 9.859375 28.203125 39.453125
 0.701563 0.001534 76.875000 65.312500 0.000572 24.296875 24.296875 5.359375 5.703125 21.953125
 0.264063 0.000309 71.875000 57.812500 0.000397 18.671875 14.921875 4.234375 33.828125 8.828125
 0.614063 0.001009 51.875000 67.812500 0.001097 11.171875 22.421875 8.734375 11.328125 26.328125
 0.439063 0.001359 61.875000 72.812500 0.000747 14.921875 11.171875 6.484375 22.578125 17.578125
 0.789063 0.000659 41.875000 62.812500 0.001447 22.421875 18.671875 1.984375 45.078125 35.078125
 0.105469 0.001130 60.937500 62.656250 0.001567 12.929688 22.773438 4.023438 36.289063 23.867188
 0.455469 0.000430 40.937500 72.656250 0.000867 20.429688 15.273438 8.523438 13.789063 6.367188
 0.280469 0.000780 70.937500 67.656250 0.001217 24.179688 19.023438 6.273438 25.039063 32.617188
 0.630469 0.001480 50.937500 57.656250 0.000517 16.679688 11.523438 1.773438 47.539063 15.117188
 0.192969 0.000255 55.937500 65.156250 0.000692 11.054688 20.898438 2.898438 19.414063 10.742188
 0.542969 0.000955 75.937500 55.156250 0.001392 18.554688 13.398438 7.398438 41.914063 28.242188
 0.367969 0.001305 45.937500 60.156250 0.000342 22.304688 24.648438 9.648438 30.664063 19.492188
 0.717969 0.000605 65.937500 70.156250 0.001042 14.804688 17.148438 5.148438 8.164063 36.992188
 0.149219 0.000692 48.437500 58.906250 0.001305 11.992188 19.960938 7.960938 22.226563 12.929688
 0.499219 0.001392 68.437500 68.906250 0.000605 19.492188 12.460938 3.460938 44.726563 30.429688
 0.324219 0.001042 58.437500 73.906250 0.000955 23.242188 23.710938 1.210938 33.476563 21.679688
 0.674219 0.000342 78.437500 63.906250 0.000255 15.742188 16.210938 5.710938 10.976563 39.179688
 0.236719 0.001567 73.437500 71.406250 0.000780 10.117188 21.835938 6.835938 27.851563 26.054688
 0.586719 0.000867 53.437500 61.406250 0.001480 17.617188 14.335938 2.335938 5.351563 8.554688
 0.411719 0.000517 63.437500 56.406250 0.000430 21.367188 18.085938 4.585938 16.601563 34.804688
 0.761719 0.001217 43.437500 66.406250 0.001130 13.867188 10.585938 9.085938 39.101563 17.304688
 0.127344 0.000386 77.187500 62.031250 0.000911 17.148438 11.992188 2.054688 34.882813 16.210938
 0.477344 0.001086 57.187500 72.031250 0.000211 24.648438 19.492188 6.554688 12.382813 33.710938
 0.302344 0.001436 67.187500 67.031250 0.001261 20.898438 15.742188 8.804688 23.632813 7.460938
 0.652344 0.000736 47.187500 57.031250 0.000561 13.398438 23.242188 4.304688 46.132813 24.960938
 0.214844 0.000911 42.187500 69.531250 0.000386 15.273438 13.867188 5.429688 18.007813 38.085938
 0.564844 0.000211 62.187500 59.531250 0.001086 22.773438 21.367188 9.929688 40.507813 20.585938
 0.389844 0.000561 52.187500 64.531250 0.000736 19.023438 10.117188 7.679688 29.257813 29.335938
 0.739844 0.001261 72.187500 74.531250 0.001436 11.523438 17.617188 3.179688 6.757813 11.835938
 0.171094 0.001348 54.687500 55.781250 0.001173 16.210938 14.804688 5.992188 26.445313 35.898438
 0.521094 0.000648 74.687500 65.781250 0.000473 23.710938 22.304688 1.492188 48.945313 18.398438
 0.346094 0.000298 44.687500 70.781250 0.001523 19.960938 11.054688 3.742188 37.695313 27.148438
 0.696094 0.000998 64.687500 60.781250 0.000823 12.460938 18.554688 8.242188 15.195313 9.648438
 0.258594 0.000823 69.687500 73.281250 0.000298 14.335938 12.929688 9.367188 32.070313 14.023438
 0.608594 0.001523 49.687500 63.281250 0.000998 21.835938 20.429688 4.867188 9.570313 31.523438
 0.433594 0.001173 79.687500 58.281250 0.000648 18.085938 16.679688 2.617188 20.820313 5.273438
 0.783594 0.000473 59.687500 68.281250 0.001348 10.585938 24.179688 7.117188 43.320313 22.773438
 0.116406 0.000758 57.812500 71.093750 0.000495 23.007813 15.976563 7.257813 15.898438 17.851563
 0.466406 0.001458 77.812500 61.093750 0.001195 15.507813 23.476563 2.757813 38.398438 35.351563
 0.291406 0.001108 47.812500 56.093750 0.000845 11.757813 12.226563 5.007813 49.648438 9.101563
 0.641406 0.000408 67.812500 66.093750 0.001545 19.257813 19.726563 9.507813 27.148438 26.601563
 0.203906 0.001283 62.812500 58.593750 0.001020 24.882813 10.351563 8.382813 44.023438 39.726563
 0.553906 0.000583 42.812500 68.593750 0.000320 17.382813 17.851563 3.882813 21.523438 22.226563
 0.378906 0.000233 72.812500 73.593750 0.001370 13.632813 14.101563 1.632813 10.273438 30.976563
 0.728906 0.000933 52.812500 63.593750 0.000670 21.132813 21.601563 6.132813 32.773438 13.476563
 0.160156 0.001020 70.312500 67.343750 0.000233 22.070313 11.289063 2.195313 46.835938 37.539063
 0.510156 0.000320 50.312500 57.343750 0.000933 14.570313 18.789063 6.695313 24.335938 20.039063
 0.335156 0.000670 60.312500 62.343750 0.000583 10.820313 15.039063 8.945313 13.085938 28.789063
 0.685156 0.001370 40.312500 72.343750 0.001283 18.320313 22.539063 4.445313 35.585938 11.289063
 0.247656 0.000495 45.312500 64.843750 0.001108 23.945313 16.914063 3.320313 7.460938 15.664063
 0.597656 0.001195 65.312500 74.843750 0.000408 16.445313 24.414063 7.820313 29.960938 33.164063
 0.422656 0.001545 55.312500 69.843750 0.001458 12.695313 13.164063 5.570313 41.210938 6.914063
 0.772656 0.000845 75.312500 59.843750 0.000758 20.195313 20.664063 1.070313 18.710938 24.414063
 0.138281 0.001502 44.062500 74.218750 0.000627 18.789063 19.257813 9.789063 11.679688 23.320313
 0.488281 0.000802 64.062500 64.218750 0.001327 11.289063 11.757813 5.289063 34.179688 5.820313
 0.313281 0.000452 54.062500 59.218750 0.000277 15.039063 23.007813 3.039063 45.429688 32.070313
 0.663281 0.001152 74.062500 69.218750 0.000977 22.539063 15.507813 7.539063 22.929688 14.570313
 0.225781 0.000627 79.062500 56.718750 0.001502 20.664063 24.882813 6.414063 39.804688 10.195313
 0.575781 0.001327 59.062500 66.718750 0.000802 13.164063 17.382813 1.914063 17.304688 27.695313
 0.400781 0.000977 69.062500 71.718750 0.001152 16.914063 21.132813 4.164063 6.054688 18.945313
 0.750781 0.000277 49.062500 61.718750 0.000452 24.414063 13.632813 8.664063 28.554688 36.445313
 0.182031 0.000364 66.562500 67.968750 0.000889 17.851563 23.945313 4.726563 48.242188 12.382813
 0.532031 0.001064 46.562500 57.968750 0.001589 10.351563 16.445313 9.226563 25.742188 29.882813
 0.357031 0.001414 76.562500 62.968750 0.000539 14.101563 20.195313 6.976563 14.492188 21.132813
 0.707031 0.000714 56.562500 72.968750 0.001239 21.601563 12.695313 2.476563 36.992188 38.632813
 0.269531 0.001239 51.562500 60.468750 0.001414 19.726563 18.320313 1.351563 8.867188 25.507813
 0.619531 0.000539 71.562500 70.468750 0.000714 12.226563 10.820313 5.851563 31.367188 8.007813
 0.444531 0.000889 41.562500 65.468750 0.001064 15.976563 22.070313 8.101563 42.617188 34.257813
 0.794531 0.001589 61.562500 55.468750 0.000364 23.476563 14.570313 3.601563 20.117188 16.757813
 0.102734 0.001595 52.343750 66.484375 0.000971 15.214844 20.136719 2.511719 6.582031 8.417969
 0.452734 0.000895 72.343750 56.484375 0.000271 22.714844 12.636719 7.011719 29.082031 25.917969
 0.277734 0.000545 42.343750 61.484375 0.001321 18.964844 23.886719 9.261719 40.332031 17.167969
 0.627734 0.001245 62.343750 71.484375 0.000621 11.464844 16.386719 4.761719 17.832031 34.667969
 0.190234 0.000720 67.343750 63.984375 0.000446 17.089844 22.011719 3.636719 45.957031 30.292969
 0.540234 0.001420 47.343750 73.984375 0.001146 24.589844 14.511719 8.136719 23.457031 12.792969
 0.365234 0.001070 77.343750 68.984375 0.000796 20.839844 18.261719 5.886719 12.207031 39.042969
 0.715234 0.000370 57.343750 58.984375 0.001496 13.339844 10.761719 1.386719 34.707031 21.542969
 0.146484 0.000282 79.843750 70.234375 0.001234 14.277344 22.949219 7.574219 43.144531 28.105469
 0.496484 0.000982 59.843750 60.234375 0.000534 21.777344 15.449219 3.074219 20.644531 10.605469
 0.321484 0.001332 69.843750 55.234375 0.001584 18.027344 19.199219 5.324219 9.394531 36.855469
 0.671484 0.000632 49.843750 65.234375 0.000884 10.527344 11.699219 9.824219 31.894531 19.355469
 0.233984 0.001157 44.843750 57.734375 0.000359 16.152344 21.074219 8.699219 15.019531 6.230469
 0.583984 0.000457 64.843750 67.734375 0.001059 23.652344 13.574219 4.199219 37.519531 23.730469
 0.408984 0.000807 54.843750 72.734375 0.000709 19.902344 24.824219 1.949219 48.769531 14.980469
 0.758984 0.001507 74.843750 62.734375 0.001409 12.402344 17.324219 6.449219 26.269531 32.480469
 0.124609 0.000851 46.093750 68.359375 0.001540 10.996094 14.980469 4.480469 7.988281 31.386719
 0.474609 0.001551 66.093750 58.359375 0.000840 18.496094 22.480469 8.980469 30.488281 13.886719
 0.299609 0.001201 56.093750 63.359375 0.001190 22.246094 11.230469 6.730469 41.738281 22.636719
 0.649609 0.000501 76.093750 73.359375 0.000490 14.746094 18.730469 2.230469 19.238281 5.136719
 0.212109 0.001376 71.093750 60.859375 0.000665 12.871094 13.105469 1.105469 47.363281 18.261719
 0.562109 0.000676 51.093750 70.859375 0.001365 20.371094 20.605469 5.605469 24.863281 35.761719
 0.387109 0.000326 61.093750 65.859375 0.000315 24.121094 16.855469 7.855469 13.613281 9.511719
 0.737109 0.001026 41.093750 55.859375 0.001015 16.621094 24.355469 3.355469 36.113281 27.011719
 0.168359 0.000938 63.593750 74.609375 0.001277 10.058594 12.167969 9.542969 38.925781 20.449219
 0.518359 0.000238 43.593750 64.609375 0.000577 17.558594 19.667969 5.042969 16.425781 37.949219
 0.343359 0.000588 73.593750 59.609375 0.000927 21.308594 15.917969 2.792969 5.175781 11.699219
 0.693359 0.001288 53.593750 69.609375 0.000227 13.808594 23.417969 7.292969 27.675781 29.199219
 0.255859 0.000413 58.593750 57.109375 0.000752 11.933594 14.042969 6.167969 10.800781 33.574219
 0.605859 0.001113 78.593750 67.109375 0.001452 19.433594 21.542969 1.667969 33.300781 16.074219
 0.430859 0.001463 48.593750 72.109375 0.000402 23.183594 10.292969 3.917969 44.550781 24.824219
 0.780859 0.000763 68.593750 62.109375 0.001102 15.683594 17.792969 8.417969 22.050781 7.324219
 0.113672 0.000479 69.218750 59.921875 0.000555 20.605469 10.996094 8.277344 28.378906 33.027344
 0.463672 0.001179 49.218750 69.921875 0.001255 13.105469 18.496094 3.777344 5.878906 15.527344
 0.288672 0.001529 79.218750 74.921875 0.000205 16.855469 14.746094 1.527344 17.128906 24.277344
 0.638672 0.000829 59.218750 64.921875 0.000905 24.355469 22.246094 6.027344 39.628906 6.777344
 0.201172 0.001004 54.218750 72.421875 0.001430 18.730469 16.621094 7.152344 22.753906 19.902344
 0.551172 0.000304 74.218750 62.421875 0.000730 11.230469 24.121094 2.652344 45.253906 37.402344
 0.376172 0.000654 44.218750 57.421875 0.001080 14.980469 12.871094 4.902344 34.003906 11.152344
 0.726172 0.001354 64.218750 67.421875 0.000380 22.480469 20.371094 9.402344 11.503906 28.652344
 0.157422 0.001266 41.718750 63.671875 0.000818 19.667969 15.683594 4.339844 19.941406 22.089844
 0.507422 0.000566 61.718750 73.671875 0.001518 12.167969 23.183594 8.839844 42.441406 39.589844
 0.332422 0.000216 51.718750 68.671875 0.000468 15.917969 11.933594 6.589844 31.191406 13.339844
 0.682422 0.000916 71.718750 58.671875 0.001168 23.417969 19.433594 2.089844 8.691406 30.839844
 0.244922 0.000741 76.718750 66.171875 0.001343 17.792969 10.058594 3.214844 36.816406 35.214844
 0.594922 0.001441 56.718750 56.171875 0.000643 10.292969 17.558594 7.714844 14.316406 17.714844
 0.419922 0.001091 66.718750 61.171875 0.000993 14.042969 13.808594 9.964844 25.566406 26.464844
 0.769922 0.000391 46.718750 71.171875 0.000293 21.542969 21.308594 5.464844 48.066406 8.964844
 0.135547 0.001223 72.968750 55.546875 0.000512 24.824219 23.652344 5.746094 32.597656 7.871094
 0.485547 0.000523 52.968750 65.546875 0.001212 17.324219 16.152344 1.246094 10.097656 25.371094
 0.310547 0.000873 62.968750 70.546875 0.000862 13.574219 19.902344 3.496094 21.347656 16.621094
 0.660547 0.001573 42.968750 60.546875 0.001562 21.074219 12.402344 7.996094 43.847656 34.121094
 0.223047 0.000348 47.968750 73.046875 0.001037 22.949219 18.027344 9.121094 26.972656 29.746094
 0.573047 0.001048 67.968750 63.046875 0.000337 15.449219 10.527344 4.621094 49.472656 12.246094
 0.398047 0.001398 57.968750 58.046875 0.001387 11.699219 21.777344 2.371094 38.222656 38.496094
 0.748047 0.000698 77.968750 68.046875 0.000687 19.199219 14.277344 6.871094 15.722656 20.996094
 0.179297 0.000610 55.468750 61.796875 0.000249 23.886719 18.964844 1.808594 18.535156 27.558594
 0.529297 0.001310 75.468750 71.796875 0.000949 16.386719 11.464844 6.308594 41.035156 10.058594
 0.354297 0.000960 45.468750 66.796875 0.000599 12.636719 22.714844 8.558594 29.785156 36.308594
 0.704297 0.000260 65.468750 56.796875 0.001299 20.136719 15.214844 4.058594 7.285156 18.808594
 0.266797 0.001485 60.468750 69.296875 0.001124 22.011719 24.589844 5.183594 35.410156 5.683594
 0.616797 0.000785 40.468750 59.296875 0.000424 14.511719 17.089844 9.683594 12.910156 23.183594
 0.441797 0.000435 70.468750 64.296875 0.001474 10.761719 20.839844 7.433594 24.160156 14.433594
 0.791797 0.001135 50.468750 74.296875 0.000774 18.261719 13.339844 2.933594 46.660156 31.933594
 0.108203 0.000665 71.406250 73.828125 0.000851 16.269531 16.972656 5.394531 37.871094 25.097656
 0.458203 0.001365 51.406250 63.828125 0.001551 23.769531 24.472656 9.894531 15.371094 7.597656
 0.283203 0.001015 61.406250 58.828125 0.000501 20.019531 13.222656 7.644531 26.621094 33.847656
 0.633203 0.000315 41.406250 68.828125 0.001201 12.519531 20.722656 3.144531 49.121094 16.347656
 0.195703 0.001540 46.406250 56.328125 0.001376 14.394531 11.347656 2.019531 20.996094 11.972656
 0.545703 0.000840 66.406250 66.328125 0.000676 21.894531 18.847656 6.519531 43.496094 29.472656
 0.370703 0.000490 56.406250 71.328125 0.001026 18.144531 15.097656 8.769531 32.246094 20.722656
 0.720703 0.001190 76.406250 61.328125 0.000326 10.644531 22.597656 4.269531 9.746094 38.222656
