39508.99399141631
1527645084.35
11656.264170692431
1527645192.61
10025.293541456016
1527645284.97
17189.209364747985
1527645375.98
21655.023750827266
1527645471.08
1782.2479711602953
1527645582.09
17228.166380731196
1527645695.68
8005.485307621671
1527645820.37
12029.479376936697
1527645936.97
7255.9557509596925
1527646056.81
10998.343279920098
1527646152.55
15322.046510824504
1527646254.06
30861.921278779584
1527646369.71
1757.0365946754644
1527646487.39
13858.132506306163
1527646604.1
3582.066635386453
1527646719.01
7339.441098749612
1527646825.87
12365.85965984975
1527646946.4
2651.5116292266753
1527647056.5
33658.578350535165
1527647173.37
13575.14869638602
1527647299.29
11472.90962339137
1527647412.66
6093.706131129965
1527647537.64
8704.129111936036
1527647630.91
6665.830854596295
1527647767.74
18957.30311077556
1527647868.72
1514.112504391358
1527647975.41
23335.124738608625
1527648068.32
9232.01756225681
1527648179.61
6773.750327320028
1527648299.56
6034.276726300757
1527648405.4
16619.596588871056
1527648526.28
5706.4900658014985
1527648615.94
12474.668652326105
1527648709.54
10737.530042430995
1527648805.38
2179.9967430312136
1527648915.83
2847.9229968245877
1527649027.95
21128.057038062434
1527649129.35
12710.867058429512
1527649235.94
18723.17449389906
1527649352.0
6400.655543034295
1527649451.0
12632.09116810828
1527649579.88
18622.081323954626
1527649696.62
13658.59037900409
1527649803.82
2937.2272273284316
1527649905.63
26554.3982966643
1527650017.52
6620.005966452719
1527650121.61
12570.873601605543
1527650236.26
16602.96742108398
1527650332.98
8408.820629568569
1527650455.65
31223.69044438536
1527650566.91
4252.887611516213
1527650698.57
8424.228061182814
1527650812.74
20012.727837141578
1527650922.07
10859.337531244792
1527651019.9
5974.794397517669
1527651127.14
13051.232720256025
1527651224.88
3571.5367666300863
1527651345.35
13137.620247993118
1527651447.69
1998.646066509046
1527651576.0
5558.445095785888
1527651684.01
15365.973407209209
1527651776.45
22055.331643091067
1527651895.14
8669.094050365053
1527652016.78
16174.937623224027
1527652127.92
11205.32514200084
1527652248.11
6169.876322306737
1527652344.61
15711.567039934906
1527652457.93
13908.026176556243
1527652578.23
18928.42302412016
1527652696.45
1336.3940773769812
1527652807.17
13754.854853602252
1527652916.41
18567.062920901983
1527653038.87
10956.469567920582
1527653154.72
3379.3423127615765
1527653264.95
2362.5979323936676
1527653347.14
14291.213299539419
1527653431.96
22338.433419794354
1527653555.04
1906.4319400979189
1527653677.01
30045.033415039852
1527653775.95
18068.230453061566
1527653863.73
975.8558202888739
1527653962.09
14234.261431649717
1527654071.23
6562.311000676224
1527654182.14
7458.8709614133795
1527654291.01
4522.525383776127
1527654399.33
17119.93111648933
1527654508.56
25401.916888820473
1527654611.22
17072.273973863197
1527654705.64
1461.4947455336303
1527654816.89
21564.05697936794
1527654933.85
14713.267058761086
1527655053.71
9537.860437412077
1527655169.98
4958.350451016991
1527655277.93
8390.050775715423
1527655401.5
16452.78999415245
1527655517.77
4611.735250012736
1527655620.31
9316.08718498329
1527655738.52
27857.959590729548
1527655852.23
9224.99556038548
1527655955.91
15548.406129826919
1527656059.16
2031.5257488671693
1527656159.94
23709.734436535866
1527656270.92
3105.6009136140074
1527656372.18
7189.476756126775
1527656475.81
10881.7508005211
1527656586.36
16705.465469839575
1527656696.91
8968.508145453276
1527656808.54
8789.029941293225
1527656915.99
2230.208816994657
1527657033.8
30692.4495624047
1527657143.71
4145.025157224997
1527657270.33
4195.23264941983
1527657394.17
35703.10219725417
1527657498.97
1642.9396203678223
1527657601.23
9815.085269581017
1527657694.76
7412.927638057772
1527657813.96
13279.916931933785
1527657928.33
8830.078639945465
1527658038.47
5953.061145823223
1527658147.68
4974.9945728179955
1527658263.37
27032.015853007782
1527658360.37
6708.460208770912
1527658481.08
14979.784986974024
1527658580.72
10721.853113475543
1527658704.96
28325.46920663618
1527658799.32
7475.7745455490185
1527658906.63
4809.741300816133
1527659020.53
12180.652049758235
1527659123.9
5561.386517176658
1527659228.56
6915.893083179096
1527659337.87
13375.382998547635
1527659451.7
2282.592008018005
1527659543.94
13085.718485336254
1527659661.14
4682.531017774563
1527659763.95
32753.1852522184
1527659862.87
9502.211976117444
1527659971.41
6087.413149081762
1527660080.83
12256.867608449433
1527660173.65
30641.33540229735
1527660278.44
3700.2590333300723
1527660405.5
12720.529853536838
1527660517.75
3030.741812581177
1527660633.56
21598.653809679476
1527660734.0
29822.948222698986
1527660828.06
5300.370032648367
1527660936.34
18775.32109792606
1527661033.64
6878.18673658729
1527661147.62
20065.48433782828
1527661250.48
7077.01398076524
1527661379.19
2024.6311197244938
1527661483.93
5927.472244765465
1527661581.72
34112.53007779301
1527661692.95
3017.4222563591597
1527661814.88
9860.101450972812
1527661932.26
2234.219660302808
1527662039.78
19665.838389468285
1527662138.17
8728.919898919932
1527662245.08
12768.293664028619
1527662352.78
13679.520581436058
1527662471.97
12301.763991740892
1527662577.49
18421.71487546174
1527662682.16
3427.9051406909725
1527662786.73
4038.495750071059
1527662898.58
14714.140476826859
1527663008.59
8853.660625973493
1527663103.76
22369.445308802588
1527663205.39
1496.5243681589106
1527663298.59
8938.781184312787
1527663387.72
13039.485915647192
1527663495.34
13159.71358825698
1527663596.99
5378.789066811674
1527663698.45
23287.624326641166
1527663811.09
17747.206596921715
1527663912.54
20083.41563002803
1527664036.14
1293.2665153577238
1527664160.18
2109.2958504371004
1527664272.86
14555.600009701811
1527664366.51
12045.351292975094
1527664494.8
19296.341559701516
1527664581.73
6253.462717521321
1527664699.09
15516.93172356196
1527664783.28
15379.256928606848
1527664880.55
9694.691896517148
1527664990.5
1102.274754121188
1527665102.89
22469.36409931273
1527665204.05
6938.704618559222
1527665291.4
13868.536464827304
1527665389.84
5756.681423692198
1527665489.95
5610.341194705614
1527665580.39
21330.969678417783
1527665708.13
12296.574500892706
1527665804.25
9518.325260898215
1527665914.95
6785.735599658539
1527666021.54
8001.201304846168
1527666121.48
15398.711098106329
1527666230.56
30851.817310586746
1527666329.59
3498.2980937294165
1527666440.7
12506.959716694793
1527666552.03
6876.571309193772
1527666659.15
19015.497479874928
1527666762.85
7647.698615787256
1527666857.35
3467.638653986475
1527666952.93
10639.932187900216
1527667077.66
19249.95824141129
1527667189.41
3831.071525524414
1527667308.86
17135.97796013843
1527667398.66
9284.168304028726
1527667520.91
7533.489217051919
1527667636.68
17727.277348464282
1527667748.44
2619.0406971402836
1527667872.07
20470.659866265767
1527667973.36
14073.23681454799
1527668085.98
4949.685396020228
1527668189.71
8444.489633150768
1527668292.36
22155.152900088462
1527668381.6
5390.445896574878
1527668481.91
9823.65124276815
1527668582.13
3664.612377849029
1527668681.26
24088.37381812693
1527668781.02
19072.839530000332
1527668908.98
9188.88944964705
1527669046.03
6972.806290883495
1527669186.85
11837.574989480032
1527669299.11
8776.242474645398
1527669426.48
16550.49806761702
1527669559.41
20874.139459689075
1527669694.63
17146.28647745881
1527669807.57
1519.1615647245208
1527669942.16
26558.852694254456
1527670068.75
4990.946829697188
1527670179.7
12693.817173206678
1527670287.09
4264.315450549
1527670401.47
11615.272747129004
1527670504.9
10365.936197665387
1527670605.23
4248.726655396003
1527670718.0
2051.3726584793426
1527670815.74
19384.939807773135
1527670906.86
6976.6455969394765
1527671007.24
18993.471393845808
1527671123.02
14965.389932628386
1527671241.94
7003.576075236662
1527671385.58
17580.790953621927
1527671502.33
948.0570501635816
1527671621.97
9067.784610141358
1527671728.39
9623.982219267004
1527671840.14
18165.13216972762
1527671933.32
7832.630071114703
1527672040.95
17357.32418885273
1527672136.6
6773.997658756026
1527672245.44
34856.54922019974
1527672341.69
3092.123417119633
1527672452.17
11542.424256249546
1527672541.45
13026.252426562707
1527672669.84
5060.875982483826
1527672796.2
4097.798521208834
1527672949.3
9062.574587860734
1527673061.67
14312.373718037947
1527673160.34
11205.270096812807
1527673285.72
5624.446827845341
1527673400.9
21383.220056426966
1527673537.16
19490.58865405998
1527673650.28
16003.411726741417
1527673769.61
1896.8856536256915
1527673900.36
13154.068063513412
1527674011.75
21584.67291770931
1527674118.66
5013.856097981542
1527674242.3
3454.5499053705566
1527674376.85
18380.776560454142
1527674497.98
10640.142649161418
1527674610.1
24800.56743798579
1527674748.98
1042.025086431492
1527674884.16
1155.924590738149
1527675021.02
21039.11887075279
1527675153.47
9654.536760239438
1527675270.31
16257.467842748238
1527675388.46
4312.329464447146
1527675479.83
3954.8089341044474
1527677862.76
26454.953608099644
1527678029.44
17141.995883274314
1527678140.37
1258.5797464166292
1527678252.57
13708.084360149118
1527678351.71
11030.491947008226
1527678436.82
20220.14892329243
1527678540.66
4988.385140960028
1527678662.94
12482.351279901093
1527678781.36
16838.617684577028
1527678874.78
8180.561169457058
1527678984.84
7723.38196789989
1527679094.26
2971.6583857236856
1527679206.51
10135.264849916934
1527679316.09
25797.227576593476
1527679420.09
5411.892810332196
1527679527.93
17236.16878509617
1527679642.2
4787.43807198376
1527679745.81
28406.302780059494
1527679871.07
13006.823381369306
1527679983.16
9221.323767796137
1527680080.84
8565.55588787274
1527680169.15
18465.05491306352
1527680282.75
654.4186528985958
1527680367.59
7184.796004249088
1527680477.29
2452.448056538649
1527680576.93
27106.715869343123
1527680677.56
36489.366890030884
1527680784.03
5536.824794749752
1527680913.58
10889.241145865923
1527681014.63
3865.237425241573
1527681113.5
12502.709293483118
1527681215.25
7261.083082244435
1527681324.54
3864.302599144753
1527681429.54
7357.811507648634
1527681536.0
25742.764187668647
1527681633.68
4373.59869053676
1527681724.89
14197.124167627142
1527681832.69
3710.5742167561148
1527681948.42
28378.773794850513
1527682051.95
10831.773205909882
1527682160.44
6437.774636908498
1527682297.68
7735.791265888156
1527682398.14
9281.126724742613
1527682506.08
24523.092416833402
1527682608.03
12321.672947266154
1527682700.6
10204.55886312562
1527682783.5
1235.0155484917216
1527682897.7
18672.53628898904
1527683010.46
4758.107876668598
1527683106.82
16118.24605543766
1527683206.49
7553.425923901885
1527683317.44
11007.17583676359
1527683429.47
15474.958786466952
1527683523.17
10682.70822517038
1527683627.23
2612.188596173007
1527683725.57
34150.53249249073
1527683826.64
5999.646682253255
1527683929.18
14474.949933338867
1527684040.06
11490.138568377784
1527684149.63
4294.450554652955
1527684251.99
29011.894884903122
1527684349.1
1838.7557095202706
1527684450.6
13244.014260044247
1527684569.94
15083.837460220902
1527684683.98
10935.402540493727
1527684780.74
6668.984445444966
1527684890.42
19921.52780991375
1527685012.27
11652.539220027993
1527685112.51
27531.36744747108
1527685229.51
2436.364407921512
1527685335.18
5123.779613206748
1527685456.4
8471.922940953496
1527685548.09
11909.59019124696
1527685674.82
5371.807954052893
1527685798.6
14551.110982875147
1527685896.49
5888.106958554686
1527686011.04
3321.9708873788686
1527686103.42
11423.30677034041
1527686220.19
18333.79583005827
1527686329.89
2680.331397694851
1527686458.41
17329.939602090395
1527686572.64
7585.4264875198
1527686685.88
10601.102953991009
1527686785.95
6104.864609712622
1527686904.03
11414.188553191578
1527687040.59
17795.671755008265
1527687174.55
29951.70980210858
1527687290.96
3581.962069638732
1527687398.5
13794.58193078857
1527687514.86
9552.94087113
1527687624.05
4566.629500987501
1527687722.84
14407.76772048453
1527687833.84
3516.327841879906
1527687940.08
26889.957983980035
1527688058.69
20462.926169793194
1527688159.26
11008.294325614146
1527688280.19
6290.046906935979
1527688395.16
12100.429724657311
1527688532.65
9424.331988170243
1527688640.16
15890.177641434415
1527688759.72
2599.5902911510284
1527688868.71
17368.242502007033
1527688989.34
13990.110181216192
1527689109.28
3744.956278834712
1527689221.7
7943.548612523057
1527689333.78
20702.251207653404
1527689440.56
4945.298646147734
1527689544.18
6996.5369357802465
1527689628.94
12763.542343397638
1527689718.19
5304.42702759157
1527689817.93
4858.721838202368
1527689926.11
30792.810467359952
1527690035.43
7860.24297361186
1527690148.63
14407.604363848219
1527690248.98
9474.075505276787
1527690366.79
22579.4029260697
1527690489.82
12257.236947753063
1527690592.66
6457.777699721327
1527690711.51
2022.135211548718
1527690808.51
18403.651350427877
1527690924.21
7836.545911968482
1527691015.19
15464.54241382432
1527691119.7
