 0.200000 0.000400 50.000000 60.000000 0.000400 13.750000 13.750000 2.500000 13.750000 11.250000
 0.295000 0.000495 54.500000 62.450000 0.000600 15.625000 15.625000 3.750000 18.125000 14.375000
 0.247500 0.000543 52.250000 63.675000 0.000500 16.562500 14.687500 4.375000 20.312500 12.812500
 0.342500 0.000448 56.750000 61.225000 0.000700 14.687500 16.562500 3.125000 15.937500 15.937500
 0.223750 0.000519 57.875000 64.287500 0.000650 14.218750 15.156250 3.437500 21.406250 15.156250
 0.318750 0.000424 53.375000 61.837500 0.000450 16.093750 17.031250 4.687500 17.031250 12.031250
 0.271250 0.000471 55.625000 60.612500 0.000750 17.031250 14.218750 4.062500 14.843750 16.718750
 0.366250 0.000566 51.125000 63.062500 0.000550 15.156250 16.093750 2.812500 19.218750 13.593750
 0.211875 0.000578 56.187500 61.531250 0.000475 13.984375 15.390625 3.906250 20.859375 15.546875
 0.306875 0.000483 51.687500 63.981250 0.000675 15.859375 17.265625 2.656250 16.484375 12.421875
 0.259375 0.000436 58.437500 62.756250 0.000575 16.796875 14.453125 3.281250 14.296875 17.109375
 0.354375 0.000531 53.937500 60.306250 0.000775 14.921875 16.328125 4.531250 18.671875 13.984375
 0.235625 0.000459 52.812500 63.368750 0.000625 14.453125 13.984375 4.843750 15.390625 11.640625
 0.330625 0.000554 57.312500 60.918750 0.000425 16.328125 15.859375 3.593750 19.765625 14.765625
 0.283125 0.000507 50.562500 62.143750 0.000725 17.265625 14.921875 2.968750 21.953125 13.203125
 0.378125 0.000412 55.062500 64.593750 0.000525 15.390625 16.796875 4.218750 17.578125 16.328125
 0.205938 0.000501 53.656250 61.071875 0.000588 14.804688 17.382813 3.203125 14.570313 16.523438
 0.300938 0.000406 58.156250 63.521875 0.000788 16.679688 15.507813 4.453125 18.945313 13.398438
 0.253438 0.000453 51.406250 64.746875 0.000488 15.742188 16.445313 3.828125 21.132813 14.960938
 0.348438 0.000548 55.906250 62.296875 0.000688 13.867188 14.570313 2.578125 16.757813 11.835938
 0.229688 0.000430 54.781250 64.134375 0.000737 15.273438 15.976563 2.890625 22.226563 14.179688
 0.324688 0.000525 50.281250 61.684375 0.000538 17.148438 14.101563 4.140625 17.851563 17.304688
 0.277188 0.000572 57.031250 60.459375 0.000638 16.210938 16.914063 4.765625 15.664063 12.617188
 0.372188 0.000477 52.531250 62.909375 0.000438 14.335938 15.039063 3.515625 20.039063 15.742188
 0.217813 0.000489 57.593750 61.990625 0.000513 15.039063 15.742188 4.609375 20.585938 13.789063
 0.312812 0.000584 53.093750 64.440625 0.000713 16.914063 13.867188 3.359375 16.210938 16.914063
 0.265313 0.000537 55.343750 63.215625 0.000413 15.976563 16.679688 2.734375 14.023438 12.226563
 0.360313 0.000442 50.843750 60.765625 0.000612 14.101563 14.804688 3.984375 18.398438 15.351563
 0.241563 0.000560 51.968750 62.603125 0.000763 15.507813 17.148438 4.296875 15.117188 16.132813
 0.336562 0.000465 56.468750 60.153125 0.000563 17.382813 15.273438 3.046875 19.492188 13.007813
 0.289063 0.000418 54.218750 61.378125 0.000663 16.445313 16.210938 3.671875 21.679688 14.570313
 0.384063 0.000513 58.718750 63.828125 0.000463 14.570313 14.335938 4.921875 17.304688 11.445313
 0.202969 0.000551 58.578125 63.292188 0.000719 17.207031 16.503906 4.726563 18.535156 16.425781
 0.297969 0.000456 54.078125 60.842188 0.000519 15.332031 14.628906 3.476563 14.160156 13.300781
 0.250469 0.000409 56.328125 62.067188 0.000619 14.394531 17.441406 2.851563 16.347656 14.863281
 0.345469 0.000504 51.828125 64.517188 0.000419 16.269531 15.566406 4.101563 20.722656 11.738281
 0.226719 0.000480 50.703125 61.454687 0.000569 16.738281 16.972656 3.789063 17.441406 14.082031
 0.321719 0.000575 55.203125 63.904688 0.000769 14.863281 15.097656 2.539063 21.816406 17.207031
 0.274219 0.000528 52.953125 62.679688 0.000469 13.925781 16.035156 3.164063 19.628906 12.519531
 0.369219 0.000433 57.453125 60.229687 0.000669 15.800781 14.160156 4.414063 15.253906 15.644531
 0.214844 0.000445 52.390625 64.823438 0.000794 17.441406 16.738281 3.632813 16.894531 13.691406
 0.309844 0.000540 56.890625 62.373438 0.000594 15.566406 14.863281 4.882813 21.269531 16.816406
 0.262344 0.000587 50.140625 61.148438 0.000694 14.628906 15.800781 4.257813 19.082031 12.128906
 0.357344 0.000492 54.640625 63.598438 0.000494 16.503906 13.925781 3.007813 14.707031 15.253906
 0.238594 0.000516 55.765625 60.535938 0.000544 16.972656 16.269531 2.695313 20.175781 16.035156
 0.333594 0.000421 51.265625 62.985938 0.000744 15.097656 14.394531 3.945313 15.800781 12.910156
 0.286094 0.000468 58.015625 64.210938 0.000444 14.160156 17.207031 4.570313 17.988281 14.472656
 0.381094 0.000563 53.515625 61.760938 0.000644 16.035156 15.332031 3.320313 22.363281 11.347656
 0.208906 0.000450 55.484375 62.832813 0.000681 16.152344 14.746094 4.179688 18.808594 11.542969
 0.303906 0.000545 50.984375 60.382813 0.000481 14.277344 16.621094 2.929688 14.433594 14.667969
 0.256406 0.000498 57.734375 61.607813 0.000781 15.214844 13.808594 3.554688 16.621094 13.105469
 0.351406 0.000403 53.234375 64.057813 0.000581 17.089844 15.683594 4.804688 20.996094 16.230469
 0.232656 0.000569 54.359375 62.220313 0.000431 15.683594 14.277344 4.492188 17.714844 15.449219
 0.327656 0.000474 58.859375 64.670313 0.000631 13.808594 16.152344 3.242188 22.089844 12.324219
 0.280156 0.000427 52.109375 63.445313 0.000531 14.746094 15.214844 2.617188 19.902344 17.011719
 0.375156 0.000522 56.609375 60.995313 0.000731 16.621094 17.089844 3.867188 15.527344 13.886719
 0.220781 0.000534 51.546875 63.751563 0.000606 16.386719 14.511719 3.085938 16.074219 15.839844
 0.315781 0.000439 56.046875 61.301563 0.000406 14.511719 16.386719 4.335938 20.449219 12.714844
 0.268281 0.000486 53.796875 60.076563 0.000706 15.449219 15.449219 4.960938 18.261719 17.402344
 0.363281 0.000581 58.296875 62.526563 0.000506 17.324219 17.324219 3.710938 13.886719 14.277344
 0.244531 0.000415 57.171875 60.689062 0.000456 15.917969 14.980469 3.398438 19.355469 11.933594
 0.339531 0.000510 52.671875 63.139063 0.000656 14.042969 16.855469 4.648438 14.980469 15.058594
 0.292031 0.000557 54.921875 64.364063 0.000556 14.980469 14.042969 4.023438 17.167969 13.496094
 0.387031 0.000462 50.421875 61.914063 0.000756 16.855469 15.917969 2.773438 21.542969 16.621094
 0.201484 0.000526 54.710938 61.875781 0.000791 14.482422 16.943359 3.339844 19.833984 14.619141
 0.296484 0.000431 50.210938 64.325781 0.000591 16.357422 15.068359 4.589844 15.458984 11.494141
 0.248984 0.000479 56.960938 63.100781 0.000691 17.294922 16.005859 3.964844 17.646484 16.181641
 0.343984 0.000574 52.460938 60.650781 0.000491 15.419922 14.130859 2.714844 22.021484 13.056641
 0.225234 0.000407 53.585938 62.488281 0.000541 14.013672 16.474609 3.027344 16.552734 12.275391
 0.320234 0.000502 58.085938 60.038281 0.000741 15.888672 14.599609 4.277344 20.927734 15.400391
 0.272734 0.000550 51.335938 61.263281 0.000441 16.826172 17.412109 4.902344 18.740234 13.837891
 0.367734 0.000455 55.835938 63.713281 0.000641 14.951172 15.537109 3.652344 14.365234 16.962891
 0.213359 0.000467 51.898438 60.957031 0.000716 14.248047 16.240234 4.433594 17.099609 12.666016
 0.308359 0.000562 56.398438 63.407031 0.000516 16.123047 14.365234 3.183594 21.474609 15.791016
 0.260859 0.000514 54.148438 64.632031 0.000616 17.060547 17.177734 2.558594 19.287109 14.228516
 0.355859 0.000419 58.648438 62.182031 0.000416 15.185547 15.302734 3.808594 14.912109 17.353516
 0.237109 0.000586 57.523438 64.019531 0.000566 13.779297 16.708984 4.121094 18.193359 15.009766
 0.332109 0.000491 53.023438 61.569531 0.000766 15.654297 14.833984 2.871094 13.818359 11.884766
 0.284609 0.000443 55.273438 60.344531 0.000466 16.591797 15.771484 3.496094 16.005859 16.572266
 0.379609 0.000538 50.773438 62.794531 0.000666 14.716797 13.896484 4.746094 20.380859 13.447266
 0.207422 0.000425 58.367188 61.722656 0.000603 15.537109 14.248047 2.792969 19.560547 13.251953
 0.302422 0.000520 53.867188 64.172656 0.000403 17.412109 16.123047 4.042969 15.185547 16.376953
 0.254922 0.000568 56.117188 62.947656 0.000703 16.474609 15.185547 4.667969 17.373047 11.689453
 0.349922 0.000473 51.617188 60.497656 0.000503 14.599609 17.060547 3.417969 21.748047 14.814453
 0.231172 0.000496 50.492188 63.560156 0.000453 15.068359 14.716797 3.730469 16.279297 17.158203
 0.326172 0.000401 54.992188 61.110156 0.000653 16.943359 16.591797 4.980469 20.654297 14.033203
 0.278672 0.000449 52.742188 62.335156 0.000553 16.005859 13.779297 4.355469 18.466797 15.595703
 0.373672 0.000544 57.242188 64.785156 0.000753 14.130859 15.654297 3.105469 14.091797 12.470703
 0.219297 0.000556 53.304688 60.191406 0.000678 15.302734 14.951172 3.886719 17.919922 16.767578
 0.314297 0.000461 57.804688 62.641406 0.000478 17.177734 16.826172 2.636719 22.294922 13.642578
 0.266797 0.000413 51.054688 63.866406 0.000778 16.240234 14.013672 3.261719 20.107422 15.205078
 0.361797 0.000508 55.554688 61.416406 0.000578 14.365234 15.888672 4.511719 15.732422 12.080078
 0.243047 0.000485 56.679688 64.478906 0.000428 14.833984 14.482422 4.824219 19.013672 12.861328
 0.338047 0.000580 52.179688 62.028906 0.000628 16.708984 16.357422 3.574219 14.638672 15.986328
 0.290547 0.000532 58.929688 60.803906 0.000528 15.771484 15.419922 2.949219 16.826172 11.298828
 0.385547 0.000437 54.429688 63.253906 0.000728 13.896484 17.294922 4.199219 21.201172 14.423828
 0.204453 0.000476 54.007813 63.942969 0.000484 17.001953 15.244141 4.238281 15.869141 13.544922
 0.299453 0.000571 58.507813 61.492969 0.000684 15.126953 17.119141 2.988281 20.244141 16.669922
 0.251953 0.000523 51.757813 60.267969 0.000584 14.189453 14.306641 3.613281 22.431641 11.982422
 0.346953 0.000428 56.257813 62.717969 0.000784 16.064453 16.181641 4.863281 18.056641 15.107422
 0.228203 0.000547 55.132813 60.880469 0.000634 17.470703 13.837891 4.550781 21.337891 17.451172
 0.323203 0.000452 50.632813 63.330469 0.000434 15.595703 15.712891 3.300781 16.962891 14.326172
 0.275703 0.000404 57.382813 64.555469 0.000734 14.658203 14.775391 2.675781 14.775391 15.888672
 0.370703 0.000499 52.882813 62.105469 0.000534 16.533203 16.650391 3.925781 19.150391 12.763672
 0.216328 0.000511 56.820313 63.024219 0.000409 16.767578 14.072266 2.832031 21.884766 17.060547
 0.311328 0.000416 52.320313 60.574219 0.000609 14.892578 15.947266 4.082031 17.509766 13.935547
 0.263828 0.000464 54.570313 61.799219 0.000509 13.955078 15.009766 4.707031 15.322266 15.498047
 0.358828 0.000559 50.070313 64.249219 0.000709 15.830078 16.884766 3.457031 19.697266 12.373047
 0.240078 0.000440 51.195313 62.411719 0.000659 17.236328 15.478516 3.144531 14.228516 13.154297
 0.335078 0.000535 55.695313 64.861719 0.000459 15.361328 17.353516 4.394531 18.603516 16.279297
 0.287578 0.000583 53.445313 63.636719 0.000759 14.423828 14.541016 3.769531 20.791016 11.591797
 0.382578 0.000488 57.945313 61.186719 0.000559 16.298828 16.416016 2.519531 16.416016 14.716797
 0.210391 0.000577 50.914063 64.708594 0.000522 15.947266 16.064453 4.941406 15.048828 14.521484
 0.305391 0.000482 55.414063 62.258594 0.000722 14.072266 14.189453 3.691406 19.423828 11.396484
 0.257891 0.000434 53.164063 61.033594 0.000422 15.009766 17.001953 3.066406 21.611328 16.083984
 0.352891 0.000529 57.664063 63.483594 0.000622 16.884766 15.126953 4.316406 17.236328 12.958984
 0.234141 0.000458 58.789063 60.421094 0.000772 16.416016 17.470703 4.003906 20.517578 12.177734
 0.329141 0.000553 54.289063 62.871094 0.000572 14.541016 15.595703 2.753906 16.142578 15.302734
 0.281641 0.000505 56.539063 64.096094 0.000672 15.478516 16.533203 3.378906 13.955078 13.740234
 0.376641 0.000410 52.039063 61.646094 0.000472 17.353516 14.658203 4.628906 18.330078 16.865234
 0.222266 0.000422 55.976563 63.177344 0.000597 15.712891 17.236328 3.535156 22.158203 12.568359
 0.317266 0.000517 51.476563 60.727344 0.000797 13.837891 15.361328 4.785156 17.783203 15.693359
 0.269766 0.000565 58.226563 61.952344 0.000497 14.775391 16.298828 4.160156 15.595703 14.130859
 0.364766 0.000470 53.726563 64.402344 0.000697 16.650391 14.423828 2.910156 19.970703 17.255859
 0.246016 0.000541 52.601563 61.339844 0.000747 16.181641 15.830078 2.597656 14.501953 14.912109
 0.341016 0.000446 57.101563 63.789844 0.000547 14.306641 13.955078 3.847656 18.876953 11.787109
 0.293516 0.000494 50.351563 62.564844 0.000647 15.244141 16.767578 4.472656 21.064453 16.474609
 0.388516 0.000589 54.851563 60.114844 0.000447 17.119141 14.892578 3.222656 16.689453 13.349609
 0.200742 0.000589 52.777344 62.813672 0.000620 15.053711 16.284180 2.919922 14.057617 11.860352
 0.295742 0.000494 57.277344 60.363672 0.000420 16.928711 14.409180 4.169922 18.432617 14.985352
 0.248242 0.000447 50.527344 61.588672 0.000720 15.991211 17.221680 4.794922 20.620117 13.422852
 0.343242 0.000542 55.027344 64.038672 0.000520 14.116211 15.346680 3.544922 16.245117 16.547852
 0.224492 0.000471 56.152344 62.201172 0.000470 15.522461 16.752930 3.232422 21.713867 15.766602
 0.319492 0.000566 51.652344 64.651172 0.000670 17.397461 14.877930 4.482422 17.338867 12.641602
 0.271992 0.000518 58.402344 63.426172 0.000570 16.459961 15.815430 3.857422 15.151367 17.329102
 0.366992 0.000423 53.902344 60.976172 0.000770 14.584961 13.940430 2.607422 19.526367 14.204102
 0.212617 0.000411 58.964844 63.732422 0.000695 14.819336 16.987305 4.326172 21.166992 15.375977
 0.307617 0.000506 54.464844 61.282422 0.000495 16.694336 15.112305 3.076172 16.791992 12.250977
 0.260117 0.000554 56.714844 60.057422 0.000795 15.756836 16.049805 3.701172 14.604492 16.938477
 0.355117 0.000459 52.214844 62.507422 0.000595 13.881836 14.174805 4.951172 18.979492 13.813477
 0.236367 0.000530 51.089844 60.669922 0.000445 15.288086 16.518555 4.638672 15.698242 11.469727
 0.331367 0.000435 55.589844 63.119922 0.000645 17.163086 14.643555 3.388672 20.073242 14.594727
 0.283867 0.000482 53.339844 64.344922 0.000545 16.225586 17.456055 2.763672 22.260742 13.032227
 0.378867 0.000577 57.839844 61.894922 0.000745 14.350586 15.581055 4.013672 17.885742 16.157227
 0.206680 0.000488 51.371094 63.273047 0.000783 13.999023 14.995117 3.466797 14.331055 15.961914
 0.301680 0.000583 55.871094 60.823047 0.000583 15.874023 16.870117 4.716797 18.706055 12.836914
 0.254180 0.000536 53.621094 62.048047 0.000683 16.811523 14.057617 4.091797 20.893555 14.399414
 0.349180 0.000441 58.121094 64.498047 0.000483 14.936523 15.932617 2.841797 16.518555 11.274414
 0.230430 0.000560 56.996094 61.435547 0.000533 14.467773 14.526367 2.529297 21.987305 13.618164
 0.325430 0.000465 52.496094 63.885547 0.000733 16.342773 16.401367 3.779297 17.612305 16.743164
 0.277930 0.000417 54.746094 62.660547 0.000433 17.280273 15.463867 4.404297 15.424805 12.055664
 0.372930 0.000512 50.246094 60.210547 0.000633 15.405273 17.338867 3.154297 19.799805 15.180664
 0.218555 0.000500 55.308594 64.804297 0.000708 13.764648 14.291992 4.873047 20.346680 14.008789
 0.313555 0.000405 50.808594 62.354297 0.000508 15.639648 16.166992 3.623047 15.971680 17.133789
 0.266055 0.000453 57.558594 61.129297 0.000608 16.577148 15.229492 2.998047 13.784180 12.446289
 0.361055 0.000548 53.058594 63.579297 0.000408 14.702148 17.104492 4.248047 18.159180 15.571289
 0.242305 0.000429 54.183594 60.516797 0.000558 14.233398 14.760742 3.935547 14.877930 16.352539
 0.337305 0.000524 58.683594 62.966797 0.000758 16.108398 16.635742 2.685547 19.252930 13.227539
 0.289805 0.000571 51.933594 64.191797 0.000458 17.045898 13.823242 3.310547 21.440430 14.790039
 0.384805 0.000476 56.433594 61.741797 0.000658 15.170898 15.698242 4.560547 17.065430 11.665039
 0.203711 0.000438 56.574219 61.205859 0.000502 16.401367 13.999023 4.521484 18.295898 16.254883
 0.298711 0.000533 52.074219 63.655859 0.000702 14.526367 15.874023 3.271484 13.920898 13.129883
 0.251211 0.000580 58.824219 64.880859 0.000402 15.463867 14.936523 2.646484 16.108398 14.692383
 0.346211 0.000485 54.324219 62.430859 0.000602 17.338867 16.811523 3.896484 20.483398 11.567383
 0.227461 0.000509 53.199219 64.268359 0.000752 15.932617 15.405273 4.208984 17.202148 13.911133
 0.322461 0.000414 57.699219 61.818359 0.000552 14.057617 17.280273 2.958984 21.577148 17.036133
 0.274961 0.000462 50.949219 60.593359 0.000652 14.995117 14.467773 3.583984 19.389648 12.348633
 0.369961 0.000557 55.449219 63.043359 0.000452 16.870117 16.342773 4.833984 15.014648 15.473633
 0.215586 0.000545 50.386719 62.124609 0.000577 16.166992 15.170898 3.427734 16.655273 14.301758
 0.310586 0.000450 54.886719 64.574609 0.000777 14.291992 17.045898 4.677734 21.030273 17.426758
 0.263086 0.000402 52.636719 63.349609 0.000477 15.229492 14.233398 4.052734 18.842773 12.739258
 0.358086 0.000497 57.136719 60.899609 0.000677 17.104492 16.108398 2.802734 14.467773 15.864258
 0.239336 0.000473 58.261719 62.737109 0.000727 15.698242 13.764648 3.115234 19.936523 16.645508
 0.334336 0.000568 53.761719 60.287109 0.000527 13.823242 15.639648 4.365234 15.561523 13.520508
 0.286836 0.000521 56.011719 61.512109 0.000627 14.760742 14.702148 4.990234 17.749023 15.083008
 0.381836 0.000426 51.511719 63.962109 0.000427 16.635742 16.577148 3.740234 22.124023 11.958008
 0.209648 0.000539 57.417969 60.133984 0.000489 17.456055 17.163086 3.818359 19.116211 11.762695
 0.304648 0.000444 52.917969 62.583984 0.000689 15.581055 15.288086 2.568359 14.741211 14.887695
 0.257148 0.000491 55.167969 63.808984 0.000589 14.643555 16.225586 3.193359 16.928711 13.325195
 0.352148 0.000586 50.667969 61.358984 0.000789 16.518555 14.350586 4.443359 21.303711 16.450195
 0.233398 0.000420 51.792969 64.421484 0.000639 16.987305 15.756836 4.755859 18.022461 15.668945
 0.328398 0.000515 56.292969 61.971484 0.000439 15.112305 13.881836 3.505859 22.397461 12.543945
 0.280898 0.000563 54.042969 60.746484 0.000739 14.174805 16.694336 2.880859 20.209961 17.231445
 0.375898 0.000468 58.542969 63.196484 0.000539 16.049805 14.819336 4.130859 15.834961 14.106445
 0.221523 0.000456 53.480469 61.665234 0.000414 17.221680 15.991211 2.724609 16.381836 15.278320
 0.316523 0.000551 57.980469 64.115234 0.000614 15.346680 14.116211 3.974609 20.756836 12.153320
 0.269023 0.000503 51.230469 62.890234 0.000514 14.409180 16.928711 4.599609 18.569336 16.840820
 0.364023 0.000408 55.730469 60.440234 0.000714 16.284180 15.053711 3.349609 14.194336 13.715820
 0.245273 0.000574 54.605469 63.502734 0.000664 16.752930 17.397461 3.662109 19.663086 11.372070
 0.340273 0.000479 50.105469 61.052734 0.000464 14.877930 15.522461 4.912109 15.288086 14.497070
 0.292773 0.000432 56.855469 62.277734 0.000764 13.940430 16.459961 4.287109 17.475586 12.934570
 0.387773 0.000527 52.355469 64.727734 0.000564 15.815430 14.584961 3.037109 21.850586 16.059570
 0.202227 0.000463 57.066406 64.612891 0.000586 15.317383 15.493164 3.720703 20.141602 14.838867
 0.297227 0.000558 52.566406 62.162891 0.000786 17.192383 17.368164 4.970703 15.766602 11.713867
 0.249727 0.000511 54.816406 60.937891 0.000486 16.254883 14.555664 4.345703 17.954102 16.401367
 0.344727 0.000416 50.316406 63.387891 0.000686 14.379883 16.430664 3.095703 22.329102 13.276367
 0.225977 0.000582 51.441406 60.325391 0.000736 14.848633 14.086914 2.783203 16.860352 12.495117
 0.320977 0.000487 55.941406 62.775391 0.000536 16.723633 15.961914 4.033203 21.235352 15.620117
 0.273477 0.000439 53.691406 64.000391 0.000636 15.786133 15.024414 4.658203 19.047852 14.057617
 0.368477 0.000534 58.191406 61.550391 0.000436 13.911133 16.899414 3.408203 14.672852 17.182617
 0.214102 0.000522 54.253906 63.081641 0.000511 15.551758 13.852539 4.814453 17.407227 12.104492
 0.309102 0.000427 58.753906 60.631641 0.000711 17.426758 15.727539 3.564453 21.782227 15.229492
 0.261602 0.000475 52.003906 61.856641 0.000411 16.489258 14.790039 2.939453 19.594727 13.666992
 0.356602 0.000570 56.503906 64.306641 0.000611 14.614258 16.665039 4.189453 15.219727 16.791992
 0.237852 0.000404 55.378906 61.244141 0.000761 15.083008 15.258789 3.876953 18.500977 14.448242
 0.332852 0.000499 50.878906 63.694141 0.000561 16.958008 17.133789 2.626953 14.125977 11.323242
 0.285352 0.000546 57.628906 62.469141 0.000661 16.020508 14.321289 3.251953 16.313477 16.010742
 0.380352 0.000451 53.128906 60.019141 0.000461 14.145508 16.196289 4.501953 20.688477 12.885742
 0.208164 0.000564 55.660156 63.847266 0.000423 14.262695 15.844727 3.017578 19.321289 13.081055
 0.303164 0.000469 51.160156 61.397266 0.000623 16.137695 13.969727 4.267578 14.946289 16.206055
 0.255664 0.000422 57.910156 60.172266 0.000523 17.075195 16.782227 4.892578 17.133789 11.518555
 0.350664 0.000517 53.410156 62.622266 0.000723 15.200195 14.907227 3.642578 21.508789 14.643555
 0.231914 0.000493 52.285156 60.784766 0.000673 13.793945 17.250977 3.330078 16.040039 16.987305
 0.326914 0.000588 56.785156 63.234766 0.000473 15.668945 15.375977 4.580078 20.415039 13.862305
 0.279414 0.000540 50.035156 64.459766 0.000773 16.606445 16.313477 3.955078 18.227539 15.424805
 0.374414 0.000445 54.535156 62.009766 0.000573 14.731445 14.438477 2.705078 13.852539 12.299805
 0.220039 0.000433 50.597656 62.928516 0.000498 14.497070 17.485352 4.111328 17.680664 17.377930
 0.315039 0.000528 55.097656 60.478516 0.000698 16.372070 15.610352 2.861328 22.055664 14.252930
 0.267539 0.000576 52.847656 61.703516 0.000598 17.309570 16.547852 3.486328 19.868164 15.815430
 0.362539 0.000481 57.347656 64.153516 0.000798 15.434570 14.672852 4.736328 15.493164 12.690430
 0.243789 0.000505 58.472656 62.316016 0.000648 14.028320 16.079102 4.423828 18.774414 13.471680
 0.338789 0.000410 53.972656 64.766016 0.000448 15.903320 14.204102 3.173828 14.399414 16.596680
 0.291289 0.000457 56.222656 63.541016 0.000748 16.840820 17.016602 2.548828 16.586914 11.909180
 0.386289 0.000552 51.722656 61.091016 0.000548 14.965820 15.141602 3.798828 20.961914 15.034180
 0.205195 0.000514 52.144531 61.780078 0.000692 15.727539 16.723633 3.994141 15.629883 12.983398
 0.300195 0.000419 56.644531 64.230078 0.000492 13.852539 14.848633 2.744141 20.004883 16.108398
 0.252695 0.000466 54.394531 63.005078 0.000792 14.790039 15.786133 3.369141 22.192383 11.420898
 0.347695 0.000561 58.894531 60.555078 0.000592 16.665039 13.911133 4.619141 17.817383 14.545898
 0.228945 0.000442 57.769531 63.617578 0.000442 16.196289 16.254883 4.931641 21.098633 16.889648
 0.323945 0.000537 53.269531 61.167578 0.000642 14.321289 14.379883 3.681641 16.723633 13.764648
 0.276445 0.000585 55.519531 62.392578 0.000542 15.258789 17.192383 3.056641 14.536133 15.327148
 0.371445 0.000490 51.019531 64.842578 0.000742 17.133789 15.317383 4.306641 18.911133 12.202148
 0.217070 0.000478 54.957031 60.248828 0.000617 15.961914 16.489258 2.587891 21.645508 17.280273
 0.312070 0.000573 50.457031 62.698828 0.000417 14.086914 14.614258 3.837891 17.270508 14.155273
 0.264570 0.000525 57.207031 63.923828 0.000717 15.024414 17.426758 4.462891 15.083008 15.717773
 0.359570 0.000430 52.707031 61.473828 0.000517 16.899414 15.551758 3.212891 19.458008 12.592773
 0.240820 0.000549 53.832031 64.536328 0.000467 16.430664 16.958008 3.525391 13.989258 13.374023
 0.335820 0.000454 58.332031 62.086328 0.000667 14.555664 15.083008 4.775391 18.364258 16.499023
 0.288320 0.000407 51.582031 60.861328 0.000567 15.493164 16.020508 4.150391 20.551758 11.811523
 0.383320 0.000502 56.082031 63.311328 0.000767 17.368164 14.145508 2.900391 16.176758 14.936523
 0.211133 0.000413 52.988281 61.933203 0.000705 16.782227 14.497070 4.541016 15.356445 15.131836
 0.306133 0.000508 57.488281 64.383203 0.000505 14.907227 16.372070 3.291016 19.731445 12.006836
 0.258633 0.000555 50.738281 63.158203 0.000605 13.969727 15.434570 2.666016 21.918945 16.694336
 0.353633 0.000460 55.238281 60.708203 0.000405 15.844727 17.309570 3.916016 17.543945 13.569336
 0.234883 0.000531 56.363281 62.545703 0.000555 17.250977 14.965820 4.228516 20.825195 12.788086
 0.329883 0.000436 51.863281 60.095703 0.000755 15.375977 16.840820 2.978516 16.450195 15.913086
 0.282383 0.000484 58.613281 61.320703 0.000455 14.438477 14.028320 3.603516 14.262695 14.350586
 0.377383 0.000579 54.113281 63.770703 0.000655 16.313477 15.903320 4.853516 18.637695 17.475586
 0.223008 0.000567 58.050781 61.014453 0.000780 17.016602 14.731445 3.134766 22.465820 12.397461
 0.318008 0.000472 53.550781 63.464453 0.000580 15.141602 16.606445 4.384766 18.090820 15.522461
 0.270508 0.000424 55.800781 64.689453 0.000680 14.204102 13.793945 3.759766 15.903320 13.959961
 0.365508 0.000519 51.300781 62.239453 0.000480 16.079102 15.668945 2.509766 20.278320 17.084961
 0.246758 0.000448 50.175781 64.076953 0.000530 17.485352 14.262695 2.822266 14.809570 14.741211
 0.341758 0.000543 54.675781 61.626953 0.000730 15.610352 16.137695 4.072266 19.184570 11.616211
 0.294258 0.000496 52.425781 60.401953 0.000430 14.672852 15.200195 4.697266 21.372070 16.303711
 0.389258 0.000401 56.925781 62.851953 0.000630 16.547852 17.075195 3.447266 16.997070 13.178711
 0.200371 0.000495 58.173828 64.201367 0.000538 16.101074 15.075684 3.598633 17.766113 12.507324
 0.295371 0.000400 53.673828 61.751367 0.000738 14.226074 16.950684 4.848633 22.141113 15.632324
 0.247871 0.000448 55.923828 60.526367 0.000438 15.163574 14.138184 4.223633 19.953613 14.069824
 0.342871 0.000543 51.423828 62.976367 0.000638 17.038574 16.013184 2.973633 15.578613 17.194824
 0.224121 0.000424 50.298828 61.138867 0.000788 15.632324 14.606934 2.661133 18.859863 14.851074
 0.319121 0.000519 54.798828 63.588867 0.000588 13.757324 16.481934 3.911133 14.484863 11.726074
 0.271621 0.000567 52.548828 64.813867 0.000688 14.694824 15.544434 4.536133 16.672363 16.413574
 0.366621 0.000472 57.048828 62.363867 0.000488 16.569824 17.419434 3.286133 21.047363 13.288574
 0.212246 0.000483 53.111328 62.670117 0.000563 16.335449 14.372559 4.692383 19.406738 14.460449
 0.307246 0.000578 57.611328 60.220117 0.000763 14.460449 16.247559 3.442383 15.031738 11.335449
 0.259746 0.000531 50.861328 61.445117 0.000463 15.397949 15.310059 2.817383 17.219238 16.022949
 0.354746 0.000436 55.361328 63.895117 0.000663 17.272949 17.185059 4.067383 21.594238 12.897949
 0.235996 0.000555 56.486328 62.057617 0.000713 15.866699 14.841309 3.754883 16.125488 12.116699
 0.330996 0.000460 51.986328 64.507617 0.000513 13.991699 16.716309 2.504883 20.500488 15.241699
 0.283496 0.000412 58.736328 63.282617 0.000613 14.929199 13.903809 3.129883 18.312988 13.679199
 0.378496 0.000507 54.236328 60.832617 0.000413 16.804199 15.778809 4.379883 13.937988 16.804199
 0.206309 0.000406 54.517578 64.354492 0.000451 17.155762 16.130371 3.051758 17.492676 16.999512
 0.301309 0.000501 50.017578 61.904492 0.000651 15.280762 14.255371 4.301758 21.867676 13.874512
 0.253809 0.000549 56.767578 60.679492 0.000551 14.343262 17.067871 4.926758 19.680176 15.437012
 0.348809 0.000454 52.267578 63.129492 0.000751 16.218262 15.192871 3.676758 15.305176 12.312012
 0.230059 0.000525 53.392578 60.066992 0.000601 16.687012 16.599121 3.364258 18.586426 13.093262
 0.325059 0.000430 57.892578 62.516992 0.000401 14.812012 14.724121 4.614258 14.211426 16.218262
 0.277559 0.000478 51.142578 63.741992 0.000701 13.874512 15.661621 3.989258 16.398926 11.530762
 0.372559 0.000573 55.642578 61.291992 0.000501 15.749512 13.786621 2.739258 20.773926 14.655762
 0.218184 0.000584 51.705078 63.435742 0.000426 17.390137 16.833496 4.145508 20.227051 13.483887
 0.313184 0.000489 56.205078 60.985742 0.000626 15.515137 14.958496 2.895508 15.852051 16.608887
 0.265684 0.000442 53.955078 62.210742 0.000526 14.577637 15.895996 3.520508 18.039551 11.921387
 0.360684 0.000537 58.455078 64.660742 0.000726 16.452637 14.020996 4.770508 22.414551 15.046387
 0.241934 0.000466 57.330078 61.598242 0.000676 16.921387 16.364746 4.458008 16.945801 17.390137
 0.336934 0.000561 52.830078 64.048242 0.000476 15.046387 14.489746 3.208008 21.320801 14.265137
 0.289434 0.000513 55.080078 62.823242 0.000776 14.108887 17.302246 2.583008 19.133301 15.827637
 0.384434 0.000418 50.580078 60.373242 0.000576 15.983887 15.427246 3.833008 14.758301 12.702637
 0.203340 0.000457 51.001953 62.287305 0.000632 14.870605 17.126465 3.950195 22.277832 16.901855
 0.298340 0.000552 55.501953 64.737305 0.000432 16.745605 15.251465 2.700195 17.902832 13.776855
 0.250840 0.000504 53.251953 63.512305 0.000732 15.808105 16.188965 3.325195 15.715332 15.339355
 0.345840 0.000409 57.751953 61.062305 0.000532 13.933105 14.313965 4.575195 20.090332 12.214355
 0.227090 0.000576 58.876953 62.899805 0.000482 15.339355 15.720215 4.887695 14.621582 12.995605
 0.322090 0.000481 54.376953 60.449805 0.000682 17.214355 13.845215 3.637695 18.996582 16.120605
 0.274590 0.000433 56.626953 61.674805 0.000582 16.276855 16.657715 3.012695 21.184082 11.433105
 0.369590 0.000528 52.126953 64.124805 0.000782 14.401855 14.782715 4.262695 16.809082 14.558105
 0.215215 0.000540 56.064453 60.756055 0.000657 15.104980 15.954590 2.543945 15.168457 13.386230
 0.310215 0.000445 51.564453 63.206055 0.000457 16.979980 14.079590 3.793945 19.543457 16.511230
 0.262715 0.000492 58.314453 64.431055 0.000757 16.042480 16.892090 4.418945 21.730957 11.823730
 0.357715 0.000587 53.814453 61.981055 0.000557 14.167480 15.017090 3.168945 17.355957 14.948730
 0.238965 0.000421 52.689453 63.818555 0.000407 15.573730 17.360840 3.481445 20.637207 17.292480
 0.333965 0.000516 57.189453 61.368555 0.000607 17.448730 15.485840 4.731445 16.262207 14.167480
 0.286465 0.000564 50.439453 60.143555 0.000507 16.511230 16.423340 4.106445 14.074707 15.729980
 0.381465 0.000469 54.939453 62.593555 0.000707 14.636230 14.548340 2.856445 18.449707 12.604980
 0.209277 0.000546 54.095703 61.521680 0.000770 13.815918 14.196777 4.653320 21.457520 12.800293
 0.304277 0.000451 58.595703 63.971680 0.000570 15.690918 16.071777 3.403320 17.082520 15.925293
 0.256777 0.000403 51.845703 62.746680 0.000670 16.628418 15.134277 2.778320 14.895020 14.362793
 0.351777 0.000498 56.345703 60.296680 0.000470 14.753418 17.009277 4.028320 19.270020 17.487793
 0.233027 0.000475 55.220703 63.359180 0.000520 14.284668 15.603027 4.340820 13.801270 15.144043
 0.328027 0.000570 50.720703 60.909180 0.000720 16.159668 17.478027 3.090820 18.176270 12.019043
 0.280527 0.000522 57.470703 62.134180 0.000420 17.097168 14.665527 3.715820 20.363770 16.706543
 0.375527 0.000427 52.970703 64.584180 0.000620 15.222168 16.540527 4.965820 15.988770 13.581543
 0.221152 0.000439 56.908203 60.602930 0.000745 14.050293 15.368652 3.247070 15.441895 14.753418
 0.316152 0.000534 52.408203 63.052930 0.000545 15.925293 17.243652 4.497070 19.816895 11.628418
 0.268652 0.000581 54.658203 64.277930 0.000645 16.862793 14.431152 3.872070 22.004395 16.315918
 0.363652 0.000486 50.158203 61.827930 0.000445 14.987793 16.306152 2.622070 17.629395 13.190918
 0.244902 0.000510 51.283203 64.890430 0.000595 14.519043 13.962402 2.934570 20.910645 12.409668
 0.339902 0.000415 55.783203 62.440430 0.000795 16.394043 15.837402 4.184570 16.535645 15.534668
 0.292402 0.000463 53.533203 61.215430 0.000495 17.331543 14.899902 4.809570 14.348145 13.972168
 0.387402 0.000558 58.033203 63.665430 0.000695 15.456543 16.774902 3.559570 18.723145 17.097168
 0.201855 0.000432 53.884766 63.550586 0.000654 15.895996 15.632324 2.875977 20.568848 15.778809
 0.296855 0.000527 58.384766 61.100586 0.000454 14.020996 13.757324 4.125977 16.193848 12.653809
 0.249355 0.000574 51.634766 62.325586 0.000754 14.958496 16.569824 4.750977 14.006348 17.341309
 0.344355 0.000479 56.134766 64.775586 0.000554 16.833496 14.694824 3.500977 18.381348 14.216309
 0.225605 0.000503 55.009766 61.713086 0.000404 16.364746 17.038574 3.188477 15.100098 11.872559
 0.320605 0.000408 50.509766 64.163086 0.000604 14.489746 15.163574 4.438477 19.475098 14.997559
 0.273105 0.000455 57.259766 62.938086 0.000504 15.427246 16.101074 3.813477 21.662598 13.435059
 0.368105 0.000550 52.759766 60.488086 0.000704 17.302246 14.226074 2.563477 17.287598 16.560059
 0.213730 0.000562 57.822266 64.469336 0.000629 15.661621 17.272949 4.282227 14.553223 11.481934
 0.308730 0.000467 53.322266 62.019336 0.000429 13.786621 15.397949 3.032227 18.928223 14.606934
 0.261230 0.000420 55.572266 60.794336 0.000729 14.724121 16.335449 3.657227 21.115723 13.044434
 0.356230 0.000515 51.072266 63.244336 0.000529 16.599121 14.460449 4.907227 16.740723 16.169434
 0.237480 0.000491 52.197266 60.181836 0.000479 16.130371 15.866699 4.594727 22.209473 15.388184
 0.332480 0.000586 56.697266 62.631836 0.000679 14.255371 13.991699 3.344727 17.834473 12.263184
 0.284980 0.000538 54.447266 63.856836 0.000579 15.192871 16.804199 2.719727 15.646973 16.950684
 0.379980 0.000443 58.947266 61.406836 0.000779 17.067871 14.929199 3.969727 20.021973 13.825684
 0.207793 0.000521 50.228516 62.478711 0.000741 16.950684 15.515137 3.579102 21.389160 13.630371
 0.302793 0.000426 54.728516 60.028711 0.000541 15.075684 17.390137 4.829102 17.014160 16.755371
 0.255293 0.000473 52.478516 61.253711 0.000641 14.138184 14.577637 4.204102 14.826660 12.067871
 0.350293 0.000568 56.978516 63.703711 0.000441 16.013184 16.452637 2.954102 19.201660 15.192871
 0.231543 0.000402 58.103516 61.866211 0.000591 17.419434 14.108887 2.641602 15.920410 15.974121
 0.326543 0.000497 53.603516 64.316211 0.000791 15.544434 15.983887 3.891602 20.295410 12.849121
 0.279043 0.000544 55.853516 63.091211 0.000491 14.606934 15.046387 4.516602 22.482910 14.411621
 0.374043 0.000449 51.353516 60.641211 0.000691 16.481934 16.921387 3.266602 18.107910 11.286621
 0.219668 0.000461 56.416016 64.009961 0.000766 16.716309 13.874512 4.985352 14.279785 16.364746
 0.314668 0.000556 51.916016 61.559961 0.000566 14.841309 15.749512 3.735352 18.654785 13.239746
 0.267168 0.000509 58.666016 60.334961 0.000666 13.903809 14.812012 3.110352 20.842285 14.802246
 0.362168 0.000414 54.166016 62.784961 0.000466 15.778809 16.687012 4.360352 16.467285 11.677246
 0.243418 0.000580 53.041016 60.947461 0.000516 17.185059 15.280762 4.047852 21.936035 14.020996
 0.338418 0.000485 57.541016 63.397461 0.000716 15.310059 17.155762 2.797852 17.561035 17.145996
 0.290918 0.000437 50.791016 64.622461 0.000416 14.372559 14.343262 3.422852 15.373535 12.458496
 0.385918 0.000532 55.291016 62.172461 0.000616 16.247559 16.218262 4.672852 19.748535 15.583496
 0.204824 0.000571 55.431641 60.411523 0.000573 15.603027 14.636230 4.399414 16.330566 13.923340
 0.299824 0.000476 50.931641 62.861523 0.000773 17.478027 16.511230 3.149414 20.705566 17.048340
 0.252324 0.000429 57.681641 64.086523 0.000473 16.540527 15.573730 2.524414 18.518066 12.360840
 0.347324 0.000524 53.181641 61.636523 0.000673 14.665527 17.448730 3.774414 14.143066 15.485840
 0.228574 0.000452 54.306641 64.699023 0.000723 15.134277 15.104980 4.086914 19.611816 16.267090
 0.323574 0.000547 58.806641 62.249023 0.000523 17.009277 16.979980 2.836914 15.236816 13.142090
 0.276074 0.000500 52.056641 61.024023 0.000623 16.071777 14.167480 3.461914 17.424316 14.704590
 0.371074 0.000405 56.556641 63.474023 0.000423 14.196777 16.042480 4.711914 21.799316 11.579590
 0.216699 0.000417 51.494141 61.330273 0.000548 15.368652 14.870605 3.305664 19.064941 16.657715
 0.311699 0.000512 55.994141 63.780273 0.000748 17.243652 16.745605 4.555664 14.689941 13.532715
 0.264199 0.000559 53.744141 62.555273 0.000448 16.306152 13.933105 3.930664 16.877441 15.095215
 0.359199 0.000464 58.244141 60.105273 0.000648 14.431152 15.808105 2.680664 21.252441 11.970215
 0.240449 0.000535 57.119141 63.167773 0.000798 14.899902 14.401855 2.993164 17.971191 14.313965
 0.335449 0.000440 52.619141 60.717773 0.000598 16.774902 16.276855 4.243164 22.346191 17.438965
 0.287949 0.000488 54.869141 61.942773 0.000698 15.837402 15.339355 4.868164 20.158691 12.751465
 0.382949 0.000583 50.369141 64.392773 0.000498 13.962402 17.214355 3.618164 15.783691 15.876465
 0.210762 0.000482 58.525391 60.870898 0.000435 14.548340 16.628418 3.852539 16.604004 15.681152
 0.305762 0.000577 54.025391 63.320898 0.000635 16.423340 14.753418 2.602539 20.979004 12.556152
 0.258262 0.000530 56.275391 64.545898 0.000535 17.360840 15.690918 3.227539 18.791504 17.243652
 0.353262 0.000435 51.775391 62.095898 0.000735 15.485840 13.815918 4.477539 14.416504 14.118652
 0.234512 0.000553 50.650391 63.933398 0.000685 14.079590 16.159668 4.790039 19.885254 11.774902
 0.329512 0.000458 55.150391 61.483398 0.000485 15.954590 14.284668 3.540039 15.510254 14.899902
 0.282012 0.000411 52.900391 60.258398 0.000785 16.892090 17.097168 2.915039 17.697754 13.337402
 0.377012 0.000506 57.400391 62.708398 0.000585 15.017090 15.222168 4.165039 22.072754 16.462402
 0.222637 0.000518 52.337891 62.402148 0.000460 14.313965 16.394043 2.758789 18.244629 11.384277
 0.317637 0.000423 56.837891 64.852148 0.000660 16.188965 14.519043 4.008789 13.869629 14.509277
 0.270137 0.000470 50.087891 63.627148 0.000560 17.126465 17.331543 4.633789 16.057129 12.946777
 0.365137 0.000565 54.587891 61.177148 0.000760 15.251465 15.456543 3.383789 20.432129 16.071777
 0.246387 0.000446 55.712891 63.014648 0.000610 13.845215 16.862793 3.696289 17.150879 15.290527
 0.341387 0.000541 51.212891 60.564648 0.000410 15.720215 14.987793 4.946289 21.525879 12.165527
 0.293887 0.000589 57.962891 61.789648 0.000710 16.657715 15.925293 4.321289 19.338379 16.853027
 0.388887 0.000494 53.462891 64.239648 0.000510 14.782715 14.050293 3.071289 14.963379 13.728027
 0.201113 0.000495 55.888672 61.387695 0.000734 17.404785 17.375488 3.393555 18.005371 12.287598
 0.296113 0.000590 51.388672 63.837695 0.000534 15.529785 15.500488 4.643555 22.380371 15.412598
 0.248613 0.000542 58.138672 62.612695 0.000634 14.592285 16.437988 4.018555 20.192871 13.850098
 0.343613 0.000447 53.638672 60.162695 0.000434 16.467285 14.562988 2.768555 15.817871 16.975098
 0.224863 0.000566 52.513672 63.225195 0.000584 16.936035 15.969238 3.081055 19.099121 14.631348
 0.319863 0.000471 57.013672 60.775195 0.000784 15.061035 14.094238 4.331055 14.724121 11.506348
 0.272363 0.000423 50.263672 62.000195 0.000484 14.123535 16.906738 4.956055 16.911621 16.193848
 0.367363 0.000518 54.763672 64.450195 0.000684 15.998535 15.031738 3.706055 21.286621 13.068848
 0.212988 0.000507 50.826172 60.468945 0.000759 17.170410 15.734863 4.487305 19.645996 15.021973
 0.307988 0.000412 55.326172 62.918945 0.000559 15.295410 13.859863 3.237305 15.270996 11.896973
 0.260488 0.000459 53.076172 64.143945 0.000659 14.357910 16.672363 2.612305 17.458496 16.584473
 0.355488 0.000554 57.576172 61.693945 0.000459 16.232910 14.797363 3.862305 21.833496 13.459473
 0.236738 0.000435 58.701172 64.756445 0.000509 16.701660 17.141113 4.174805 16.364746 12.678223
 0.331738 0.000530 54.201172 62.306445 0.000709 14.826660 15.266113 2.924805 20.739746 15.803223
 0.284238 0.000578 56.451172 61.081445 0.000409 13.889160 16.203613 3.549805 18.552246 14.240723
 0.379238 0.000483 51.951172 63.531445 0.000609 15.764160 14.328613 4.799805 14.177246 17.365723
