 0.600000 0.001200 70.000000 70.000000 0.001200 21.250000 21.250000 7.500000 22.500000 17.500000
 0.700000 0.001400 75.000000 72.500000 0.001400 23.125000 23.125000 8.750000 36.250000 28.750000
 0.650000 0.001500 72.500000 73.750000 0.001300 24.062500 22.187500 9.375000 43.125000 23.125000
 0.750000 0.001300 77.500000 71.250000 0.001500 22.187500 24.062500 8.125000 29.375000 34.375000
 0.625000 0.001450 78.750000 74.375000 0.001450 21.718750 22.656250 8.437500 46.562500 31.562500
 0.725000 0.001250 73.750000 71.875000 0.001250 23.593750 24.531250 9.687500 32.812500 20.312500
 0.675000 0.001350 76.250000 70.625000 0.001550 24.531250 21.718750 9.062500 25.937500 37.187500
 0.775000 0.001550 71.250000 73.125000 0.001350 22.656250 23.593750 7.812500 39.687500 25.937500
 0.612500 0.001575 76.875000 71.562500 0.001275 21.484375 22.890625 8.906250 44.843750 32.968750
 0.712500 0.001375 71.875000 74.062500 0.001475 23.359375 24.765625 7.656250 31.093750 21.718750
 0.662500 0.001275 79.375000 72.812500 0.001375 24.296875 21.953125 8.281250 24.218750 38.593750
 0.762500 0.001475 74.375000 70.312500 0.001575 22.421875 23.828125 9.531250 37.968750 27.343750
 0.637500 0.001325 73.125000 73.437500 0.001425 21.953125 21.484375 9.843750 27.656250 18.906250
 0.737500 0.001525 78.125000 70.937500 0.001225 23.828125 23.359375 8.593750 41.406250 30.156250
 0.687500 0.001425 70.625000 72.187500 0.001525 24.765625 22.421875 7.968750 48.281250 24.531250
 0.787500 0.001225 75.625000 74.687500 0.001325 22.890625 24.296875 9.218750 34.531250 35.781250
 0.606250 0.001412 74.062500 71.093750 0.001388 22.304688 24.882813 8.203125 25.078125 36.484375
 0.706250 0.001212 79.062500 73.593750 0.001588 24.179688 23.007813 9.453125 38.828125 25.234375
 0.656250 0.001312 71.562500 74.843750 0.001288 23.242188 23.945313 8.828125 45.703125 30.859375
 0.756250 0.001513 76.562500 72.343750 0.001488 21.367188 22.070313 7.578125 31.953125 19.609375
 0.631250 0.001263 75.312500 74.218750 0.001538 22.773438 23.476563 7.890625 49.140625 28.046875
 0.731250 0.001463 70.312500 71.718750 0.001337 24.648438 21.601563 9.140625 35.390625 39.296875
 0.681250 0.001563 77.812500 70.468750 0.001438 23.710938 24.414063 9.765625 28.515625 22.421875
 0.781250 0.001363 72.812500 72.968750 0.001237 21.835938 22.539063 8.515625 42.265625 33.671875
 0.618750 0.001388 78.437500 72.031250 0.001312 22.539063 23.242188 9.609375 43.984375 26.640625
 0.718750 0.001588 73.437500 74.531250 0.001513 24.414063 21.367188 8.359375 30.234375 37.890625
 0.668750 0.001488 75.937500 73.281250 0.001212 23.476563 24.179688 7.734375 23.359375 21.015625
 0.768750 0.001288 70.937500 70.781250 0.001412 21.601563 22.304688 8.984375 37.109375 32.265625
 0.643750 0.001538 72.187500 72.656250 0.001563 23.007813 24.648438 9.296875 26.796875 35.078125
 0.743750 0.001337 77.187500 70.156250 0.001363 24.882813 22.773438 8.046875 40.546875 23.828125
 0.693750 0.001237 74.687500 71.406250 0.001463 23.945313 23.710938 8.671875 47.421875 29.453125
 0.793750 0.001438 79.687500 73.906250 0.001263 22.070313 21.835938 9.921875 33.671875 18.203125
 0.603125 0.001519 79.531250 73.359375 0.001519 24.707031 24.003906 9.726563 37.539063 36.132813
 0.703125 0.001319 74.531250 70.859375 0.001319 22.832031 22.128906 8.476563 23.789063 24.882813
 0.653125 0.001219 77.031250 72.109375 0.001419 21.894531 24.941406 7.851563 30.664063 30.507813
 0.753125 0.001419 72.031250 74.609375 0.001219 23.769531 23.066406 9.101563 44.414063 19.257813
 0.628125 0.001369 70.781250 71.484375 0.001369 24.238281 24.472656 8.789063 34.101563 27.695313
 0.728125 0.001569 75.781250 73.984375 0.001569 22.363281 22.597656 7.539063 47.851563 38.945313
 0.678125 0.001469 73.281250 72.734375 0.001269 21.425781 23.535156 8.164063 40.976563 22.070313
 0.778125 0.001269 78.281250 70.234375 0.001469 23.300781 21.660156 9.414063 27.226563 33.320313
 0.615625 0.001294 72.656250 74.921875 0.001594 24.941406 24.238281 8.632813 32.382813 26.289063
 0.715625 0.001494 77.656250 72.421875 0.001394 23.066406 22.363281 9.882813 46.132813 37.539063
 0.665625 0.001594 70.156250 71.171875 0.001494 22.128906 23.300781 9.257813 39.257813 20.664063
 0.765625 0.001394 75.156250 73.671875 0.001294 24.003906 21.425781 8.007813 25.507813 31.914063
 0.640625 0.001444 76.406250 70.546875 0.001344 24.472656 23.769531 7.695313 42.695313 34.726563
 0.740625 0.001244 71.406250 73.046875 0.001544 22.597656 21.894531 8.945313 28.945313 23.476563
 0.690625 0.001344 78.906250 74.296875 0.001244 21.660156 24.707031 9.570313 35.820313 29.101563
 0.790625 0.001544 73.906250 71.796875 0.001444 23.535156 22.832031 8.320313 49.570313 17.851563
 0.609375 0.001306 76.093750 72.890625 0.001481 23.652344 22.246094 9.179688 38.398438 18.554688
 0.709375 0.001506 71.093750 70.390625 0.001281 21.777344 24.121094 7.929688 24.648438 29.804688
 0.659375 0.001406 78.593750 71.640625 0.001581 22.714844 21.308594 8.554688 31.523438 24.179688
 0.759375 0.001206 73.593750 74.140625 0.001381 24.589844 23.183594 9.804688 45.273438 35.429688
 0.634375 0.001556 74.843750 72.265625 0.001231 23.183594 21.777344 9.492188 34.960938 32.617188
 0.734375 0.001356 79.843750 74.765625 0.001431 21.308594 23.652344 8.242188 48.710938 21.367188
 0.684375 0.001256 72.343750 73.515625 0.001331 22.246094 22.714844 7.617188 41.835938 38.242188
 0.784375 0.001456 77.343750 71.015625 0.001531 24.121094 24.589844 8.867188 28.085938 26.992188
 0.621875 0.001481 71.718750 73.828125 0.001406 23.886719 22.011719 8.085938 29.804688 34.023438
 0.721875 0.001281 76.718750 71.328125 0.001206 22.011719 23.886719 9.335938 43.554688 22.773438
 0.671875 0.001381 74.218750 70.078125 0.001506 22.949219 22.949219 9.960938 36.679688 39.648438
 0.771875 0.001581 79.218750 72.578125 0.001306 24.824219 24.824219 8.710938 22.929688 28.398438
 0.646875 0.001231 77.968750 70.703125 0.001256 23.417969 22.480469 8.398438 40.117188 19.960938
 0.746875 0.001431 72.968750 73.203125 0.001456 21.542969 24.355469 9.648438 26.367188 31.210938
 0.696875 0.001531 75.468750 74.453125 0.001356 22.480469 21.542969 9.023438 33.242188 25.585938
 0.796875 0.001331 70.468750 71.953125 0.001556 24.355469 23.417969 7.773438 46.992188 36.835938
 0.601563 0.001466 75.234375 71.914063 0.001591 21.982422 24.443359 8.339844 41.621094 29.628906
 0.701562 0.001266 70.234375 74.414063 0.001391 23.857422 22.568359 9.589844 27.871094 18.378906
 0.651563 0.001366 77.734375 73.164063 0.001491 24.794922 23.505859 8.964844 34.746094 35.253906
 0.751563 0.001566 72.734375 70.664063 0.001291 22.919922 21.630859 7.714844 48.496094 24.003906
 0.626563 0.001216 73.984375 72.539063 0.001341 21.513672 23.974609 8.027344 31.308594 21.191406
 0.726563 0.001416 78.984375 70.039063 0.001541 23.388672 22.099609 9.277344 45.058594 32.441406
 0.676562 0.001516 71.484375 71.289063 0.001241 24.326172 24.912109 9.902344 38.183594 26.816406
 0.776563 0.001316 76.484375 73.789063 0.001441 22.451172 23.037109 8.652344 24.433594 38.066406
 0.614062 0.001341 72.109375 70.976563 0.001516 21.748047 23.740234 9.433594 33.027344 22.597656
 0.714063 0.001541 77.109375 73.476563 0.001316 23.623047 21.865234 8.183594 46.777344 33.847656
 0.664063 0.001441 74.609375 74.726563 0.001416 24.560547 24.677734 7.558594 39.902344 28.222656
 0.764062 0.001241 79.609375 72.226563 0.001216 22.685547 22.802734 8.808594 26.152344 39.472656
 0.639062 0.001591 78.359375 74.101563 0.001366 21.279297 24.208984 9.121094 36.464844 31.035156
 0.739063 0.001391 73.359375 71.601563 0.001566 23.154297 22.333984 7.871094 22.714844 19.785156
 0.689063 0.001291 75.859375 70.351563 0.001266 24.091797 23.271484 8.496094 29.589844 36.660156
 0.789063 0.001491 70.859375 72.851563 0.001466 22.216797 21.396484 9.746094 43.339844 25.410156
 0.607812 0.001253 79.296875 71.757813 0.001403 23.037109 21.748047 7.792969 40.761719 24.707031
 0.707813 0.001453 74.296875 74.257813 0.001203 24.912109 23.623047 9.042969 27.011719 35.957031
 0.657813 0.001553 76.796875 73.007813 0.001503 23.974609 22.685547 9.667969 33.886719 19.082031
 0.757813 0.001353 71.796875 70.507813 0.001303 22.099609 24.560547 8.417969 47.636719 30.332031
 0.632813 0.001403 70.546875 73.632813 0.001253 22.568359 22.216797 8.730469 30.449219 38.769531
 0.732812 0.001203 75.546875 71.132813 0.001453 24.443359 24.091797 9.980469 44.199219 27.519531
 0.682813 0.001303 73.046875 72.382813 0.001353 23.505859 21.279297 9.355469 37.324219 33.144531
 0.782813 0.001503 78.046875 74.882813 0.001553 21.630859 23.154297 8.105469 23.574219 21.894531
 0.620312 0.001528 73.671875 70.195313 0.001478 22.802734 22.451172 8.886719 35.605469 37.363281
 0.720313 0.001328 78.671875 72.695313 0.001278 24.677734 24.326172 7.636719 49.355469 26.113281
 0.670312 0.001228 71.171875 73.945313 0.001578 23.740234 21.513672 8.261719 42.480469 31.738281
 0.770313 0.001428 76.171875 71.445313 0.001378 21.865234 23.388672 9.511719 28.730469 20.488281
 0.645312 0.001378 77.421875 74.570313 0.001228 22.333984 21.982422 9.824219 39.042969 23.300781
 0.745313 0.001578 72.421875 72.070313 0.001428 24.208984 23.857422 8.574219 25.292969 34.550781
 0.695313 0.001478 79.921875 70.820313 0.001328 23.271484 22.919922 7.949219 32.167969 17.675781
 0.795313 0.001278 74.921875 73.320313 0.001528 21.396484 24.794922 9.199219 45.917969 28.925781
 0.604687 0.001359 74.453125 74.023438 0.001284 24.501953 22.744141 9.238281 29.160156 25.761719
 0.704688 0.001559 79.453125 71.523438 0.001484 22.626953 24.619141 7.988281 42.910156 37.011719
 0.654687 0.001459 71.953125 70.273438 0.001384 21.689453 21.806641 8.613281 49.785156 20.136719
 0.754688 0.001259 76.953125 72.773438 0.001584 23.564453 23.681641 9.863281 36.035156 31.386719
 0.629687 0.001509 75.703125 70.898438 0.001434 24.970703 21.337891 9.550781 46.347656 39.824219
 0.729688 0.001309 70.703125 73.398438 0.001234 23.095703 23.212891 8.300781 32.597656 28.574219
 0.679688 0.001209 78.203125 74.648438 0.001534 22.158203 22.275391 7.675781 25.722656 34.199219
 0.779688 0.001409 73.203125 72.148438 0.001334 24.033203 24.150391 8.925781 39.472656 22.949219
 0.617188 0.001434 77.578125 73.085938 0.001209 24.267578 21.572266 7.832031 48.066406 38.417969
 0.717187 0.001234 72.578125 70.585938 0.001409 22.392578 23.447266 9.082031 34.316406 27.167969
 0.667188 0.001334 75.078125 71.835938 0.001309 21.455078 22.509766 9.707031 27.441406 32.792969
 0.767188 0.001534 70.078125 74.335938 0.001509 23.330078 24.384766 8.457031 41.191406 21.542969
 0.642188 0.001284 71.328125 72.460938 0.001459 24.736328 22.978516 8.144531 24.003906 24.355469
 0.742188 0.001484 76.328125 74.960938 0.001259 22.861328 24.853516 9.394531 37.753906 35.605469
 0.692187 0.001584 73.828125 73.710938 0.001559 21.923828 22.041016 8.769531 44.628906 18.730469
 0.792188 0.001384 78.828125 71.210938 0.001359 23.798828 23.916016 7.519531 30.878906 29.980469
 0.610938 0.001572 71.015625 74.804688 0.001322 23.447266 23.564453 9.941406 26.582031 29.277344
 0.710938 0.001372 76.015625 72.304688 0.001522 21.572266 21.689453 8.691406 40.332031 18.027344
 0.660937 0.001272 73.515625 71.054688 0.001222 22.509766 24.501953 8.066406 47.207031 34.902344
 0.760938 0.001472 78.515625 73.554688 0.001422 24.384766 22.626953 9.316406 33.457031 23.652344
 0.635938 0.001322 79.765625 70.429688 0.001572 23.916016 24.970703 9.003906 43.769531 20.839844
 0.735938 0.001522 74.765625 72.929688 0.001372 22.041016 23.095703 7.753906 30.019531 32.089844
 0.685937 0.001422 77.265625 74.179688 0.001472 22.978516 24.033203 8.378906 23.144531 26.464844
 0.785938 0.001222 72.265625 71.679688 0.001272 24.853516 22.158203 9.628906 36.894531 37.714844
 0.623437 0.001247 76.640625 73.242188 0.001397 23.212891 24.736328 8.535156 48.925781 22.246094
 0.723438 0.001447 71.640625 70.742188 0.001597 21.337891 22.861328 9.785156 35.175781 33.496094
 0.673438 0.001547 79.140625 71.992188 0.001297 22.275391 23.798828 9.160156 28.300781 27.871094
 0.773438 0.001347 74.140625 74.492188 0.001497 24.150391 21.923828 7.910156 42.050781 39.121094
 0.648438 0.001497 72.890625 71.367188 0.001547 23.681641 23.330078 7.597656 24.863281 30.683594
 0.748437 0.001297 77.890625 73.867188 0.001347 21.806641 21.455078 8.847656 38.613281 19.433594
 0.698438 0.001397 70.390625 72.617188 0.001447 22.744141 24.267578 9.472656 45.488281 36.308594
 0.798438 0.001597 75.390625 70.117188 0.001247 24.619141 22.392578 8.222656 31.738281 25.058594
 0.600781 0.001598 73.085938 72.871094 0.001420 22.553711 23.784180 7.919922 23.466797 19.697266
 0.700781 0.001398 78.085938 70.371094 0.001220 24.428711 21.909180 9.169922 37.216797 30.947266
 0.650781 0.001298 70.585938 71.621094 0.001520 23.491211 24.721680 9.794922 44.091797 25.322266
 0.750781 0.001498 75.585938 74.121094 0.001320 21.616211 22.846680 8.544922 30.341797 36.572266
 0.625781 0.001348 76.835938 72.246094 0.001270 23.022461 24.252930 8.232422 47.529297 33.759766
 0.725781 0.001548 71.835938 74.746094 0.001470 24.897461 22.377930 9.482422 33.779297 22.509766
 0.675781 0.001448 79.335938 73.496094 0.001370 23.959961 23.315430 8.857422 26.904297 39.384766
 0.775781 0.001248 74.335938 70.996094 0.001570 22.084961 21.440430 7.607422 40.654297 28.134766
 0.613281 0.001223 79.960938 73.808594 0.001495 22.319336 24.487305 9.326172 45.810547 32.353516
 0.713281 0.001423 74.960938 71.308594 0.001295 24.194336 22.612305 8.076172 32.060547 21.103516
 0.663281 0.001523 77.460938 70.058594 0.001595 23.256836 23.549805 8.701172 25.185547 37.978516
 0.763281 0.001323 72.460938 72.558594 0.001395 21.381836 21.674805 9.951172 38.935547 26.728516
 0.638281 0.001473 71.210938 70.683594 0.001245 22.788086 24.018555 9.638672 28.623047 18.291016
 0.738281 0.001273 76.210938 73.183594 0.001445 24.663086 22.143555 8.388672 42.373047 29.541016
 0.688281 0.001373 73.710938 74.433594 0.001345 23.725586 24.956055 7.763672 49.248047 23.916016
 0.788281 0.001573 78.710938 71.933594 0.001545 21.850586 23.081055 9.013672 35.498047 35.166016
 0.607031 0.001386 71.523438 73.339844 0.001583 21.499023 22.495117 8.466797 24.326172 34.462891
 0.707031 0.001586 76.523438 70.839844 0.001383 23.374023 24.370117 9.716797 38.076172 23.212891
 0.657031 0.001486 74.023438 72.089844 0.001483 24.311523 21.557617 9.091797 44.951172 28.837891
 0.757031 0.001286 79.023438 74.589844 0.001283 22.436523 23.432617 7.841797 31.201172 17.587891
 0.632031 0.001536 77.773438 71.464844 0.001333 21.967773 22.026367 7.529297 48.388672 26.025391
 0.732031 0.001336 72.773438 73.964844 0.001533 23.842773 23.901367 8.779297 34.638672 37.275391
 0.682031 0.001236 75.273438 72.714844 0.001233 24.780273 22.963867 9.404297 27.763672 20.400391
 0.782031 0.001436 70.273438 70.214844 0.001433 22.905273 24.838867 8.154297 41.513672 31.650391
 0.619531 0.001411 75.898438 74.902344 0.001508 21.264648 21.791992 9.873047 43.232422 27.431641
 0.719531 0.001211 70.898438 72.402344 0.001308 23.139648 23.666992 8.623047 29.482422 38.681641
 0.669531 0.001311 78.398438 71.152344 0.001408 24.077148 22.729492 7.998047 22.607422 21.806641
 0.769531 0.001511 73.398438 73.652344 0.001208 22.202148 24.604492 9.248047 36.357422 33.056641
 0.644531 0.001261 74.648438 70.527344 0.001358 21.733398 22.260742 8.935547 26.044922 35.869141
 0.744531 0.001461 79.648438 73.027344 0.001558 23.608398 24.135742 7.685547 39.794922 24.619141
 0.694531 0.001561 72.148438 74.277344 0.001258 24.545898 21.323242 8.310547 46.669922 30.244141
 0.794531 0.001361 77.148438 71.777344 0.001458 22.670898 23.198242 9.560547 32.919922 18.994141
 0.603906 0.001280 77.304688 71.230469 0.001302 23.901367 21.499023 9.521484 36.787109 35.517578
 0.703906 0.001480 72.304688 73.730469 0.001502 22.026367 23.374023 8.271484 23.037109 24.267578
 0.653906 0.001580 79.804688 74.980469 0.001202 22.963867 22.436523 7.646484 29.912109 29.892578
 0.753906 0.001380 74.804688 72.480469 0.001402 24.838867 24.311523 8.896484 43.662109 18.642578
 0.628906 0.001430 73.554688 74.355469 0.001552 23.432617 22.905273 9.208984 33.349609 27.080078
 0.728906 0.001230 78.554688 71.855469 0.001352 21.557617 24.780273 7.958984 47.099609 38.330078
 0.678906 0.001330 71.054688 70.605469 0.001452 22.495117 21.967773 8.583984 40.224609 21.455078
 0.778906 0.001530 76.054688 73.105469 0.001252 24.370117 23.842773 9.833984 26.474609 32.705078
 0.616406 0.001505 70.429688 72.167969 0.001377 23.666992 22.670898 8.427734 31.630859 28.486328
 0.716406 0.001305 75.429688 74.667969 0.001577 21.791992 24.545898 9.677734 45.380859 39.736328
 0.666406 0.001205 72.929688 73.417969 0.001277 22.729492 21.733398 9.052734 38.505859 22.861328
 0.766406 0.001405 77.929688 70.917969 0.001477 24.604492 23.608398 7.802734 24.755859 34.111328
 0.641406 0.001355 79.179688 72.792969 0.001527 23.198242 21.264648 8.115234 41.943359 36.923828
 0.741406 0.001555 74.179688 70.292969 0.001327 21.323242 23.139648 9.365234 28.193359 25.673828
 0.691406 0.001455 76.679688 71.542969 0.001427 22.260742 22.202148 9.990234 35.068359 31.298828
 0.791406 0.001255 71.679688 74.042969 0.001227 24.135742 24.077148 8.740234 48.818359 20.048828
 0.610156 0.001492 78.242188 70.136719 0.001289 24.956055 24.663086 8.818359 39.365234 19.345703
 0.710156 0.001292 73.242188 72.636719 0.001489 23.081055 22.788086 7.568359 25.615234 30.595703
 0.660156 0.001392 75.742188 73.886719 0.001389 22.143555 23.725586 8.193359 32.490234 24.970703
 0.760156 0.001592 70.742188 71.386719 0.001589 24.018555 21.850586 9.443359 46.240234 36.220703
 0.635156 0.001242 71.992188 74.511719 0.001439 24.487305 23.256836 9.755859 35.927734 33.408203
 0.735156 0.001442 76.992188 72.011719 0.001239 22.612305 21.381836 8.505859 49.677734 22.158203
 0.685156 0.001542 74.492188 70.761719 0.001539 21.674805 24.194336 7.880859 42.802734 39.033203
 0.785156 0.001342 79.492188 73.261719 0.001339 23.549805 22.319336 9.130859 29.052734 27.783203
 0.622656 0.001317 73.867188 71.699219 0.001214 24.721680 23.491211 7.724609 30.771484 32.001953
 0.722656 0.001517 78.867188 74.199219 0.001414 22.846680 21.616211 8.974609 44.521484 20.751953
 0.672656 0.001417 71.367188 72.949219 0.001314 21.909180 24.428711 9.599609 37.646484 37.626953
 0.772656 0.001217 76.367188 70.449219 0.001514 23.784180 22.553711 8.349609 23.896484 26.376953
 0.647656 0.001567 75.117188 73.574219 0.001464 24.252930 24.897461 8.662109 41.083984 17.939453
 0.747656 0.001367 70.117188 71.074219 0.001264 22.377930 23.022461 9.912109 27.333984 29.189453
 0.697656 0.001267 77.617188 72.324219 0.001564 21.440430 23.959961 9.287109 34.208984 23.564453
 0.797656 0.001467 72.617188 74.824219 0.001364 23.315430 22.084961 8.037109 47.958984 34.814453
 0.602344 0.001333 77.851563 74.707031 0.001386 22.817383 22.993164 8.720703 42.587891 30.419922
 0.702344 0.001533 72.851563 72.207031 0.001586 24.692383 24.868164 9.970703 28.837891 19.169922
 0.652344 0.001433 75.351563 70.957031 0.001286 23.754883 22.055664 9.345703 35.712891 36.044922
 0.752344 0.001233 70.351563 73.457031 0.001486 21.879883 23.930664 8.095703 49.462891 24.794922
 0.627344 0.001583 71.601563 70.332031 0.001536 22.348633 21.586914 7.783203 32.275391 21.982422
 0.727344 0.001383 76.601563 72.832031 0.001336 24.223633 23.461914 9.033203 46.025391 33.232422
 0.677344 0.001283 74.101563 74.082031 0.001436 23.286133 22.524414 9.658203 39.150391 27.607422
 0.777344 0.001483 79.101563 71.582031 0.001236 21.411133 24.399414 8.408203 25.400391 38.857422
 0.614844 0.001458 74.726563 73.144531 0.001311 23.051758 21.352539 9.814453 33.994141 20.576172
 0.714844 0.001258 79.726563 70.644531 0.001511 24.926758 23.227539 8.564453 47.744141 31.826172
 0.664844 0.001358 72.226563 71.894531 0.001211 23.989258 22.290039 7.939453 40.869141 26.201172
 0.764844 0.001558 77.226563 74.394531 0.001411 22.114258 24.165039 9.189453 27.119141 37.451172
 0.639844 0.001208 75.976563 71.269531 0.001561 22.583008 22.758789 8.876953 37.431641 29.013672
 0.739844 0.001408 70.976563 73.769531 0.001361 24.458008 24.633789 7.626953 23.681641 17.763672
 0.689844 0.001508 78.476563 72.519531 0.001461 23.520508 21.821289 8.251953 30.556641 34.638672
 0.789844 0.001308 73.476563 70.019531 0.001261 21.645508 23.696289 9.501953 44.306641 23.388672
 0.608594 0.001545 76.289063 73.925781 0.001223 21.762695 23.344727 8.017578 40.009766 24.091797
 0.708594 0.001345 71.289063 71.425781 0.001423 23.637695 21.469727 9.267578 26.259766 35.341797
 0.658594 0.001245 78.789063 70.175781 0.001323 24.575195 24.282227 9.892578 33.134766 18.466797
 0.758594 0.001445 73.789063 72.675781 0.001523 22.700195 22.407227 8.642578 46.884766 29.716797
 0.633594 0.001395 72.539063 70.800781 0.001473 21.293945 24.750977 8.330078 29.697266 38.154297
 0.733594 0.001595 77.539063 73.300781 0.001273 23.168945 22.875977 9.580078 43.447266 26.904297
 0.683594 0.001495 70.039063 74.550781 0.001573 24.106445 23.813477 8.955078 36.572266 32.529297
 0.783594 0.001295 75.039063 72.050781 0.001373 22.231445 21.938477 7.705078 22.822266 21.279297
 0.621094 0.001270 70.664063 72.988281 0.001298 21.997070 24.985352 9.111328 34.853516 39.560547
 0.721094 0.001470 75.664063 70.488281 0.001498 23.872070 23.110352 7.861328 48.603516 28.310547
 0.671094 0.001570 73.164063 71.738281 0.001398 24.809570 24.047852 8.486328 41.728516 33.935547
 0.771094 0.001370 78.164063 74.238281 0.001598 22.934570 22.172852 9.736328 27.978516 22.685547
 0.646094 0.001420 79.414063 72.363281 0.001448 21.528320 23.579102 9.423828 38.291016 25.498047
 0.746094 0.001220 74.414063 74.863281 0.001248 23.403320 21.704102 8.173828 24.541016 36.748047
 0.696094 0.001320 76.914063 73.613281 0.001548 24.340820 24.516602 7.548828 31.416016 19.873047
 0.796094 0.001520 71.914063 71.113281 0.001348 22.465820 22.641602 8.798828 45.166016 31.123047
 0.605469 0.001439 72.382813 71.816406 0.001492 23.227539 24.223633 8.994141 28.408203 23.740234
 0.705469 0.001239 77.382813 74.316406 0.001292 21.352539 22.348633 7.744141 42.158203 34.990234
 0.655469 0.001339 74.882813 73.066406 0.001592 22.290039 23.286133 8.369141 49.033203 18.115234
 0.755469 0.001539 79.882813 70.566406 0.001392 24.165039 21.411133 9.619141 35.283203 29.365234
 0.630469 0.001289 78.632813 73.691406 0.001242 23.696289 23.754883 9.931641 45.595703 37.802734
 0.730469 0.001489 73.632813 71.191406 0.001442 21.821289 21.879883 8.681641 31.845703 26.552734
 0.680469 0.001589 76.132813 72.441406 0.001342 22.758789 24.692383 8.056641 24.970703 32.177734
 0.780469 0.001389 71.132813 74.941406 0.001542 24.633789 22.817383 9.306641 38.720703 20.927734
 0.617969 0.001364 75.507813 70.253906 0.001417 23.461914 23.989258 7.587891 47.314453 39.208984
 0.717969 0.001564 70.507813 72.753906 0.001217 21.586914 22.114258 8.837891 33.564453 27.958984
 0.667969 0.001464 78.007813 74.003906 0.001517 22.524414 24.926758 9.462891 26.689453 33.583984
 0.767969 0.001264 73.007813 71.503906 0.001317 24.399414 23.051758 8.212891 40.439453 22.333984
 0.642969 0.001514 74.257813 74.628906 0.001267 23.930664 24.458008 8.525391 23.251953 25.146484
 0.742969 0.001314 79.257813 72.128906 0.001467 22.055664 22.583008 9.775391 37.001953 36.396484
 0.692969 0.001214 71.757813 70.878906 0.001367 22.993164 23.520508 9.150391 43.876953 19.521484
 0.792969 0.001414 76.757813 73.378906 0.001567 24.868164 21.645508 7.900391 30.126953 30.771484
 0.611719 0.001227 73.320313 71.972656 0.001505 24.282227 21.997070 9.541016 27.548828 31.474609
 0.711719 0.001427 78.320313 74.472656 0.001305 22.407227 23.872070 8.291016 41.298828 20.224609
 0.661719 0.001527 70.820313 73.222656 0.001405 21.469727 22.934570 7.666016 48.173828 37.099609
 0.761719 0.001327 75.820313 70.722656 0.001205 23.344727 24.809570 8.916016 34.423828 25.849609
 0.636719 0.001477 77.070313 72.597656 0.001355 24.750977 22.465820 9.228516 44.736328 23.037109
 0.736719 0.001277 72.070313 70.097656 0.001555 22.875977 24.340820 7.978516 30.986328 34.287109
 0.686719 0.001377 79.570313 71.347656 0.001255 21.938477 21.528320 8.603516 24.111328 28.662109
 0.786719 0.001577 74.570313 73.847656 0.001455 23.813477 23.403320 9.853516 37.861328 39.912109
 0.624219 0.001552 78.945313 71.035156 0.001580 24.516602 22.231445 8.134766 49.892578 21.630859
 0.724219 0.001352 73.945313 73.535156 0.001380 22.641602 24.106445 9.384766 36.142578 32.880859
 0.674219 0.001252 76.445313 74.785156 0.001480 21.704102 21.293945 8.759766 29.267578 27.255859
 0.774219 0.001452 71.445313 72.285156 0.001280 23.579102 23.168945 7.509766 43.017578 38.505859
 0.649219 0.001302 70.195313 74.160156 0.001330 24.985352 21.762695 7.822266 25.830078 30.068359
 0.749219 0.001502 75.195313 71.660156 0.001530 23.110352 23.637695 9.072266 39.580078 18.818359
 0.699219 0.001402 72.695313 70.410156 0.001230 22.172852 22.700195 9.697266 46.455078 35.693359
 0.799219 0.001202 77.695313 72.910156 0.001430 24.047852 24.575195 8.447266 32.705078 24.443359
 0.600391 0.001401 79.082031 74.287109 0.001338 23.601074 22.575684 8.598633 35.122070 22.026367
 0.700391 0.001201 74.082031 71.787109 0.001538 21.726074 24.450684 9.848633 48.872070 33.276367
 0.650391 0.001301 76.582031 70.537109 0.001238 22.663574 21.638184 9.223633 41.997070 27.651367
 0.750391 0.001501 71.582031 73.037109 0.001438 24.538574 23.513184 7.973633 28.247070 38.901367
 0.625391 0.001251 70.332031 71.162109 0.001588 23.132324 22.106934 7.661133 38.559570 30.463867
 0.725391 0.001451 75.332031 73.662109 0.001388 21.257324 23.981934 8.911133 24.809570 19.213867
 0.675391 0.001551 72.832031 74.912109 0.001488 22.194824 23.044434 9.536133 31.684570 36.088867
 0.775391 0.001351 77.832031 72.412109 0.001288 24.069824 24.919434 8.286133 45.434570 24.838867
 0.612891 0.001376 73.457031 72.724609 0.001363 23.835449 21.872559 9.692383 40.278320 29.057617
 0.712891 0.001576 78.457031 70.224609 0.001563 21.960449 23.747559 8.442383 26.528320 17.807617
 0.662891 0.001476 70.957031 71.474609 0.001263 22.897949 22.810059 7.817383 33.403320 34.682617
 0.762891 0.001276 75.957031 73.974609 0.001463 24.772949 24.685059 9.067383 47.153320 23.432617
 0.637891 0.001526 77.207031 72.099609 0.001513 23.366699 22.341309 8.754883 29.965820 20.620117
 0.737891 0.001326 72.207031 74.599609 0.001313 21.491699 24.216309 7.504883 43.715820 31.870117
 0.687891 0.001226 79.707031 73.349609 0.001413 22.429199 21.403809 8.129883 36.840820 26.245117
 0.787891 0.001426 74.707031 70.849609 0.001213 24.304199 23.278809 9.379883 23.090820 37.495117
 0.606641 0.001213 75.019531 74.443359 0.001251 24.655762 23.630371 8.051758 34.262695 38.198242
 0.706641 0.001413 70.019531 71.943359 0.001451 22.780762 21.755371 9.301758 48.012695 26.948242
 0.656641 0.001513 77.519531 70.693359 0.001351 21.843262 24.567871 9.926758 41.137695 32.573242
 0.756641 0.001313 72.519531 73.193359 0.001551 23.718262 22.692871 8.676758 27.387695 21.323242
 0.631641 0.001463 73.769531 70.068359 0.001401 24.187012 24.099121 8.364258 37.700195 24.135742
 0.731641 0.001263 78.769531 72.568359 0.001201 22.312012 22.224121 9.614258 23.950195 35.385742
 0.681641 0.001363 71.269531 73.818359 0.001501 21.374512 23.161621 8.989258 30.825195 18.510742
 0.781641 0.001563 76.269531 71.318359 0.001301 23.249512 21.286621 7.739258 44.575195 29.760742
 0.619141 0.001588 71.894531 73.505859 0.001226 24.890137 24.333496 9.145508 42.856445 25.541992
 0.719141 0.001388 76.894531 71.005859 0.001426 23.015137 22.458496 7.895508 29.106445 36.791992
 0.669141 0.001288 74.394531 72.255859 0.001326 22.077637 23.395996 8.520508 35.981445 19.916992
 0.769141 0.001488 79.394531 74.755859 0.001526 23.952637 21.520996 9.770508 49.731445 31.166992
 0.644141 0.001338 78.144531 71.630859 0.001476 24.421387 23.864746 9.458008 32.543945 39.604492
 0.744141 0.001538 73.144531 74.130859 0.001276 22.546387 21.989746 8.208008 46.293945 28.354492
 0.694141 0.001438 75.644531 72.880859 0.001576 21.608887 24.802246 7.583008 39.418945 33.979492
 0.794141 0.001238 70.644531 70.380859 0.001376 23.483887 22.927246 8.833008 25.668945 22.729492
 0.603516 0.001320 71.113281 72.333984 0.001432 22.370605 24.626465 8.950195 49.301758 37.846680
 0.703516 0.001520 76.113281 74.833984 0.001232 24.245605 22.751465 7.700195 35.551758 26.596680
 0.653516 0.001420 73.613281 73.583984 0.001532 23.308105 23.688965 8.325195 28.676758 32.221680
 0.753516 0.001220 78.613281 71.083984 0.001332 21.433105 21.813965 9.575195 42.426758 20.971680
 0.628516 0.001570 79.863281 72.958984 0.001282 22.839355 23.220215 9.887695 25.239258 23.784180
 0.728516 0.001370 74.863281 70.458984 0.001482 24.714355 21.345215 8.637695 38.989258 35.034180
 0.678516 0.001270 77.363281 71.708984 0.001382 23.776855 24.157715 8.012695 45.864258 18.159180
 0.778516 0.001470 72.363281 74.208984 0.001582 21.901855 22.282715 9.262695 32.114258 29.409180
 0.616016 0.001495 76.738281 70.771484 0.001457 22.604980 23.454590 7.543945 26.958008 25.190430
 0.716016 0.001295 71.738281 73.271484 0.001257 24.479980 21.579590 8.793945 40.708008 36.440430
 0.666016 0.001395 79.238281 74.521484 0.001557 23.542480 24.392090 9.418945 47.583008 19.565430
 0.766016 0.001595 74.238281 72.021484 0.001357 21.667480 22.517090 8.168945 33.833008 30.815430
 0.641016 0.001245 72.988281 73.896484 0.001207 23.073730 24.860840 8.481445 44.145508 39.252930
 0.741016 0.001445 77.988281 71.396484 0.001407 24.948730 22.985840 9.731445 30.395508 28.002930
 0.691016 0.001545 70.488281 70.146484 0.001307 24.011230 23.923340 9.106445 23.520508 33.627930
 0.791016 0.001345 75.488281 72.646484 0.001507 22.136230 22.048340 7.856445 37.270508 22.377930
 0.609766 0.001507 74.550781 71.552734 0.001570 21.315918 21.696777 9.653320 46.723633 23.081055
 0.709766 0.001307 79.550781 74.052734 0.001370 23.190918 23.571777 8.403320 32.973633 34.331055
 0.659766 0.001207 72.050781 72.802734 0.001470 24.128418 22.634277 7.778320 26.098633 28.706055
 0.759766 0.001407 77.050781 70.302734 0.001270 22.253418 24.509277 9.028320 39.848633 39.956055
 0.634766 0.001357 75.800781 73.427734 0.001320 21.784668 23.103027 9.340820 22.661133 31.518555
 0.734766 0.001557 70.800781 70.927734 0.001520 23.659668 24.978027 8.090820 36.411133 20.268555
 0.684766 0.001457 78.300781 72.177734 0.001220 24.597168 22.165527 8.715820 43.286133 37.143555
 0.784766 0.001257 73.300781 74.677734 0.001420 22.722168 24.040527 9.965820 29.536133 25.893555
 0.622266 0.001282 77.675781 70.615234 0.001545 21.550293 22.868652 8.247070 27.817383 30.112305
 0.722266 0.001482 72.675781 73.115234 0.001345 23.425293 24.743652 9.497070 41.567383 18.862305
 0.672266 0.001582 75.175781 74.365234 0.001445 24.362793 21.931152 8.872070 48.442383 35.737305
 0.772266 0.001382 70.175781 71.865234 0.001245 22.487793 23.806152 7.622070 34.692383 24.487305
 0.647266 0.001432 71.425781 74.990234 0.001395 22.019043 21.462402 7.934570 45.004883 21.674805
 0.747266 0.001232 76.425781 72.490234 0.001595 23.894043 23.337402 9.184570 31.254883 32.924805
 0.697266 0.001332 73.925781 71.240234 0.001295 24.831543 22.399902 9.809570 24.379883 27.299805
 0.797266 0.001532 78.925781 73.740234 0.001495 22.956543 24.274902 8.559570 38.129883 38.549805
 0.601953 0.001266 74.316406 73.623047 0.001454 23.395996 23.132324 7.875977 43.930664 33.803711
 0.701953 0.001466 79.316406 71.123047 0.001254 21.520996 21.257324 9.125977 30.180664 22.553711
 0.651953 0.001566 71.816406 72.373047 0.001554 22.458496 24.069824 9.750977 23.305664 39.428711
 0.751953 0.001366 76.816406 74.873047 0.001354 24.333496 22.194824 8.500977 37.055664 28.178711
 0.626953 0.001416 75.566406 71.748047 0.001204 23.864746 24.538574 8.188477 26.743164 19.741211
 0.726953 0.001216 70.566406 74.248047 0.001404 21.989746 22.663574 9.438477 40.493164 30.991211
 0.676953 0.001316 78.066406 72.998047 0.001304 22.927246 23.601074 8.813477 47.368164 25.366211
 0.776953 0.001516 73.066406 70.498047 0.001504 24.802246 21.726074 7.563477 33.618164 36.616211
 0.614453 0.001541 78.691406 74.560547 0.001429 23.161621 24.772949 9.282227 25.024414 18.334961
 0.714453 0.001341 73.691406 72.060547 0.001229 21.286621 22.897949 8.032227 38.774414 29.584961
 0.664453 0.001241 76.191406 70.810547 0.001529 22.224121 23.835449 8.657227 45.649414 23.959961
 0.764453 0.001441 71.191406 73.310547 0.001329 24.099121 21.960449 9.907227 31.899414 35.209961
 0.639453 0.001391 72.441406 70.185547 0.001279 23.630371 23.366699 9.594727 49.086914 32.397461
 0.739453 0.001591 77.441406 72.685547 0.001479 21.755371 21.491699 8.344727 35.336914 21.147461
 0.689453 0.001491 74.941406 73.935547 0.001379 22.692871 24.304199 7.719727 28.461914 38.022461
 0.789453 0.001291 79.941406 71.435547 0.001579 24.567871 22.429199 8.969727 42.211914 26.772461
 0.608203 0.001454 70.253906 72.529297 0.001541 24.450684 23.015137 8.579102 46.508789 26.069336
 0.708203 0.001254 75.253906 70.029297 0.001341 22.575684 24.890137 9.829102 32.758789 37.319336
 0.658203 0.001354 72.753906 71.279297 0.001441 21.638184 22.077637 9.204102 25.883789 20.444336
 0.758203 0.001554 77.753906 73.779297 0.001241 23.513184 23.952637 7.954102 39.633789 31.694336
 0.633203 0.001204 79.003906 71.904297 0.001391 24.919434 21.608887 7.641602 29.321289 34.506836
 0.733203 0.001404 74.003906 74.404297 0.001591 23.044434 23.483887 8.891602 43.071289 23.256836
 0.683203 0.001504 76.503906 73.154297 0.001291 22.106934 22.546387 9.516602 49.946289 28.881836
 0.783203 0.001304 71.503906 70.654297 0.001491 23.981934 24.421387 8.266602 36.196289 17.631836
 0.620703 0.001329 77.128906 74.091797 0.001566 24.216309 21.374512 9.985352 24.165039 35.913086
 0.720703 0.001529 72.128906 71.591797 0.001366 22.341309 23.249512 8.735352 37.915039 24.663086
 0.670703 0.001429 79.628906 70.341797 0.001466 21.403809 22.312012 8.110352 44.790039 30.288086
 0.770703 0.001229 74.628906 72.841797 0.001266 23.278809 24.187012 9.360352 31.040039 19.038086
 0.645703 0.001579 73.378906 70.966797 0.001316 24.685059 22.780762 9.047852 48.227539 27.475586
 0.745703 0.001379 78.378906 73.466797 0.001516 22.810059 24.655762 7.797852 34.477539 38.725586
 0.695703 0.001279 70.878906 74.716797 0.001216 21.872559 21.843262 8.422852 27.602539 21.850586
 0.795703 0.001479 75.878906 72.216797 0.001416 23.747559 23.718262 9.672852 41.352539 33.100586
 0.605078 0.001560 76.035156 70.419922 0.001373 23.103027 22.136230 9.399414 30.610352 27.124023
 0.705078 0.001360 71.035156 72.919922 0.001573 24.978027 24.011230 8.149414 44.360352 38.374023
 0.655078 0.001260 78.535156 74.169922 0.001273 24.040527 23.073730 7.524414 37.485352 21.499023
 0.755078 0.001460 73.535156 71.669922 0.001473 22.165527 24.948730 8.774414 23.735352 32.749023
 0.630078 0.001310 74.785156 74.794922 0.001523 22.634277 22.604980 9.086914 40.922852 35.561523
 0.730078 0.001510 79.785156 72.294922 0.001323 24.509277 24.479980 7.836914 27.172852 24.311523
 0.680078 0.001410 72.285156 71.044922 0.001423 23.571777 21.667480 8.461914 34.047852 29.936523
 0.780078 0.001210 77.285156 73.544922 0.001223 21.696777 23.542480 9.711914 47.797852 18.686523
 0.617578 0.001235 71.660156 71.357422 0.001348 22.868652 22.370605 8.305664 39.204102 36.967773
 0.717578 0.001435 76.660156 73.857422 0.001548 24.743652 24.245605 9.555664 25.454102 25.717773
 0.667578 0.001535 74.160156 72.607422 0.001248 23.806152 21.433105 8.930664 32.329102 31.342773
 0.767578 0.001335 79.160156 70.107422 0.001448 21.931152 23.308105 7.680664 46.079102 20.092773
 0.642578 0.001485 77.910156 73.232422 0.001598 22.399902 21.901855 7.993164 35.766602 28.530273
 0.742578 0.001285 72.910156 70.732422 0.001398 24.274902 23.776855 9.243164 49.516602 39.780273
 0.692578 0.001385 75.410156 71.982422 0.001498 23.337402 22.839355 9.868164 42.641602 22.905273
 0.792578 0.001585 70.410156 74.482422 0.001298 21.462402 24.714355 8.618164 28.891602 34.155273
 0.611328 0.001373 79.472656 70.888672 0.001235 22.048340 24.128418 8.852539 31.469727 33.452148
 0.711328 0.001573 74.472656 73.388672 0.001435 23.923340 22.253418 7.602539 45.219727 22.202148
 0.661328 0.001473 76.972656 74.638672 0.001335 24.860840 23.190918 8.227539 38.344727 39.077148
 0.761328 0.001273 71.972656 72.138672 0.001535 22.985840 21.315918 9.477539 24.594727 27.827148
 0.636328 0.001523 70.722656 74.013672 0.001485 21.579590 23.659668 9.790039 41.782227 19.389648
 0.736328 0.001323 75.722656 71.513672 0.001285 23.454590 21.784668 8.540039 28.032227 30.639648
 0.686328 0.001223 73.222656 70.263672 0.001585 24.392090 24.597168 7.915039 34.907227 25.014648
 0.786328 0.001423 78.222656 72.763672 0.001385 22.517090 22.722168 9.165039 48.657227 36.264648
 0.623828 0.001448 72.597656 72.451172 0.001260 21.813965 23.894043 7.758789 36.625977 17.983398
 0.723828 0.001248 77.597656 74.951172 0.001460 23.688965 22.019043 9.008789 22.875977 29.233398
 0.673828 0.001348 70.097656 73.701172 0.001360 24.626465 24.831543 9.633789 29.750977 23.608398
 0.773828 0.001548 75.097656 71.201172 0.001560 22.751465 22.956543 8.383789 43.500977 34.858398
 0.648828 0.001298 76.347656 73.076172 0.001410 21.345215 24.362793 8.696289 33.188477 32.045898
 0.748828 0.001498 71.347656 70.576172 0.001210 23.220215 22.487793 9.946289 46.938477 20.795898
 0.698828 0.001598 78.847656 71.826172 0.001510 24.157715 23.425293 9.321289 40.063477 37.670898
 0.798828 0.001398 73.847656 74.326172 0.001310 22.282715 21.550293 8.071289 26.313477 26.420898
 0.601172 0.001399 76.542969 71.416016 0.001534 24.904785 24.875488 8.393555 35.874023 21.235352
 0.701172 0.001599 71.542969 73.916016 0.001334 23.029785 23.000488 9.643555 49.624023 32.485352
 0.651172 0.001499 79.042969 72.666016 0.001434 22.092285 23.937988 9.018555 42.749023 26.860352
 0.751172 0.001299 74.042969 70.166016 0.001234 23.967285 22.062988 7.768555 28.999023 38.110352
 0.626172 0.001549 72.792969 73.291016 0.001384 24.436035 23.469238 8.081055 39.311523 29.672852
 0.726172 0.001349 77.792969 70.791016 0.001584 22.561035 21.594238 9.331055 25.561523 18.422852
 0.676172 0.001249 70.292969 72.041016 0.001284 21.623535 24.406738 9.956055 32.436523 35.297852
 0.776172 0.001449 75.292969 74.541016 0.001484 23.498535 22.531738 8.706055 46.186523 24.047852
 0.613672 0.001424 70.917969 70.478516 0.001559 24.670410 23.234863 9.487305 41.030273 31.079102
 0.713672 0.001224 75.917969 72.978516 0.001359 22.795410 21.359863 8.237305 27.280273 19.829102
 0.663672 0.001324 73.417969 74.228516 0.001459 21.857910 24.172363 7.612305 34.155273 36.704102
 0.763672 0.001524 78.417969 71.728516 0.001259 23.732910 22.297363 8.862305 47.905273 25.454102
 0.638672 0.001274 79.667969 74.853516 0.001309 24.201660 24.641113 9.174805 30.717773 22.641602
 0.738672 0.001474 74.667969 72.353516 0.001509 22.326660 22.766113 7.924805 44.467773 33.891602
 0.688672 0.001574 77.167969 71.103516 0.001209 21.389160 23.703613 8.549805 37.592773 28.266602
 0.788672 0.001374 72.167969 73.603516 0.001409 23.264160 21.828613 9.799805 23.842773 39.516602
