 0.100000 0.000200 40.000000 55.000000 0.000200 10.000000 10.000000 1.000000 5.000000 5.000000
 0.145000 0.000295 44.500000 57.450000 0.000295 11.875000 11.875000 1.750000 9.375000 8.125000
 0.122500 0.000342 42.250000 58.675000 0.000248 12.812500 10.937500 2.125000 11.562500 6.562500
 0.167500 0.000248 46.750000 56.225000 0.000342 10.937500 12.812500 1.375000 7.187500 9.687500
 0.111250 0.000319 47.875000 59.287500 0.000319 10.468750 11.406250 1.562500 12.656250 8.906250
 0.156250 0.000224 43.375000 56.837500 0.000224 12.343750 13.281250 2.312500 8.281250 5.781250
 0.133750 0.000271 45.625000 55.612500 0.000366 13.281250 10.468750 1.937500 6.093750 10.468750
 0.178750 0.000366 41.125000 58.062500 0.000271 11.406250 12.343750 1.187500 10.468750 7.343750
 0.105625 0.000378 46.187500 56.531250 0.000236 10.234375 11.640625 1.843750 12.109375 9.296875
 0.150625 0.000283 41.687500 58.981250 0.000331 12.109375 13.515625 1.093750 7.734375 6.171875
 0.128125 0.000236 48.437500 57.756250 0.000283 13.046875 10.703125 1.468750 5.546875 10.859375
 0.173125 0.000331 43.937500 55.306250 0.000378 11.171875 12.578125 2.218750 9.921875 7.734375
 0.116875 0.000259 42.812500 58.368750 0.000307 10.703125 10.234375 2.406250 6.640625 5.390625
 0.161875 0.000354 47.312500 55.918750 0.000212 12.578125 12.109375 1.656250 11.015625 8.515625
 0.139375 0.000307 40.562500 57.143750 0.000354 13.515625 11.171875 1.281250 13.203125 6.953125
 0.184375 0.000212 45.062500 59.593750 0.000259 11.640625 13.046875 2.031250 8.828125 10.078125
 0.102813 0.000301 43.656250 56.071875 0.000289 11.054688 13.632813 1.421875 5.820313 10.273438
 0.147813 0.000206 48.156250 58.521875 0.000384 12.929688 11.757813 2.171875 10.195313 7.148438
 0.125312 0.000253 41.406250 59.746875 0.000242 11.992188 12.695313 1.796875 12.382813 8.710938
 0.170313 0.000348 45.906250 57.296875 0.000337 10.117188 10.820313 1.046875 8.007813 5.585938
 0.114063 0.000230 44.781250 59.134375 0.000360 11.523438 12.226563 1.234375 13.476563 7.929688
 0.159063 0.000325 40.281250 56.684375 0.000265 13.398438 10.351563 1.984375 9.101563 11.054688
 0.136563 0.000372 47.031250 55.459375 0.000313 12.460938 13.164063 2.359375 6.914063 6.367188
 0.181563 0.000277 42.531250 57.909375 0.000218 10.585938 11.289063 1.609375 11.289063 9.492188
 0.108438 0.000289 47.593750 56.990625 0.000253 11.289063 11.992188 2.265625 11.835938 7.539063
 0.153438 0.000384 43.093750 59.440625 0.000348 13.164063 10.117188 1.515625 7.460938 10.664063
 0.130938 0.000337 45.343750 58.215625 0.000206 12.226563 12.929688 1.140625 5.273438 5.976563
 0.175938 0.000242 40.843750 55.765625 0.000301 10.351563 11.054688 1.890625 9.648438 9.101563
 0.119688 0.000360 41.968750 57.603125 0.000372 11.757813 13.398438 2.078125 6.367188 9.882813
 0.164688 0.000265 46.468750 55.153125 0.000277 13.632813 11.523438 1.328125 10.742188 6.757813
 0.142187 0.000218 44.218750 56.378125 0.000325 12.695313 12.460938 1.703125 12.929688 8.320313
 0.187188 0.000313 48.718750 58.828125 0.000230 10.820313 10.585938 2.453125 8.554688 5.195313
 0.101406 0.000351 48.578125 58.292187 0.000351 13.457031 12.753906 2.335938 9.785156 10.175781
 0.146406 0.000256 44.078125 55.842188 0.000256 11.582031 10.878906 1.585938 5.410156 7.050781
 0.123906 0.000209 46.328125 57.067188 0.000304 10.644531 13.691406 1.210938 7.597656 8.613281
 0.168906 0.000304 41.828125 59.517187 0.000209 12.519531 11.816406 1.960938 11.972656 5.488281
 0.112656 0.000280 40.703125 56.454687 0.000280 12.988281 13.222656 1.773438 8.691406 7.832031
 0.157656 0.000375 45.203125 58.904688 0.000375 11.113281 11.347656 1.023438 13.066406 10.957031
 0.135156 0.000328 42.953125 57.679688 0.000233 10.175781 12.285156 1.398438 10.878906 6.269531
 0.180156 0.000233 47.453125 55.229687 0.000328 12.050781 10.410156 2.148438 6.503906 9.394531
 0.107031 0.000245 42.390625 59.823437 0.000387 13.691406 12.988281 1.679688 8.144531 7.441406
 0.152031 0.000340 46.890625 57.373438 0.000292 11.816406 11.113281 2.429688 12.519531 10.566406
 0.129531 0.000387 40.140625 56.148438 0.000340 10.878906 12.050781 2.054688 10.332031 5.878906
 0.174531 0.000292 44.640625 58.598437 0.000245 12.753906 10.175781 1.304688 5.957031 9.003906
 0.118281 0.000316 45.765625 55.535938 0.000268 13.222656 12.519531 1.117188 11.425781 9.785156
 0.163281 0.000221 41.265625 57.985937 0.000363 11.347656 10.644531 1.867188 7.050781 6.660156
 0.140781 0.000268 48.015625 59.210938 0.000221 10.410156 13.457031 2.242188 9.238281 8.222656
 0.185781 0.000363 43.515625 56.760937 0.000316 12.285156 11.582031 1.492188 13.613281 5.097656
 0.104219 0.000250 45.484375 57.832812 0.000334 12.402344 10.996094 2.007813 10.058594 5.292969
 0.149219 0.000345 40.984375 55.382813 0.000239 10.527344 12.871094 1.257813 5.683594 8.417969
 0.126719 0.000298 47.734375 56.607813 0.000381 11.464844 10.058594 1.632813 7.871094 6.855469
 0.171719 0.000203 43.234375 59.057812 0.000286 13.339844 11.933594 2.382813 12.246094 9.980469
 0.115469 0.000369 44.359375 57.220312 0.000215 11.933594 10.527344 2.195313 8.964844 9.199219
 0.160469 0.000274 48.859375 59.670313 0.000310 10.058594 12.402344 1.445313 13.339844 6.074219
 0.137969 0.000227 42.109375 58.445313 0.000262 10.996094 11.464844 1.070313 11.152344 10.761719
 0.182969 0.000322 46.609375 55.995312 0.000357 12.871094 13.339844 1.820313 6.777344 7.636719
 0.109844 0.000334 41.546875 58.751562 0.000298 12.636719 10.761719 1.351563 7.324219 9.589844
 0.154844 0.000239 46.046875 56.301563 0.000203 10.761719 12.636719 2.101563 11.699219 6.464844
 0.132344 0.000286 43.796875 55.076563 0.000345 11.699219 11.699219 2.476563 9.511719 11.152344
 0.177344 0.000381 48.296875 57.526562 0.000250 13.574219 13.574219 1.726563 5.136719 8.027344
 0.121094 0.000215 47.171875 55.689062 0.000227 12.167969 11.230469 1.539063 10.605469 5.683594
 0.166094 0.000310 42.671875 58.139063 0.000322 10.292969 13.105469 2.289063 6.230469 8.808594
 0.143594 0.000357 44.921875 59.364062 0.000274 11.230469 10.292969 1.914063 8.417969 7.246094
 0.188594 0.000262 40.421875 56.914063 0.000369 13.105469 12.167969 1.164063 12.792969 10.371094
 0.100703 0.000326 44.710938 56.875781 0.000386 10.732422 13.193359 1.503906 11.083984 8.369141
 0.145703 0.000231 40.210938 59.325781 0.000291 12.607422 11.318359 2.253906 6.708984 5.244141
 0.123203 0.000279 46.960938 58.100781 0.000338 13.544922 12.255859 1.878906 8.896484 9.931641
 0.168203 0.000374 42.460938 55.650781 0.000243 11.669922 10.380859 1.128906 13.271484 6.806641
 0.111953 0.000207 43.585938 57.488281 0.000267 10.263672 12.724609 1.316406 7.802734 6.025391
 0.156953 0.000302 48.085938 55.038281 0.000362 12.138672 10.849609 2.066406 12.177734 9.150391
 0.134453 0.000350 41.335938 56.263281 0.000219 13.076172 13.662109 2.441406 9.990234 7.587891
 0.179453 0.000255 45.835938 58.713281 0.000314 11.201172 11.787109 1.691406 5.615234 10.712891
 0.106328 0.000267 41.898438 55.957031 0.000350 10.498047 12.490234 2.160156 8.349609 6.416016
 0.151328 0.000362 46.398438 58.407031 0.000255 12.373047 10.615234 1.410156 12.724609 9.541016
 0.128828 0.000314 44.148438 59.632031 0.000302 13.310547 13.427734 1.035156 10.537109 7.978516
 0.173828 0.000219 48.648438 57.182031 0.000207 11.435547 11.552734 1.785156 6.162109 11.103516
 0.117578 0.000386 47.523438 59.019531 0.000279 10.029297 12.958984 1.972656 9.443359 8.759766
 0.162578 0.000291 43.023438 56.569531 0.000374 11.904297 11.083984 1.222656 5.068359 5.634766
 0.140078 0.000243 45.273438 55.344531 0.000231 12.841797 12.021484 1.597656 7.255859 10.322266
 0.185078 0.000338 40.773438 57.794531 0.000326 10.966797 10.146484 2.347656 11.630859 7.197266
 0.103516 0.000225 48.367188 56.722656 0.000296 11.787109 10.498047 1.175781 10.810547 7.001953
 0.148516 0.000320 43.867188 59.172656 0.000201 13.662109 12.373047 1.925781 6.435547 10.126953
 0.126016 0.000368 46.117188 57.947656 0.000344 12.724609 11.435547 2.300781 8.623047 5.439453
 0.171016 0.000273 41.617188 55.497656 0.000249 10.849609 13.310547 1.550781 12.998047 8.564453
 0.114766 0.000296 40.492188 58.560156 0.000225 11.318359 10.966797 1.738281 7.529297 10.908203
 0.159766 0.000201 44.992188 56.110156 0.000320 13.193359 12.841797 2.488281 11.904297 7.783203
 0.137266 0.000249 42.742188 57.335156 0.000273 12.255859 10.029297 2.113281 9.716797 9.345703
 0.182266 0.000344 47.242188 59.785156 0.000368 10.380859 11.904297 1.363281 5.341797 6.220703
 0.109141 0.000356 43.304688 55.191406 0.000332 11.552734 11.201172 1.832031 9.169922 10.517578
 0.154141 0.000261 47.804688 57.641406 0.000237 13.427734 13.076172 1.082031 13.544922 7.392578
 0.131641 0.000213 41.054688 58.866406 0.000380 12.490234 10.263672 1.457031 11.357422 8.955078
 0.176641 0.000308 45.554688 56.416406 0.000285 10.615234 12.138672 2.207031 6.982422 5.830078
 0.120391 0.000285 46.679688 59.478906 0.000213 11.083984 10.732422 2.394531 10.263672 6.611328
 0.165391 0.000380 42.179688 57.028906 0.000308 12.958984 12.607422 1.644531 5.888672 9.736328
 0.142891 0.000332 48.929688 55.803906 0.000261 12.021484 11.669922 1.269531 8.076172 5.048828
 0.187891 0.000237 44.429688 58.253906 0.000356 10.146484 13.544922 2.019531 12.451172 8.173828
 0.102109 0.000276 44.007813 58.942969 0.000240 13.251953 11.494141 2.042969 7.119141 7.294922
 0.147109 0.000371 48.507813 56.492969 0.000335 11.376953 13.369141 1.292969 11.494141 10.419922
 0.124609 0.000323 41.757813 55.267969 0.000288 10.439453 10.556641 1.667969 13.681641 5.732422
 0.169609 0.000228 46.257813 57.717969 0.000383 12.314453 12.431641 2.417969 9.306641 8.857422
 0.113359 0.000347 45.132813 55.880469 0.000311 13.720703 10.087891 2.230469 12.587891 11.201172
 0.158359 0.000252 40.632813 58.330469 0.000216 11.845703 11.962891 1.480469 8.212891 8.076172
 0.135859 0.000204 47.382813 59.555469 0.000359 10.908203 11.025391 1.105469 6.025391 9.638672
 0.180859 0.000299 42.882813 57.105469 0.000264 12.783203 12.900391 1.855469 10.400391 6.513672
 0.107734 0.000311 46.820313 58.024219 0.000204 13.017578 10.322266 1.199219 13.134766 10.810547
 0.152734 0.000216 42.320313 55.574219 0.000299 11.142578 12.197266 1.949219 8.759766 7.685547
 0.130234 0.000264 44.570313 56.799219 0.000252 10.205078 11.259766 2.324219 6.572266 9.248047
 0.175234 0.000359 40.070313 59.249219 0.000347 12.080078 13.134766 1.574219 10.947266 6.123047
 0.118984 0.000240 41.195313 57.411719 0.000323 13.486328 11.728516 1.386719 5.478516 6.904297
 0.163984 0.000335 45.695313 59.861719 0.000228 11.611328 13.603516 2.136719 9.853516 10.029297
 0.141484 0.000383 43.445313 58.636719 0.000371 10.673828 10.791016 1.761719 12.041016 5.341797
 0.186484 0.000288 47.945313 56.186719 0.000276 12.548828 12.666016 1.011719 7.666016 8.466797
 0.104922 0.000377 40.914063 59.708594 0.000258 12.197266 12.314453 2.464844 6.298828 8.271484
 0.149922 0.000282 45.414063 57.258594 0.000353 10.322266 10.439453 1.714844 10.673828 5.146484
 0.127422 0.000234 43.164063 56.033594 0.000210 11.259766 13.251953 1.339844 12.861328 9.833984
 0.172422 0.000329 47.664063 58.483594 0.000305 13.134766 11.376953 2.089844 8.486328 6.708984
 0.116172 0.000258 48.789063 55.421094 0.000377 12.666016 13.720703 1.902344 11.767578 5.927734
 0.161172 0.000353 44.289063 57.871094 0.000282 10.791016 11.845703 1.152344 7.392578 9.052734
 0.138672 0.000305 46.539063 59.096094 0.000329 11.728516 12.783203 1.527344 5.205078 7.490234
 0.183672 0.000210 42.039063 56.646094 0.000234 13.603516 10.908203 2.277344 9.580078 10.615234
 0.110547 0.000222 45.976563 58.177344 0.000294 11.962891 13.486328 1.621094 13.408203 6.318359
 0.155547 0.000317 41.476563 55.727344 0.000389 10.087891 11.611328 2.371094 9.033203 9.443359
 0.133047 0.000365 48.226563 56.952344 0.000246 11.025391 12.548828 1.996094 6.845703 7.880859
 0.178047 0.000270 43.726563 59.402344 0.000341 12.900391 10.673828 1.246094 11.220703 11.005859
 0.121797 0.000341 42.601563 56.339844 0.000365 12.431641 12.080078 1.058594 5.751953 8.662109
 0.166797 0.000246 47.101563 58.789844 0.000270 10.556641 10.205078 1.808594 10.126953 5.537109
 0.144297 0.000294 40.351563 57.564844 0.000317 11.494141 13.017578 2.183594 12.314453 10.224609
 0.189297 0.000389 44.851563 55.114844 0.000222 13.369141 11.142578 1.433594 7.939453 7.099609
 0.100352 0.000389 42.777344 57.813672 0.000305 11.303711 12.534180 1.251953 5.307617 5.610352
 0.145352 0.000294 47.277344 55.363672 0.000210 13.178711 10.659180 2.001953 9.682617 8.735352
 0.122852 0.000247 40.527344 56.588672 0.000352 12.241211 13.471680 2.376953 11.870117 7.172852
 0.167852 0.000342 45.027344 59.038672 0.000257 10.366211 11.596680 1.626953 7.495117 10.297852
 0.111602 0.000271 46.152344 57.201172 0.000233 11.772461 13.002930 1.439453 12.963867 9.516602
 0.156602 0.000366 41.652344 59.651172 0.000328 13.647461 11.127930 2.189453 8.588867 6.391602
 0.134102 0.000318 48.402344 58.426172 0.000281 12.709961 12.065430 1.814453 6.401367 11.079102
 0.179102 0.000223 43.902344 55.976172 0.000376 10.834961 10.190430 1.064453 10.776367 7.954102
 0.105977 0.000211 48.964844 58.732422 0.000340 11.069336 13.237305 2.095703 12.416992 9.125977
 0.150977 0.000306 44.464844 56.282422 0.000245 12.944336 11.362305 1.345703 8.041992 6.000977
 0.128477 0.000354 46.714844 55.057422 0.000388 12.006836 12.299805 1.720703 5.854492 10.688477
 0.173477 0.000259 42.214844 57.507422 0.000293 10.131836 10.424805 2.470703 10.229492 7.563477
 0.117227 0.000330 41.089844 55.669922 0.000222 11.538086 12.768555 2.283203 6.948242 5.219727
 0.162227 0.000235 45.589844 58.119922 0.000317 13.413086 10.893555 1.533203 11.323242 8.344727
 0.139727 0.000282 43.339844 59.344922 0.000269 12.475586 13.706055 1.158203 13.510742 6.782227
 0.184727 0.000377 47.839844 56.894922 0.000364 10.600586 11.831055 1.908203 9.135742 9.907227
 0.103164 0.000288 41.371094 58.273047 0.000382 10.249023 11.245117 1.580078 5.581055 9.711914
 0.148164 0.000383 45.871094 55.823047 0.000287 12.124023 13.120117 2.330078 9.956055 6.586914
 0.125664 0.000336 43.621094 57.048047 0.000334 13.061523 10.307617 1.955078 12.143555 8.149414
 0.170664 0.000241 48.121094 59.498047 0.000239 11.186523 12.182617 1.205078 7.768555 5.024414
 0.114414 0.000360 46.996094 56.435547 0.000263 10.717773 10.776367 1.017578 13.237305 7.368164
 0.159414 0.000265 42.496094 58.885547 0.000358 12.592773 12.651367 1.767578 8.862305 10.493164
 0.136914 0.000217 44.746094 57.660547 0.000216 13.530273 11.713867 2.142578 6.674805 5.805664
 0.181914 0.000312 40.246094 55.210547 0.000311 11.655273 13.588867 1.392578 11.049805 8.930664
 0.108789 0.000300 45.308594 59.804297 0.000346 10.014648 10.541992 2.423828 11.596680 7.758789
 0.153789 0.000205 40.808594 57.354297 0.000251 11.889648 12.416992 1.673828 7.221680 10.883789
 0.131289 0.000253 47.558594 56.129297 0.000299 12.827148 11.479492 1.298828 5.034180 6.196289
 0.176289 0.000348 43.058594 58.579297 0.000204 10.952148 13.354492 2.048828 9.409180 9.321289
 0.120039 0.000229 44.183594 55.516797 0.000275 10.483398 11.010742 1.861328 6.127930 10.102539
 0.165039 0.000324 48.683594 57.966797 0.000370 12.358398 12.885742 1.111328 10.502930 6.977539
 0.142539 0.000371 41.933594 59.191797 0.000227 13.295898 10.073242 1.486328 12.690430 8.540039
 0.187539 0.000276 46.433594 56.741797 0.000322 11.420898 11.948242 2.236328 8.315430 5.415039
 0.101758 0.000238 46.574219 56.205859 0.000248 12.651367 10.249023 2.212891 9.545898 10.004883
 0.146758 0.000333 42.074219 58.655859 0.000343 10.776367 12.124023 1.462891 5.170898 6.879883
 0.124258 0.000380 48.824219 59.880859 0.000201 11.713867 11.186523 1.087891 7.358398 8.442383
 0.169258 0.000285 44.324219 57.430859 0.000296 13.588867 13.061523 1.837891 11.733398 5.317383
 0.113008 0.000309 43.199219 59.268359 0.000367 12.182617 11.655273 2.025391 8.452148 7.661133
 0.158008 0.000214 47.699219 56.818359 0.000272 10.307617 13.530273 1.275391 12.827148 10.786133
 0.135508 0.000262 40.949219 55.593359 0.000319 11.245117 10.717773 1.650391 10.639648 6.098633
 0.180508 0.000357 45.449219 58.043359 0.000224 13.120117 12.592773 2.400391 6.264648 9.223633
 0.107383 0.000345 40.386719 57.124609 0.000284 12.416992 11.420898 1.556641 7.905273 8.051758
 0.152383 0.000250 44.886719 59.574609 0.000379 10.541992 13.295898 2.306641 12.280273 11.176758
 0.129883 0.000202 42.636719 58.349609 0.000236 11.479492 10.483398 1.931641 10.092773 6.489258
 0.174883 0.000297 47.136719 55.899609 0.000331 13.354492 12.358398 1.181641 5.717773 9.614258
 0.118633 0.000273 48.261719 57.737109 0.000355 11.948242 10.014648 1.369141 11.186523 10.395508
 0.163633 0.000368 43.761719 55.287109 0.000260 10.073242 11.889648 2.119141 6.811523 7.270508
 0.141133 0.000321 46.011719 56.512109 0.000308 11.010742 10.952148 2.494141 8.999023 8.833008
 0.186133 0.000226 41.511719 58.962109 0.000213 12.885742 12.827148 1.744141 13.374023 5.708008
 0.104570 0.000339 47.417969 55.133984 0.000242 13.706055 13.413086 1.791016 10.366211 5.512695
 0.149570 0.000244 42.917969 57.583984 0.000337 11.831055 11.538086 1.041016 5.991211 8.637695
 0.127070 0.000291 45.167969 58.808984 0.000290 10.893555 12.475586 1.416016 8.178711 7.075195
 0.172070 0.000386 40.667969 56.358984 0.000385 12.768555 10.600586 2.166016 12.553711 10.200195
 0.115820 0.000220 41.792969 59.421484 0.000314 13.237305 12.006836 2.353516 9.272461 9.418945
 0.160820 0.000315 46.292969 56.971484 0.000219 11.362305 10.131836 1.603516 13.647461 6.293945
 0.138320 0.000363 44.042969 55.746484 0.000361 10.424805 12.944336 1.228516 11.459961 10.981445
 0.183320 0.000268 48.542969 58.196484 0.000266 12.299805 11.069336 1.978516 7.084961 7.856445
 0.110195 0.000256 43.480469 56.665234 0.000207 13.471680 12.241211 1.134766 7.631836 9.028320
 0.155195 0.000351 47.980469 59.115234 0.000302 11.596680 10.366211 1.884766 12.006836 5.903320
 0.132695 0.000303 41.230469 57.890234 0.000254 10.659180 13.178711 2.259766 9.819336 10.590820
 0.177695 0.000208 45.730469 55.440234 0.000349 12.534180 11.303711 1.509766 5.444336 7.465820
 0.121445 0.000374 44.605469 58.502734 0.000325 13.002930 13.647461 1.697266 10.913086 5.122070
 0.166445 0.000279 40.105469 56.052734 0.000230 11.127930 11.772461 2.447266 6.538086 8.247070
 0.143945 0.000232 46.855469 57.277734 0.000373 10.190430 12.709961 2.072266 8.725586 6.684570
 0.188945 0.000327 42.355469 59.727734 0.000278 12.065430 10.834961 1.322266 13.100586 9.809570
 0.101055 0.000263 47.066406 59.612891 0.000288 11.567383 11.743164 1.732422 11.391602 8.588867
 0.146055 0.000358 42.566406 57.162891 0.000383 13.442383 13.618164 2.482422 7.016602 5.463867
 0.123555 0.000311 44.816406 55.937891 0.000241 12.504883 10.805664 2.107422 9.204102 10.151367
 0.168555 0.000216 40.316406 58.387891 0.000336 10.629883 12.680664 1.357422 13.579102 7.026367
 0.112305 0.000382 41.441406 55.325391 0.000360 11.098633 10.336914 1.169922 8.110352 6.245117
 0.157305 0.000287 45.941406 57.775391 0.000265 12.973633 12.211914 1.919922 12.485352 9.370117
 0.134805 0.000239 43.691406 59.000391 0.000312 12.036133 11.274414 2.294922 10.297852 7.807617
 0.179805 0.000334 48.191406 56.550391 0.000217 10.161133 13.149414 1.544922 5.922852 10.932617
 0.106680 0.000322 44.253906 58.081641 0.000253 11.801758 10.102539 2.388672 8.657227 5.854492
 0.151680 0.000227 48.753906 55.631641 0.000348 13.676758 11.977539 1.638672 13.032227 8.979492
 0.129180 0.000275 42.003906 56.856641 0.000205 12.739258 11.040039 1.263672 10.844727 7.416992
 0.174180 0.000370 46.503906 59.306641 0.000300 10.864258 12.915039 2.013672 6.469727 10.541992
 0.117930 0.000204 45.378906 56.244141 0.000371 11.333008 11.508789 1.826172 9.750977 8.198242
 0.162930 0.000299 40.878906 58.694141 0.000276 13.208008 13.383789 1.076172 5.375977 5.073242
 0.140430 0.000346 47.628906 57.469141 0.000324 12.270508 10.571289 1.451172 7.563477 9.760742
 0.185430 0.000251 43.128906 55.019141 0.000229 10.395508 12.446289 2.201172 11.938477 6.635742
 0.103867 0.000364 45.660156 58.847266 0.000211 10.512695 12.094727 1.310547 10.571289 6.831055
 0.148867 0.000269 41.160156 56.397266 0.000306 12.387695 10.219727 2.060547 6.196289 9.956055
 0.126367 0.000222 47.910156 55.172266 0.000259 13.325195 13.032227 2.435547 8.383789 5.268555
 0.171367 0.000317 43.410156 57.622266 0.000354 11.450195 11.157227 1.685547 12.758789 8.393555
 0.115117 0.000293 42.285156 55.784766 0.000330 10.043945 13.500977 1.498047 7.290039 10.737305
 0.160117 0.000388 46.785156 58.234766 0.000235 11.918945 11.625977 2.248047 11.665039 7.612305
 0.137617 0.000340 40.035156 59.459766 0.000377 12.856445 12.563477 1.873047 9.477539 9.174805
 0.182617 0.000245 44.535156 57.009766 0.000282 10.981445 10.688477 1.123047 5.102539 6.049805
 0.109492 0.000233 40.597656 57.928516 0.000247 10.747070 13.735352 1.966797 8.930664 11.127930
 0.154492 0.000328 45.097656 55.478516 0.000342 12.622070 11.860352 1.216797 13.305664 8.002930
 0.131992 0.000376 42.847656 56.703516 0.000294 13.559570 12.797852 1.591797 11.118164 9.565430
 0.176992 0.000281 47.347656 59.153516 0.000389 11.684570 10.922852 2.341797 6.743164 6.440430
 0.120742 0.000305 48.472656 57.316016 0.000318 10.278320 12.329102 2.154297 10.024414 7.221680
 0.165742 0.000210 43.972656 59.766016 0.000223 12.153320 10.454102 1.404297 5.649414 10.346680
 0.143242 0.000257 46.222656 58.541016 0.000366 13.090820 13.266602 1.029297 7.836914 5.659180
 0.188242 0.000352 41.722656 56.091016 0.000271 11.215820 11.391602 1.779297 12.211914 8.784180
 0.102461 0.000314 42.144531 56.780078 0.000339 11.977539 12.973633 1.896484 6.879883 6.733398
 0.147461 0.000219 46.644531 59.230078 0.000244 10.102539 11.098633 1.146484 11.254883 9.858398
 0.124961 0.000266 44.394531 58.005078 0.000386 11.040039 12.036133 1.521484 13.442383 5.170898
 0.169961 0.000361 48.894531 55.555078 0.000291 12.915039 10.161133 2.271484 9.067383 8.295898
 0.113711 0.000242 47.769531 58.617578 0.000220 12.446289 12.504883 2.458984 12.348633 10.639648
 0.158711 0.000337 43.269531 56.167578 0.000315 10.571289 10.629883 1.708984 7.973633 7.514648
 0.136211 0.000385 45.519531 57.392578 0.000268 11.508789 13.442383 1.333984 5.786133 9.077148
 0.181211 0.000290 41.019531 59.842578 0.000363 13.383789 11.567383 2.083984 10.161133 5.952148
 0.108086 0.000278 44.957031 55.248828 0.000303 12.211914 12.739258 1.052734 12.895508 11.030273
 0.153086 0.000373 40.457031 57.698828 0.000208 10.336914 10.864258 1.802734 8.520508 7.905273
 0.130586 0.000325 47.207031 58.923828 0.000351 11.274414 13.676758 2.177734 6.333008 9.467773
 0.175586 0.000230 42.707031 56.473828 0.000256 13.149414 11.801758 1.427734 10.708008 6.342773
 0.119336 0.000349 43.832031 59.536328 0.000232 12.680664 13.208008 1.615234 5.239258 7.124023
 0.164336 0.000254 48.332031 57.086328 0.000327 10.805664 11.333008 2.365234 9.614258 10.249023
 0.141836 0.000207 41.582031 55.861328 0.000279 11.743164 12.270508 1.990234 11.801758 5.561523
 0.186836 0.000302 46.082031 58.311328 0.000374 13.618164 10.395508 1.240234 7.426758 8.686523
 0.105273 0.000213 42.988281 56.933203 0.000345 13.032227 10.747070 2.224609 6.606445 8.881836
 0.150273 0.000308 47.488281 59.383203 0.000250 11.157227 12.622070 1.474609 10.981445 5.756836
 0.127773 0.000355 40.738281 58.158203 0.000297 10.219727 11.684570 1.099609 13.168945 10.444336
 0.172773 0.000260 45.238281 55.708203 0.000202 12.094727 13.559570 1.849609 8.793945 7.319336
 0.116523 0.000331 46.363281 57.545703 0.000273 13.500977 11.215820 2.037109 12.075195 6.538086
 0.161523 0.000236 41.863281 55.095703 0.000368 11.625977 13.090820 1.287109 7.700195 9.663086
 0.139023 0.000284 48.613281 56.320703 0.000226 10.688477 10.278320 1.662109 5.512695 8.100586
 0.184023 0.000379 44.113281 58.770703 0.000321 12.563477 12.153320 2.412109 9.887695 11.225586
 0.110898 0.000367 48.050781 56.014453 0.000380 13.266602 10.981445 1.380859 13.715820 6.147461
 0.155898 0.000272 43.550781 58.464453 0.000285 11.391602 12.856445 2.130859 9.340820 9.272461
 0.133398 0.000224 45.800781 59.689453 0.000333 10.454102 10.043945 1.755859 7.153320 7.709961
 0.178398 0.000319 41.300781 57.239453 0.000238 12.329102 11.918945 1.005859 11.528320 10.834961
 0.122148 0.000248 40.175781 59.076953 0.000262 13.735352 10.512695 1.193359 6.059570 8.491211
 0.167148 0.000343 44.675781 56.626953 0.000357 11.860352 12.387695 1.943359 10.434570 5.366211
 0.144648 0.000296 42.425781 55.401953 0.000214 10.922852 11.450195 2.318359 12.622070 10.053711
 0.189648 0.000201 46.925781 57.851953 0.000309 12.797852 13.325195 1.568359 8.247070 6.928711
 0.100176 0.000295 48.173828 59.201367 0.000266 12.351074 11.325684 1.659180 9.016113 6.257324
 0.145176 0.000200 43.673828 56.751367 0.000361 10.476074 13.200684 2.409180 13.391113 9.382324
 0.122676 0.000248 45.923828 55.526367 0.000218 11.413574 10.388184 2.034180 11.203613 7.819824
 0.167676 0.000343 41.423828 57.976367 0.000313 13.288574 12.263184 1.284180 6.828613 10.944824
 0.111426 0.000224 40.298828 56.138867 0.000384 11.882324 10.856934 1.096680 10.109863 8.601074
 0.156426 0.000319 44.798828 58.588867 0.000289 10.007324 12.731934 1.846680 5.734863 5.476074
 0.133926 0.000367 42.548828 59.813867 0.000337 10.944824 11.794434 2.221680 7.922363 10.163574
 0.178926 0.000272 47.048828 57.363867 0.000242 12.819824 13.669434 1.471680 12.297363 7.038574
 0.105801 0.000283 43.111328 57.670117 0.000278 12.585449 10.622559 2.315430 10.656738 8.210449
 0.150801 0.000378 47.611328 55.220117 0.000373 10.710449 12.497559 1.565430 6.281738 5.085449
 0.128301 0.000331 40.861328 56.445117 0.000230 11.647949 11.560059 1.190430 8.469238 9.772949
 0.173301 0.000236 45.361328 58.895117 0.000325 13.522949 13.435059 1.940430 12.844238 6.647949
 0.117051 0.000355 46.486328 57.057617 0.000349 12.116699 11.091309 1.752930 7.375488 5.866699
 0.162051 0.000260 41.986328 59.507617 0.000254 10.241699 12.966309 1.002930 11.750488 8.991699
 0.139551 0.000212 48.736328 58.282617 0.000301 11.179199 10.153809 1.377930 9.562988 7.429199
 0.184551 0.000307 44.236328 55.832617 0.000206 13.054199 12.028809 2.127930 5.187988 10.554199
 0.102988 0.000206 44.517578 59.354492 0.000224 13.405762 12.380371 1.331055 8.742676 10.749512
 0.147988 0.000301 40.017578 56.904492 0.000319 11.530762 10.505371 2.081055 13.117676 7.624512
 0.125488 0.000349 46.767578 55.679492 0.000272 10.593262 13.317871 2.456055 10.930176 9.187012
 0.170488 0.000254 42.267578 58.129492 0.000367 12.468262 11.442871 1.706055 6.555176 6.062012
 0.114238 0.000325 43.392578 55.066992 0.000295 12.937012 12.849121 1.518555 9.836426 6.843262
 0.159238 0.000230 47.892578 57.516992 0.000200 11.062012 10.974121 2.268555 5.461426 9.968262
 0.136738 0.000278 41.142578 58.741992 0.000343 10.124512 11.911621 1.893555 7.648926 5.280762
 0.181738 0.000373 45.642578 56.291992 0.000248 11.999512 10.036621 1.143555 12.023926 8.405762
 0.108613 0.000384 41.705078 58.435742 0.000212 13.640137 13.083496 1.987305 11.477051 7.233887
 0.153613 0.000289 46.205078 55.985742 0.000307 11.765137 11.208496 1.237305 7.102051 10.358887
 0.131113 0.000242 43.955078 57.210742 0.000260 10.827637 12.145996 1.612305 9.289551 5.671387
 0.176113 0.000337 48.455078 59.660742 0.000355 12.702637 10.270996 2.362305 13.664551 8.796387
 0.119863 0.000266 47.330078 56.598242 0.000331 13.171387 12.614746 2.174805 8.195801 11.140137
 0.164863 0.000361 42.830078 59.048242 0.000236 11.296387 10.739746 1.424805 12.570801 8.015137
 0.142363 0.000313 45.080078 57.823242 0.000378 10.358887 13.552246 1.049805 10.383301 9.577637
 0.187363 0.000218 40.580078 55.373242 0.000283 12.233887 11.677246 1.799805 6.008301 6.452637
 0.101582 0.000257 41.001953 57.287305 0.000310 11.120605 13.376465 1.870117 13.527832 10.651855
 0.146582 0.000352 45.501953 59.737305 0.000215 12.995605 11.501465 1.120117 9.152832 7.526855
 0.124082 0.000304 43.251953 58.512305 0.000358 12.058105 12.438965 1.495117 6.965332 9.089355
 0.169082 0.000209 47.751953 56.062305 0.000263 10.183105 10.563965 2.245117 11.340332 5.964355
 0.112832 0.000376 48.876953 57.899805 0.000239 11.589355 11.970215 2.432617 5.871582 6.745605
 0.157832 0.000281 44.376953 55.449805 0.000334 13.464355 10.095215 1.682617 10.246582 9.870605
 0.135332 0.000233 46.626953 56.674805 0.000286 12.526855 12.907715 1.307617 12.434082 5.183105
 0.180332 0.000328 42.126953 59.124805 0.000381 10.651855 11.032715 2.057617 8.059082 8.308105
 0.107207 0.000340 46.064453 55.756055 0.000322 11.354980 12.204590 1.026367 6.418457 7.136230
 0.152207 0.000245 41.564453 58.206055 0.000227 13.229980 10.329590 1.776367 10.793457 10.261230
 0.129707 0.000292 48.314453 59.431055 0.000370 12.292480 13.142090 2.151367 12.980957 5.573730
 0.174707 0.000387 43.814453 56.981055 0.000275 10.417480 11.267090 1.401367 8.605957 8.698730
 0.118457 0.000221 42.689453 58.818555 0.000203 11.823730 13.610840 1.588867 11.887207 11.042480
 0.163457 0.000316 47.189453 56.368555 0.000298 13.698730 11.735840 2.338867 7.512207 7.917480
 0.140957 0.000364 40.439453 55.143555 0.000251 12.761230 12.673340 1.963867 5.324707 9.479980
 0.185957 0.000269 44.939453 57.593555 0.000346 10.886230 10.798340 1.213867 9.699707 6.354980
 0.104395 0.000346 44.095703 56.521680 0.000376 10.065918 10.446777 2.291992 12.707520 6.550293
 0.149395 0.000251 48.595703 58.971680 0.000281 11.940918 12.321777 1.541992 8.332520 9.675293
 0.126895 0.000203 41.845703 57.746680 0.000328 12.878418 11.384277 1.166992 6.145020 8.112793
 0.171895 0.000298 46.345703 55.296680 0.000233 11.003418 13.259277 1.916992 10.520020 11.237793
 0.115645 0.000275 45.220703 58.359180 0.000257 10.534668 11.853027 2.104492 5.051270 8.894043
 0.160645 0.000370 40.720703 55.909180 0.000352 12.409668 13.728027 1.354492 9.426270 5.769043
 0.138145 0.000322 47.470703 57.134180 0.000209 13.347168 10.915527 1.729492 11.613770 10.456543
 0.183145 0.000227 42.970703 59.584180 0.000304 11.472168 12.790527 2.479492 7.238770 7.331543
 0.110020 0.000239 46.908203 55.602930 0.000364 10.300293 11.618652 1.448242 6.691895 8.503418
 0.155020 0.000334 42.408203 58.052930 0.000269 12.175293 13.493652 2.198242 11.066895 5.378418
 0.132520 0.000381 44.658203 59.277930 0.000316 13.112793 10.681152 1.823242 13.254395 10.065918
 0.177520 0.000286 40.158203 56.827930 0.000221 11.237793 12.556152 1.073242 8.879395 6.940918
 0.121270 0.000310 41.283203 59.890430 0.000292 10.769043 10.212402 1.260742 12.160645 6.159668
 0.166270 0.000215 45.783203 57.440430 0.000387 12.644043 12.087402 2.010742 7.785645 9.284668
 0.143770 0.000263 43.533203 56.215430 0.000245 13.581543 11.149902 2.385742 5.598145 7.722168
 0.188770 0.000358 48.033203 58.665430 0.000340 11.706543 13.024902 1.635742 9.973145 10.847168
 0.100879 0.000232 43.884766 58.550586 0.000321 12.145996 11.882324 1.225586 11.818848 9.528809
 0.145879 0.000327 48.384766 56.100586 0.000226 10.270996 10.007324 1.975586 7.443848 6.403809
 0.123379 0.000374 41.634766 57.325586 0.000368 11.208496 12.819824 2.350586 5.256348 11.091309
 0.168379 0.000279 46.134766 59.775586 0.000273 13.083496 10.944824 1.600586 9.631348 7.966309
 0.112129 0.000303 45.009766 56.713086 0.000202 12.614746 13.288574 1.413086 6.350098 5.622559
 0.157129 0.000208 40.509766 59.163086 0.000297 10.739746 11.413574 2.163086 10.725098 8.747559
 0.134629 0.000255 47.259766 57.938086 0.000249 11.677246 12.351074 1.788086 12.912598 7.185059
 0.179629 0.000350 42.759766 55.488086 0.000344 13.552246 10.476074 1.038086 8.537598 10.310059
 0.106504 0.000362 47.822266 59.469336 0.000309 11.911621 13.522949 2.069336 5.803223 5.231934
 0.151504 0.000267 43.322266 57.019336 0.000214 10.036621 11.647949 1.319336 10.178223 8.356934
 0.129004 0.000220 45.572266 55.794336 0.000356 10.974121 12.585449 1.694336 12.365723 6.794434
 0.174004 0.000315 41.072266 58.244336 0.000261 12.849121 10.710449 2.444336 7.990723 9.919434
 0.117754 0.000291 42.197266 55.181836 0.000237 12.380371 12.116699 2.256836 13.459473 9.138184
 0.162754 0.000386 46.697266 57.631836 0.000332 10.505371 10.241699 1.506836 9.084473 6.013184
 0.140254 0.000338 44.447266 58.856836 0.000285 11.442871 13.054199 1.131836 6.896973 10.700684
 0.185254 0.000243 48.947266 56.406836 0.000380 13.317871 11.179199 1.881836 11.271973 7.575684
 0.103691 0.000321 40.228516 57.478711 0.000362 13.200684 11.765137 1.647461 12.639160 7.380371
 0.148691 0.000226 44.728516 55.028711 0.000267 11.325684 13.640137 2.397461 8.264160 10.505371
 0.126191 0.000273 42.478516 56.253711 0.000315 10.388184 10.827637 2.022461 6.076660 5.817871
 0.171191 0.000368 46.978516 58.703711 0.000220 12.263184 12.702637 1.272461 10.451660 8.942871
 0.114941 0.000202 48.103516 56.866211 0.000291 13.669434 10.358887 1.084961 7.170410 9.724121
 0.159941 0.000297 43.603516 59.316211 0.000386 11.794434 12.233887 1.834961 11.545410 6.599121
 0.137441 0.000344 45.853516 58.091211 0.000243 10.856934 11.296387 2.209961 13.732910 8.161621
 0.182441 0.000249 41.353516 55.641211 0.000338 12.731934 13.171387 1.459961 9.357910 5.036621
 0.109316 0.000261 46.416016 59.009961 0.000374 12.966309 10.124512 2.491211 5.529785 10.114746
 0.154316 0.000356 41.916016 56.559961 0.000279 11.091309 11.999512 1.741211 9.904785 6.989746
 0.131816 0.000309 48.666016 55.334961 0.000327 10.153809 11.062012 1.366211 12.092285 8.552246
 0.176816 0.000214 44.166016 57.784961 0.000232 12.028809 12.937012 2.116211 7.717285 5.427246
 0.120566 0.000380 43.041016 55.947461 0.000255 13.435059 11.530762 1.928711 13.186035 7.770996
 0.165566 0.000285 47.541016 58.397461 0.000350 11.560059 13.405762 1.178711 8.811035 10.895996
 0.143066 0.000237 40.791016 59.622461 0.000208 10.622559 10.593262 1.553711 6.623535 6.208496
 0.188066 0.000332 45.291016 57.172461 0.000303 12.497559 12.468262 2.303711 10.998535 9.333496
 0.102285 0.000371 45.431641 55.411523 0.000282 11.853027 10.886230 2.139648 7.580566 7.673340
 0.147285 0.000276 40.931641 57.861523 0.000377 13.728027 12.761230 1.389648 11.955566 10.798340
 0.124785 0.000229 47.681641 59.086523 0.000235 12.790527 11.823730 1.014648 9.768066 6.110840
 0.169785 0.000324 43.181641 56.636523 0.000330 10.915527 13.698730 1.764648 5.393066 9.235840
 0.113535 0.000252 44.306641 59.699023 0.000353 11.384277 11.354980 1.952148 10.861816 10.017090
 0.158535 0.000347 48.806641 57.249023 0.000258 13.259277 13.229980 1.202148 6.486816 6.892090
 0.136035 0.000300 42.056641 56.024023 0.000306 12.321777 10.417480 1.577148 8.674316 8.454590
 0.181035 0.000205 46.556641 58.474023 0.000211 10.446777 12.292480 2.327148 13.049316 5.329590
 0.107910 0.000217 41.494141 56.330273 0.000270 11.618652 11.120605 1.483398 10.314941 10.407715
 0.152910 0.000312 45.994141 58.780273 0.000365 13.493652 12.995605 2.233398 5.939941 7.282715
 0.130410 0.000359 43.744141 57.555273 0.000223 12.556152 10.183105 1.858398 8.127441 8.845215
 0.175410 0.000264 48.244141 55.105273 0.000318 10.681152 12.058105 1.108398 12.502441 5.720215
 0.119160 0.000335 47.119141 58.167773 0.000389 11.149902 10.651855 1.295898 9.221191 8.063965
 0.164160 0.000240 42.619141 55.717773 0.000294 13.024902 12.526855 2.045898 13.596191 11.188965
 0.141660 0.000288 44.869141 56.942773 0.000341 12.087402 11.589355 2.420898 11.408691 6.501465
 0.186660 0.000383 40.369141 59.392773 0.000246 10.212402 13.464355 1.670898 7.033691 9.626465
 0.105098 0.000282 48.525391 55.870898 0.000217 10.798340 12.878418 1.811523 7.854004 9.431152
 0.150098 0.000377 44.025391 58.320898 0.000312 12.673340 11.003418 1.061523 12.229004 6.306152
 0.127598 0.000330 46.275391 59.545898 0.000264 13.610840 11.940918 1.436523 10.041504 10.993652
 0.172598 0.000235 41.775391 57.095898 0.000359 11.735840 10.065918 2.186523 5.666504 7.868652
 0.116348 0.000353 40.650391 58.933398 0.000335 10.329590 12.409668 2.374023 11.135254 5.524902
 0.161348 0.000258 45.150391 56.483398 0.000240 12.204590 10.534668 1.624023 6.760254 8.649902
 0.138848 0.000211 42.900391 55.258398 0.000383 13.142090 13.347168 1.249023 8.947754 7.087402
 0.183848 0.000306 47.400391 57.708398 0.000288 11.267090 11.472168 1.999023 13.322754 10.212402
 0.110723 0.000318 42.337891 57.402148 0.000229 10.563965 12.644043 1.155273 9.494629 5.134277
 0.155723 0.000223 46.837891 59.852148 0.000324 12.438965 10.769043 1.905273 5.119629 8.259277
 0.133223 0.000270 40.087891 58.627148 0.000276 13.376465 13.581543 2.280273 7.307129 6.696777
 0.178223 0.000365 44.587891 56.177148 0.000371 11.501465 11.706543 1.530273 11.682129 9.821777
 0.121973 0.000246 45.712891 58.014648 0.000300 10.095215 13.112793 1.717773 8.400879 9.040527
 0.166973 0.000341 41.212891 55.564648 0.000205 11.970215 11.237793 2.467773 12.775879 5.915527
 0.144473 0.000389 47.962891 56.789648 0.000347 12.907715 12.175293 2.092773 10.588379 10.603027
 0.189473 0.000294 43.462891 59.239648 0.000252 11.032715 10.300293 1.342773 6.213379 7.478027
 0.100527 0.000295 45.888672 56.387695 0.000358 13.654785 13.625488 1.536133 9.255371 6.037598
 0.145527 0.000390 41.388672 58.837695 0.000263 11.779785 11.750488 2.286133 13.630371 9.162598
 0.123027 0.000342 48.138672 57.612695 0.000311 10.842285 12.687988 1.911133 11.442871 7.600098
 0.168027 0.000247 43.638672 55.162695 0.000216 12.717285 10.812988 1.161133 7.067871 10.725098
 0.111777 0.000366 42.513672 58.225195 0.000287 13.186035 12.219238 1.348633 10.349121 8.381348
 0.156777 0.000271 47.013672 55.775195 0.000382 11.311035 10.344238 2.098633 5.974121 5.256348
 0.134277 0.000223 40.263672 57.000195 0.000240 10.373535 13.156738 2.473633 8.161621 9.943848
 0.179277 0.000318 44.763672 59.450195 0.000335 12.248535 11.281738 1.723633 12.536621 6.818848
 0.106152 0.000307 40.826172 55.468945 0.000370 13.420410 11.984863 2.192383 10.895996 8.771973
 0.151152 0.000212 45.326172 57.918945 0.000275 11.545410 10.109863 1.442383 6.520996 5.646973
 0.128652 0.000259 43.076172 59.143945 0.000323 10.607910 12.922363 1.067383 8.708496 10.334473
 0.173652 0.000354 47.576172 56.693945 0.000228 12.482910 11.047363 1.817383 13.083496 7.209473
 0.117402 0.000235 48.701172 59.756445 0.000252 12.951660 13.391113 2.004883 7.614746 6.428223
 0.162402 0.000330 44.201172 57.306445 0.000347 11.076660 11.516113 1.254883 11.989746 9.553223
 0.139902 0.000378 46.451172 56.081445 0.000204 10.139160 12.453613 1.629883 9.802246 7.990723
 0.184902 0.000283 41.951172 58.531445 0.000299 12.014160 10.578613 2.379883 5.427246 11.115723
