 0.100000 0.000200 40.000000 55.000000 0.000200 10.000000 10.000000 1.000000 5.000000 5.000000
 0.450000 0.000900 60.000000 65.000000 0.000900 17.500000 17.500000 5.500000 27.500000 22.500000
 0.275000 0.001250 50.000000 70.000000 0.000550 21.250000 13.750000 7.750000 38.750000 13.750000
 0.625000 0.000550 70.000000 60.000000 0.001250 13.750000 21.250000 3.250000 16.250000 31.250000
 0.187500 0.001075 75.000000 72.500000 0.001075 11.875000 15.625000 4.375000 44.375000 26.875000
 0.537500 0.000375 55.000000 62.500000 0.000375 19.375000 23.125000 8.875000 21.875000 9.375000
 0.362500 0.000725 65.000000 57.500000 0.001425 23.125000 11.875000 6.625000 10.625000 35.625000
 0.712500 0.001425 45.000000 67.500000 0.000725 15.625000 19.375000 2.125000 33.125000 18.125000
 0.143750 0.001513 67.500000 61.250000 0.000463 10.937500 16.562500 6.062500 41.562500 29.062500
 0.493750 0.000812 47.500000 71.250000 0.001162 18.437500 24.062500 1.562500 19.062500 11.562500
 0.318750 0.000463 77.500000 66.250000 0.000812 22.187500 12.812500 3.812500 7.812500 37.812500
 0.668750 0.001162 57.500000 56.250000 0.001513 14.687500 20.312500 8.312500 30.312500 20.312500
 0.231250 0.000638 52.500000 68.750000 0.000988 12.812500 10.937500 9.437500 13.437500 7.187500
 0.581250 0.001337 72.500000 58.750000 0.000288 20.312500 18.437500 4.937500 35.937500 24.687500
 0.406250 0.000988 42.500000 63.750000 0.001337 24.062500 14.687500 2.687500 47.187500 15.937500
 0.756250 0.000288 62.500000 73.750000 0.000638 16.562500 22.187500 7.187500 24.687500 33.437500
 0.121875 0.000944 56.250000 59.375000 0.000856 14.218750 24.531250 3.531250 9.218750 34.531250
 0.471875 0.000244 76.250000 69.375000 0.001556 21.718750 17.031250 8.031250 31.718750 17.031250
 0.296875 0.000594 46.250000 74.375000 0.000506 17.968750 20.781250 5.781250 42.968750 25.781250
 0.646875 0.001294 66.250000 64.375000 0.001206 10.468750 13.281250 1.281250 20.468750 8.281250
 0.209375 0.000419 61.250000 71.875000 0.001381 16.093750 18.906250 2.406250 48.593750 21.406250
 0.559375 0.001119 41.250000 61.875000 0.000681 23.593750 11.406250 6.906250 26.093750 38.906250
 0.384375 0.001469 71.250000 56.875000 0.001031 19.843750 22.656250 9.156250 14.843750 12.656250
 0.734375 0.000769 51.250000 66.875000 0.000331 12.343750 15.156250 4.656250 37.343750 30.156250
 0.165625 0.000856 73.750000 63.125000 0.000594 15.156250 17.968750 8.593750 40.156250 19.218750
 0.515625 0.001556 53.750000 73.125000 0.001294 22.656250 10.468750 4.093750 17.656250 36.718750
 0.340625 0.001206 63.750000 68.125000 0.000244 18.906250 21.718750 1.843750 6.406250 10.468750
 0.690625 0.000506 43.750000 58.125000 0.000944 11.406250 14.218750 6.343750 28.906250 27.968750
 0.253125 0.001381 48.750000 65.625000 0.001469 17.031250 23.593750 7.468750 12.031250 32.343750
 0.603125 0.000681 68.750000 55.625000 0.000769 24.531250 16.093750 2.968750 34.531250 14.843750
 0.428125 0.000331 58.750000 60.625000 0.001119 20.781250 19.843750 5.218750 45.781250 23.593750
 0.778125 0.001031 78.750000 70.625000 0.000419 13.281250 12.343750 9.718750 23.281250 6.093750
 0.110938 0.001316 78.125000 68.437500 0.001316 23.828125 21.015625 9.015625 29.609375 33.984375
 0.460938 0.000616 58.125000 58.437500 0.000616 16.328125 13.515625 4.515625 7.109375 16.484375
 0.285938 0.000266 68.125000 63.437500 0.000966 12.578125 24.765625 2.265625 18.359375 25.234375
 0.635938 0.000966 48.125000 73.437500 0.000266 20.078125 17.265625 6.765625 40.859375 7.734375
 0.198438 0.000791 43.125000 60.937500 0.000791 21.953125 22.890625 5.640625 23.984375 20.859375
 0.548438 0.001491 63.125000 70.937500 0.001491 14.453125 15.390625 1.140625 46.484375 38.359375
 0.373438 0.001141 53.125000 65.937500 0.000441 10.703125 19.140625 3.390625 35.234375 12.109375
 0.723438 0.000441 73.125000 55.937500 0.001141 18.203125 11.640625 7.890625 12.734375 29.609375
 0.154688 0.000528 50.625000 74.687500 0.001578 24.765625 21.953125 5.078125 21.171875 18.671875
 0.504688 0.001228 70.625000 64.687500 0.000878 17.265625 14.453125 9.578125 43.671875 36.171875
 0.329688 0.001578 40.625000 59.687500 0.001228 13.515625 18.203125 7.328125 32.421875 9.921875
 0.679688 0.000878 60.625000 69.687500 0.000528 21.015625 10.703125 2.828125 9.921875 27.421875
 0.242188 0.001053 65.625000 57.187500 0.000703 22.890625 20.078125 1.703125 38.046875 31.796875
 0.592188 0.000353 45.625000 67.187500 0.001403 15.390625 12.578125 6.203125 15.546875 14.296875
 0.417188 0.000703 75.625000 72.187500 0.000353 11.640625 23.828125 8.453125 26.796875 23.046875
 0.767188 0.001403 55.625000 62.187500 0.001053 19.140625 16.328125 3.953125 49.296875 5.546875
 0.132813 0.000572 64.375000 66.562500 0.001184 19.609375 13.984375 7.046875 31.015625 6.640625
 0.482813 0.001272 44.375000 56.562500 0.000484 12.109375 21.484375 2.546875 8.515625 24.140625
 0.307813 0.000922 74.375000 61.562500 0.001534 15.859375 10.234375 4.796875 19.765625 15.390625
 0.657813 0.000222 54.375000 71.562500 0.000834 23.359375 17.734375 9.296875 42.265625 32.890625
 0.220313 0.001447 59.375000 64.062500 0.000309 17.734375 12.109375 8.171875 25.390625 28.515625
 0.570313 0.000747 79.375000 74.062500 0.001009 10.234375 19.609375 3.671875 47.890625 11.015625
 0.395313 0.000397 49.375000 69.062500 0.000659 13.984375 15.859375 1.421875 36.640625 37.265625
 0.745313 0.001097 69.375000 59.062500 0.001359 21.484375 23.359375 5.921875 14.140625 19.765625
 0.176563 0.001184 46.875000 70.312500 0.000922 20.546875 13.046875 3.109375 16.953125 30.703125
 0.526563 0.000484 66.875000 60.312500 0.000222 13.046875 20.546875 7.609375 39.453125 13.203125
 0.351563 0.000834 56.875000 55.312500 0.001272 16.796875 16.796875 9.859375 28.203125 39.453125
 0.701563 0.001534 76.875000 65.312500 0.000572 24.296875 24.296875 5.359375 5.703125 21.953125
 0.264063 0.000309 71.875000 57.812500 0.000397 18.671875 14.921875 4.234375 33.828125 8.828125
 0.614063 0.001009 51.875000 67.812500 0.001097 11.171875 22.421875 8.734375 11.328125 26.328125
 0.439063 0.001359 61.875000 72.812500 0.000747 14.921875 11.171875 6.484375 22.578125 17.578125
 0.789063 0.000659 41.875000 62.812500 0.001447 22.421875 18.671875 1.984375 45.078125 35.078125
 0.105469 0.001130 60.937500 62.656250 0.001567 12.929688 22.773438 4.023438 36.289063 23.867188
 0.455469 0.000430 40.937500 72.656250 0.000867 20.429688 15.273438 8.523438 13.789063 6.367188
 0.280469 0.000780 70.937500 67.656250 0.001217 24.179688 19.023438 6.273438 25.039063 32.617188
 0.630469 0.001480 50.937500 57.656250 0.000517 16.679688 11.523438 1.773438 47.539063 15.117188
 0.192969 0.000255 55.937500 65.156250 0.000692 11.054688 20.898438 2.898438 19.414063 10.742188
 0.542969 0.000955 75.937500 55.156250 0.001392 18.554688 13.398438 7.398438 41.914063 28.242188
 0.367969 0.001305 45.937500 60.156250 0.000342 22.304688 24.648438 9.648438 30.664063 19.492188
 0.717969 0.000605 65.937500 70.156250 0.001042 14.804688 17.148438 5.148438 8.164063 36.992188
 0.149219 0.000692 48.437500 58.906250 0.001305 11.992188 19.960938 7.960938 22.226563 12.929688
 0.499219 0.001392 68.437500 68.906250 0.000605 19.492188 12.460938 3.460938 44.726563 30.429688
 0.324219 0.001042 58.437500 73.906250 0.000955 23.242188 23.710938 1.210938 33.476563 21.679688
 0.674219 0.000342 78.437500 63.906250 0.000255 15.742188 16.210938 5.710938 10.976563 39.179688
 0.236719 0.001567 73.437500 71.406250 0.000780 10.117188 21.835938 6.835938 27.851563 26.054688
 0.586719 0.000867 53.437500 61.406250 0.001480 17.617188 14.335938 2.335938 5.351563 8.554688
 0.411719 0.000517 63.437500 56.406250 0.000430 21.367188 18.085938 4.585938 16.601563 34.804688
 0.761719 0.001217 43.437500 66.406250 0.001130 13.867188 10.585938 9.085938 39.101563 17.304688
 0.127344 0.000386 77.187500 62.031250 0.000911 17.148438 11.992188 2.054688 34.882813 16.210938
 0.477344 0.001086 57.187500 72.031250 0.000211 24.648438 19.492188 6.554688 12.382813 33.710938
 0.302344 0.001436 67.187500 67.031250 0.001261 20.898438 15.742188 8.804688 23.632813 7.460938
 0.652344 0.000736 47.187500 57.031250 0.000561 13.398438 23.242188 4.304688 46.132813 24.960938
 0.214844 0.000911 42.187500 69.531250 0.000386 15.273438 13.867188 5.429688 18.007813 38.085938
 0.564844 0.000211 62.187500 59.531250 0.001086 22.773438 21.367188 9.929688 40.507813 20.585938
 0.389844 0.000561 52.187500 64.531250 0.000736 19.023438 10.117188 7.679688 29.257813 29.335938
 0.739844 0.001261 72.187500 74.531250 0.001436 11.523438 17.617188 3.179688 6.757813 11.835938
 0.171094 0.001348 54.687500 55.781250 0.001173 16.210938 14.804688 5.992188 26.445313 35.898438
 0.521094 0.000648 74.687500 65.781250 0.000473 23.710938 22.304688 1.492188 48.945313 18.398438
 0.346094 0.000298 44.687500 70.781250 0.001523 19.960938 11.054688 3.742188 37.695313 27.148438
 0.696094 0.000998 64.687500 60.781250 0.000823 12.460938 18.554688 8.242188 15.195313 9.648438
 0.258594 0.000823 69.687500 73.281250 0.000298 14.335938 12.929688 9.367188 32.070313 14.023438
 0.608594 0.001523 49.687500 63.281250 0.000998 21.835938 20.429688 4.867188 9.570313 31.523438
 0.433594 0.001173 79.687500 58.281250 0.000648 18.085938 16.679688 2.617188 20.820313 5.273438
 0.783594 0.000473 59.687500 68.281250 0.001348 10.585938 24.179688 7.117188 43.320313 22.773438
 0.116406 0.000758 57.812500 71.093750 0.000495 23.007813 15.976563 7.257813 15.898438 17.851563
 0.466406 0.001458 77.812500 61.093750 0.001195 15.507813 23.476563 2.757813 38.398438 35.351563
 0.291406 0.001108 47.812500 56.093750 0.000845 11.757813 12.226563 5.007813 49.648438 9.101563
 0.641406 0.000408 67.812500 66.093750 0.001545 19.257813 19.726563 9.507813 27.148438 26.601563
 0.203906 0.001283 62.812500 58.593750 0.001020 24.882813 10.351563 8.382813 44.023438 39.726563
 0.553906 0.000583 42.812500 68.593750 0.000320 17.382813 17.851563 3.882813 21.523438 22.226563
 0.378906 0.000233 72.812500 73.593750 0.001370 13.632813 14.101563 1.632813 10.273438 30.976563
 0.728906 0.000933 52.812500 63.593750 0.000670 21.132813 21.601563 6.132813 32.773438 13.476563
 0.160156 0.001020 70.312500 67.343750 0.000233 22.070313 11.289063 2.195313 46.835938 37.539063
 0.510156 0.000320 50.312500 57.343750 0.000933 14.570313 18.789063 6.695313 24.335938 20.039063
 0.335156 0.000670 60.312500 62.343750 0.000583 10.820313 15.039063 8.945313 13.085938 28.789063
 0.685156 0.001370 40.312500 72.343750 0.001283 18.320313 22.539063 4.445313 35.585938 11.289063
 0.247656 0.000495 45.312500 64.843750 0.001108 23.945313 16.914063 3.320313 7.460938 15.664063
 0.597656 0.001195 65.312500 74.843750 0.000408 16.445313 24.414063 7.820313 29.960938 33.164063
 0.422656 0.001545 55.312500 69.843750 0.001458 12.695313 13.164063 5.570313 41.210938 6.914063
 0.772656 0.000845 75.312500 59.843750 0.000758 20.195313 20.664063 1.070313 18.710938 24.414063
 0.138281 0.001502 44.062500 74.218750 0.000627 18.789063 19.257813 9.789063 11.679688 23.320313
 0.488281 0.000802 64.062500 64.218750 0.001327 11.289063 11.757813 5.289063 34.179688 5.820313
 0.313281 0.000452 54.062500 59.218750 0.000277 15.039063 23.007813 3.039063 45.429688 32.070313
 0.663281 0.001152 74.062500 69.218750 0.000977 22.539063 15.507813 7.539063 22.929688 14.570313
 0.225781 0.000627 79.062500 56.718750 0.001502 20.664063 24.882813 6.414063 39.804688 10.195313
 0.575781 0.001327 59.062500 66.718750 0.000802 13.164063 17.382813 1.914063 17.304688 27.695313
 0.400781 0.000977 69.062500 71.718750 0.001152 16.914063 21.132813 4.164063 6.054688 18.945313
 0.750781 0.000277 49.062500 61.718750 0.000452 24.414063 13.632813 8.664063 28.554688 36.445313
 0.182031 0.000364 66.562500 67.968750 0.000889 17.851563 23.945313 4.726563 48.242188 12.382813
 0.532031 0.001064 46.562500 57.968750 0.001589 10.351563 16.445313 9.226563 25.742188 29.882813
 0.357031 0.001414 76.562500 62.968750 0.000539 14.101563 20.195313 6.976563 14.492188 21.132813
 0.707031 0.000714 56.562500 72.968750 0.001239 21.601563 12.695313 2.476563 36.992188 38.632813
 0.269531 0.001239 51.562500 60.468750 0.001414 19.726563 18.320313 1.351563 8.867188 25.507813
 0.619531 0.000539 71.562500 70.468750 0.000714 12.226563 10.820313 5.851563 31.367188 8.007813
 0.444531 0.000889 41.562500 65.468750 0.001064 15.976563 22.070313 8.101563 42.617188 34.257813
 0.794531 0.001589 61.562500 55.468750 0.000364 23.476563 14.570313 3.601563 20.117188 16.757813
 0.102734 0.001595 52.343750 66.484375 0.000971 15.214844 20.136719 2.511719 6.582031 8.417969
 0.452734 0.000895 72.343750 56.484375 0.000271 22.714844 12.636719 7.011719 29.082031 25.917969
 0.277734 0.000545 42.343750 61.484375 0.001321 18.964844 23.886719 9.261719 40.332031 17.167969
 0.627734 0.001245 62.343750 71.484375 0.000621 11.464844 16.386719 4.761719 17.832031 34.667969
 0.190234 0.000720 67.343750 63.984375 0.000446 17.089844 22.011719 3.636719 45.957031 30.292969
 0.540234 0.001420 47.343750 73.984375 0.001146 24.589844 14.511719 8.136719 23.457031 12.792969
 0.365234 0.001070 77.343750 68.984375 0.000796 20.839844 18.261719 5.886719 12.207031 39.042969
 0.715234 0.000370 57.343750 58.984375 0.001496 13.339844 10.761719 1.386719 34.707031 21.542969
 0.146484 0.000282 79.843750 70.234375 0.001234 14.277344 22.949219 7.574219 43.144531 28.105469
 0.496484 0.000982 59.843750 60.234375 0.000534 21.777344 15.449219 3.074219 20.644531 10.605469
 0.321484 0.001332 69.843750 55.234375 0.001584 18.027344 19.199219 5.324219 9.394531 36.855469
 0.671484 0.000632 49.843750 65.234375 0.000884 10.527344 11.699219 9.824219 31.894531 19.355469
 0.233984 0.001157 44.843750 57.734375 0.000359 16.152344 21.074219 8.699219 15.019531 6.230469
 0.583984 0.000457 64.843750 67.734375 0.001059 23.652344 13.574219 4.199219 37.519531 23.730469
 0.408984 0.000807 54.843750 72.734375 0.000709 19.902344 24.824219 1.949219 48.769531 14.980469
 0.758984 0.001507 74.843750 62.734375 0.001409 12.402344 17.324219 6.449219 26.269531 32.480469
 0.124609 0.000851 46.093750 68.359375 0.001540 10.996094 14.980469 4.480469 7.988281 31.386719
 0.474609 0.001551 66.093750 58.359375 0.000840 18.496094 22.480469 8.980469 30.488281 13.886719
 0.299609 0.001201 56.093750 63.359375 0.001190 22.246094 11.230469 6.730469 41.738281 22.636719
 0.649609 0.000501 76.093750 73.359375 0.000490 14.746094 18.730469 2.230469 19.238281 5.136719
 0.212109 0.001376 71.093750 60.859375 0.000665 12.871094 13.105469 1.105469 47.363281 18.261719
 0.562109 0.000676 51.093750 70.859375 0.001365 20.371094 20.605469 5.605469 24.863281 35.761719
 0.387109 0.000326 61.093750 65.859375 0.000315 24.121094 16.855469 7.855469 13.613281 9.511719
 0.737109 0.001026 41.093750 55.859375 0.001015 16.621094 24.355469 3.355469 36.113281 27.011719
 0.168359 0.000938 63.593750 74.609375 0.001277 10.058594 12.167969 9.542969 38.925781 20.449219
 0.518359 0.000238 43.593750 64.609375 0.000577 17.558594 19.667969 5.042969 16.425781 37.949219
 0.343359 0.000588 73.593750 59.609375 0.000927 21.308594 15.917969 2.792969 5.175781 11.699219
 0.693359 0.001288 53.593750 69.609375 0.000227 13.808594 23.417969 7.292969 27.675781 29.199219
 0.255859 0.000413 58.593750 57.109375 0.000752 11.933594 14.042969 6.167969 10.800781 33.574219
 0.605859 0.001113 78.593750 67.109375 0.001452 19.433594 21.542969 1.667969 33.300781 16.074219
 0.430859 0.001463 48.593750 72.109375 0.000402 23.183594 10.292969 3.917969 44.550781 24.824219
 0.780859 0.000763 68.593750 62.109375 0.001102 15.683594 17.792969 8.417969 22.050781 7.324219
 0.113672 0.000479 69.218750 59.921875 0.000555 20.605469 10.996094 8.277344 28.378906 33.027344
 0.463672 0.001179 49.218750 69.921875 0.001255 13.105469 18.496094 3.777344 5.878906 15.527344
 0.288672 0.001529 79.218750 74.921875 0.000205 16.855469 14.746094 1.527344 17.128906 24.277344
 0.638672 0.000829 59.218750 64.921875 0.000905 24.355469 22.246094 6.027344 39.628906 6.777344
 0.201172 0.001004 54.218750 72.421875 0.001430 18.730469 16.621094 7.152344 22.753906 19.902344
 0.551172 0.000304 74.218750 62.421875 0.000730 11.230469 24.121094 2.652344 45.253906 37.402344
 0.376172 0.000654 44.218750 57.421875 0.001080 14.980469 12.871094 4.902344 34.003906 11.152344
 0.726172 0.001354 64.218750 67.421875 0.000380 22.480469 20.371094 9.402344 11.503906 28.652344
 0.157422 0.001266 41.718750 63.671875 0.000818 19.667969 15.683594 4.339844 19.941406 22.089844
 0.507422 0.000566 61.718750 73.671875 0.001518 12.167969 23.183594 8.839844 42.441406 39.589844
 0.332422 0.000216 51.718750 68.671875 0.000468 15.917969 11.933594 6.589844 31.191406 13.339844
 0.682422 0.000916 71.718750 58.671875 0.001168 23.417969 19.433594 2.089844 8.691406 30.839844
 0.244922 0.000741 76.718750 66.171875 0.001343 17.792969 10.058594 3.214844 36.816406 35.214844
 0.594922 0.001441 56.718750 56.171875 0.000643 10.292969 17.558594 7.714844 14.316406 17.714844
 0.419922 0.001091 66.718750 61.171875 0.000993 14.042969 13.808594 9.964844 25.566406 26.464844
 0.769922 0.000391 46.718750 71.171875 0.000293 21.542969 21.308594 5.464844 48.066406 8.964844
 0.135547 0.001223 72.968750 55.546875 0.000512 24.824219 23.652344 5.746094 32.597656 7.871094
 0.485547 0.000523 52.968750 65.546875 0.001212 17.324219 16.152344 1.246094 10.097656 25.371094
 0.310547 0.000873 62.968750 70.546875 0.000862 13.574219 19.902344 3.496094 21.347656 16.621094
 0.660547 0.001573 42.968750 60.546875 0.001562 21.074219 12.402344 7.996094 43.847656 34.121094
 0.223047 0.000348 47.968750 73.046875 0.001037 22.949219 18.027344 9.121094 26.972656 29.746094
 0.573047 0.001048 67.968750 63.046875 0.000337 15.449219 10.527344 4.621094 49.472656 12.246094
 0.398047 0.001398 57.968750 58.046875 0.001387 11.699219 21.777344 2.371094 38.222656 38.496094
 0.748047 0.000698 77.968750 68.046875 0.000687 19.199219 14.277344 6.871094 15.722656 20.996094
 0.179297 0.000610 55.468750 61.796875 0.000249 23.886719 18.964844 1.808594 18.535156 27.558594
 0.529297 0.001310 75.468750 71.796875 0.000949 16.386719 11.464844 6.308594 41.035156 10.058594
 0.354297 0.000960 45.468750 66.796875 0.000599 12.636719 22.714844 8.558594 29.785156 36.308594
 0.704297 0.000260 65.468750 56.796875 0.001299 20.136719 15.214844 4.058594 7.285156 18.808594
 0.266797 0.001485 60.468750 69.296875 0.001124 22.011719 24.589844 5.183594 35.410156 5.683594
 0.616797 0.000785 40.468750 59.296875 0.000424 14.511719 17.089844 9.683594 12.910156 23.183594
 0.441797 0.000435 70.468750 64.296875 0.001474 10.761719 20.839844 7.433594 24.160156 14.433594
 0.791797 0.001135 50.468750 74.296875 0.000774 18.261719 13.339844 2.933594 46.660156 31.933594
 0.108203 0.000665 71.406250 73.828125 0.000851 16.269531 16.972656 5.394531 37.871094 25.097656
 0.458203 0.001365 51.406250 63.828125 0.001551 23.769531 24.472656 9.894531 15.371094 7.597656
 0.283203 0.001015 61.406250 58.828125 0.000501 20.019531 13.222656 7.644531 26.621094 33.847656
 0.633203 0.000315 41.406250 68.828125 0.001201 12.519531 20.722656 3.144531 49.121094 16.347656
 0.195703 0.001540 46.406250 56.328125 0.001376 14.394531 11.347656 2.019531 20.996094 11.972656
 0.545703 0.000840 66.406250 66.328125 0.000676 21.894531 18.847656 6.519531 43.496094 29.472656
 0.370703 0.000490 56.406250 71.328125 0.001026 18.144531 15.097656 8.769531 32.246094 20.722656
 0.720703 0.001190 76.406250 61.328125 0.000326 10.644531 22.597656 4.269531 9.746094 38.222656
 0.151953 0.001102 58.906250 67.578125 0.000588 17.207031 10.410156 9.332031 23.808594 9.785156
 0.501953 0.000402 78.906250 57.578125 0.001288 24.707031 17.910156 4.832031 46.308594 27.285156
 0.326953 0.000752 48.906250 62.578125 0.000238 20.957031 14.160156 2.582031 35.058594 18.535156
 0.676953 0.001452 68.906250 72.578125 0.000938 13.457031 21.660156 7.082031 12.558594 36.035156
 0.239453 0.000227 63.906250 60.078125 0.001463 15.332031 16.035156 5.957031 29.433594 22.910156
 0.589453 0.000927 43.906250 70.078125 0.000763 22.832031 23.535156 1.457031 6.933594 5.410156
 0.414453 0.001277 73.906250 65.078125 0.001113 19.082031 12.285156 3.707031 18.183594 31.660156
 0.764453 0.000577 53.906250 55.078125 0.000413 11.582031 19.785156 8.207031 40.683594 14.160156
 0.130078 0.001409 65.156250 70.703125 0.000282 12.050781 18.378906 2.863281 33.652344 15.253906
 0.480078 0.000709 45.156250 60.703125 0.000982 19.550781 10.878906 7.363281 11.152344 32.753906
 0.305078 0.000359 75.156250 55.703125 0.000632 23.300781 22.128906 9.613281 22.402344 6.503906
 0.655078 0.001059 55.156250 65.703125 0.001332 15.800781 14.628906 5.113281 44.902344 24.003906
 0.217578 0.000884 50.156250 58.203125 0.001157 10.175781 24.003906 3.988281 16.777344 37.128906
 0.567578 0.001584 70.156250 68.203125 0.000457 17.675781 16.503906 8.488281 39.277344 19.628906
 0.392578 0.001234 40.156250 73.203125 0.001507 21.425781 20.253906 6.238281 28.027344 28.378906
 0.742578 0.000534 60.156250 63.203125 0.000807 13.925781 12.753906 1.738281 5.527344 10.878906
 0.173828 0.000446 42.656250 66.953125 0.000545 12.988281 24.941406 6.800781 25.214844 39.316406
 0.523828 0.001146 62.656250 56.953125 0.001245 20.488281 17.441406 2.300781 47.714844 21.816406
 0.348828 0.001496 52.656250 61.953125 0.000895 24.238281 21.191406 4.550781 36.464844 30.566406
 0.698828 0.000796 72.656250 71.953125 0.001595 16.738281 13.691406 9.050781 13.964844 13.066406
 0.261328 0.000971 77.656250 64.453125 0.001070 11.113281 19.316406 7.925781 30.839844 17.441406
 0.611328 0.000271 57.656250 74.453125 0.000370 18.613281 11.816406 3.425781 8.339844 34.941406
 0.436328 0.000621 67.656250 69.453125 0.001420 22.363281 23.066406 1.175781 19.589844 8.691406
 0.786328 0.001321 47.656250 59.453125 0.000720 14.863281 15.566406 5.675781 42.089844 26.191406
 0.119141 0.001037 49.531250 62.265625 0.001223 17.910156 21.894531 6.378906 14.667969 14.707031
 0.469141 0.000337 69.531250 72.265625 0.000523 10.410156 14.394531 1.878906 37.167969 32.207031
 0.294141 0.000687 59.531250 67.265625 0.001573 14.160156 18.144531 4.128906 48.417969 5.957031
 0.644141 0.001387 79.531250 57.265625 0.000873 21.660156 10.644531 8.628906 25.917969 23.457031
 0.206641 0.000512 74.531250 69.765625 0.000348 19.785156 20.019531 9.753906 42.792969 36.582031
 0.556641 0.001212 54.531250 59.765625 0.001048 12.285156 12.519531 5.253906 20.292969 19.082031
 0.381641 0.001562 64.531250 64.765625 0.000698 16.035156 23.769531 3.003906 9.042969 27.832031
 0.731641 0.000862 44.531250 74.765625 0.001398 23.535156 16.269531 7.503906 31.542969 10.332031
 0.162891 0.000774 62.031250 56.015625 0.000960 18.847656 20.957031 1.316406 45.605469 38.769531
 0.512891 0.001474 42.031250 66.015625 0.000260 11.347656 13.457031 5.816406 23.105469 21.269531
 0.337891 0.001124 72.031250 71.015625 0.001310 15.097656 24.707031 8.066406 11.855469 30.019531
 0.687891 0.000424 52.031250 61.015625 0.000610 22.597656 17.207031 3.566406 34.355469 12.519531
 0.250391 0.001299 57.031250 73.515625 0.000435 20.722656 22.832031 4.691406 6.230469 16.894531
 0.600391 0.000599 77.031250 63.515625 0.001135 13.222656 15.332031 9.191406 28.730469 34.394531
 0.425391 0.000249 47.031250 58.515625 0.000785 16.972656 19.082031 6.941406 39.980469 8.144531
 0.775391 0.000949 67.031250 68.515625 0.001485 24.472656 11.582031 2.441406 17.480469 25.644531
 0.141016 0.000293 53.281250 62.890625 0.001266 22.128906 12.988281 8.347656 13.261719 26.738281
 0.491016 0.000993 73.281250 72.890625 0.000566 14.628906 20.488281 3.847656 35.761719 9.238281
 0.316016 0.001343 43.281250 67.890625 0.000916 10.878906 16.738281 1.597656 47.011719 35.488281
 0.666016 0.000643 63.281250 57.890625 0.000216 18.378906 24.238281 6.097656 24.511719 17.988281
 0.228516 0.001168 68.281250 65.390625 0.000741 24.003906 14.863281 7.222656 41.386719 13.613281
 0.578516 0.000468 48.281250 55.390625 0.001441 16.503906 22.363281 2.722656 18.886719 31.113281
 0.403516 0.000818 78.281250 60.390625 0.000391 12.753906 11.113281 4.972656 7.636719 22.363281
 0.753516 0.001518 58.281250 70.390625 0.001091 20.253906 18.613281 9.472656 30.136719 39.863281
 0.184766 0.001430 75.781250 59.140625 0.001529 23.066406 13.925781 3.285156 49.824219 11.425781
 0.534766 0.000730 55.781250 69.140625 0.000829 15.566406 21.425781 7.785156 27.324219 28.925781
 0.359766 0.000380 65.781250 74.140625 0.001179 11.816406 10.175781 5.535156 16.074219 20.175781
 0.709766 0.001080 45.781250 64.140625 0.000479 19.316406 17.675781 1.035156 38.574219 37.675781
 0.272266 0.000555 40.781250 71.640625 0.000654 24.941406 12.050781 2.160156 10.449219 24.550781
 0.622266 0.001255 60.781250 61.640625 0.001354 17.441406 19.550781 6.660156 32.949219 7.050781
 0.447266 0.000905 50.781250 56.640625 0.000304 13.691406 15.800781 8.910156 44.199219 33.300781
 0.797266 0.000205 70.781250 66.640625 0.001004 21.191406 23.300781 4.410156 21.699219 15.800781
 0.101367 0.000903 76.328125 72.148438 0.000684 19.404297 15.302734 4.955078 25.654297 12.041016
 0.451367 0.000203 56.328125 62.148438 0.001384 11.904297 22.802734 9.455078 48.154297 29.541016
 0.276367 0.000553 66.328125 57.148438 0.000334 15.654297 11.552734 7.205078 36.904297 20.791016
 0.626367 0.001253 46.328125 67.148438 0.001034 23.154297 19.052734 2.705078 14.404297 38.291016
 0.188867 0.000378 41.328125 59.648438 0.001559 17.529297 13.427734 1.580078 31.279297 25.166016
 0.538867 0.001078 61.328125 69.648438 0.000859 10.029297 20.927734 6.080078 8.779297 7.666016
 0.363867 0.001428 51.328125 74.648438 0.001209 13.779297 17.177734 8.330078 20.029297 33.916016
 0.713867 0.000728 71.328125 64.648438 0.000509 21.279297 24.677734 3.830078 42.529297 16.416016
 0.145117 0.000815 53.828125 65.898438 0.000771 20.341797 12.490234 8.892578 34.091797 22.978516
 0.495117 0.001515 73.828125 55.898438 0.001471 12.841797 19.990234 4.392578 11.591797 5.478516
 0.320117 0.001165 43.828125 60.898438 0.000421 16.591797 16.240234 2.142578 22.841797 31.728516
 0.670117 0.000465 63.828125 70.898438 0.001121 24.091797 23.740234 6.642578 45.341797 14.228516
 0.232617 0.001340 68.828125 63.398438 0.001296 18.466797 14.365234 5.517578 17.216797 9.853516
 0.582617 0.000640 48.828125 73.398438 0.000596 10.966797 21.865234 1.017578 39.716797 27.353516
 0.407617 0.000290 78.828125 68.398438 0.000946 14.716797 10.615234 3.267578 28.466797 18.603516
 0.757617 0.000990 58.828125 58.398438 0.000246 22.216797 18.115234 7.767578 5.966797 36.103516
 0.123242 0.000246 60.078125 72.773438 0.000378 23.623047 19.521484 2.986328 24.248047 37.197266
 0.473242 0.000946 40.078125 62.773438 0.001078 16.123047 12.021484 7.486328 46.748047 19.697266
 0.298242 0.001296 70.078125 57.773438 0.000728 12.373047 23.271484 9.736328 35.498047 28.447266
 0.648242 0.000596 50.078125 67.773438 0.001428 19.873047 15.771484 5.236328 12.998047 10.947266
 0.210742 0.001121 55.078125 55.273438 0.000903 21.748047 21.396484 4.111328 29.873047 15.322266
 0.560742 0.000421 75.078125 65.273438 0.000203 14.248047 13.896484 8.611328 7.373047 32.822266
 0.385742 0.000771 45.078125 70.273438 0.001253 10.498047 17.646484 6.361328 18.623047 6.572266
 0.735742 0.001471 65.078125 60.273438 0.000553 17.998047 10.146484 1.861328 41.123047 24.072266
 0.166992 0.001559 47.578125 69.023438 0.000290 24.560547 22.333984 6.923828 38.310547 17.509766
 0.516992 0.000859 67.578125 59.023438 0.000990 17.060547 14.833984 2.423828 15.810547 35.009766
 0.341992 0.000509 57.578125 64.023438 0.000640 13.310547 18.583984 4.673828 27.060547 8.759766
 0.691992 0.001209 77.578125 74.023438 0.001340 20.810547 11.083984 9.173828 49.560547 26.259766
 0.254492 0.000684 72.578125 61.523438 0.001165 22.685547 20.458984 8.048828 21.435547 39.384766
 0.604492 0.001384 52.578125 71.523438 0.000465 15.185547 12.958984 3.548828 43.935547 21.884766
 0.429492 0.001034 62.578125 66.523438 0.001515 11.435547 24.208984 1.298828 32.685547 30.634766
 0.779492 0.000334 42.578125 56.523438 0.000815 18.935547 16.708984 5.798828 10.185547 13.134766
 0.112305 0.000618 44.453125 64.335938 0.001012 14.482422 23.505859 6.220703 48.857422 36.650391
 0.462305 0.001318 64.453125 74.335938 0.000312 21.982422 16.005859 1.720703 26.357422 19.150391
 0.287305 0.000968 54.453125 69.335938 0.001362 18.232422 19.755859 3.970703 15.107422 27.900391
 0.637305 0.000268 74.453125 59.335938 0.000662 10.732422 12.255859 8.470703 37.607422 10.400391
 0.199805 0.001493 79.453125 66.835938 0.000487 16.357422 17.880859 9.595703 9.482422 14.775391
 0.549805 0.000793 59.453125 56.835938 0.001187 23.857422 10.380859 5.095703 31.982422 32.275391
 0.374805 0.000443 69.453125 61.835938 0.000837 20.107422 21.630859 2.845703 43.232422 6.025391
 0.724805 0.001143 49.453125 71.835938 0.001537 12.607422 14.130859 7.345703 20.732422 23.525391
 0.156055 0.001231 66.953125 58.085938 0.001100 15.419922 18.818359 1.158203 12.294922 16.962891
 0.506055 0.000531 46.953125 68.085938 0.000400 22.919922 11.318359 5.658203 34.794922 34.462891
 0.331055 0.000881 76.953125 73.085938 0.001450 19.169922 22.568359 7.908203 46.044922 8.212891
 0.681055 0.001581 56.953125 63.085938 0.000750 11.669922 15.068359 3.408203 23.544922 25.712891
 0.243555 0.000356 51.953125 70.585938 0.000225 17.294922 24.443359 4.533203 40.419922 38.837891
 0.593555 0.001056 71.953125 60.585938 0.000925 24.794922 16.943359 9.033203 17.919922 21.337891
 0.418555 0.001406 41.953125 55.585938 0.000575 21.044922 20.693359 6.783203 6.669922 30.087891
 0.768555 0.000706 61.953125 65.585938 0.001275 13.544922 13.193359 2.283203 29.169922 12.587891
 0.134180 0.001275 58.203125 61.210938 0.001493 10.263672 11.787109 8.751953 44.638672 13.681641
 0.484180 0.000575 78.203125 71.210938 0.000793 17.763672 19.287109 4.251953 22.138672 31.181641
 0.309180 0.000225 48.203125 66.210938 0.001143 21.513672 15.537109 2.001953 10.888672 22.431641
 0.659180 0.000925 68.203125 56.210938 0.000443 14.013672 23.037109 6.501953 33.388672 39.931641
 0.221680 0.000750 63.203125 68.710938 0.000618 12.138672 17.412109 7.626953 5.263672 26.806641
 0.571680 0.001450 43.203125 58.710938 0.001318 19.638672 24.912109 3.126953 27.763672 9.306641
 0.396680 0.001100 73.203125 63.710938 0.000268 23.388672 13.662109 5.376953 39.013672 35.556641
 0.746680 0.000400 53.203125 73.710938 0.000968 15.888672 21.162109 9.876953 16.513672 18.056641
 0.177930 0.000487 70.703125 57.460938 0.001406 11.201172 16.474609 3.689453 13.701172 24.619141
 0.527930 0.001187 50.703125 67.460938 0.000706 18.701172 23.974609 8.189453 36.201172 7.119141
 0.352930 0.001537 60.703125 72.460938 0.001056 22.451172 12.724609 5.939453 47.451172 33.369141
 0.702930 0.000837 40.703125 62.460938 0.000356 14.951172 20.224609 1.439453 24.951172 15.869141
 0.265430 0.001012 45.703125 74.960938 0.000881 13.076172 10.849609 2.564453 41.826172 11.494141
 0.615430 0.000312 65.703125 64.960938 0.001581 20.576172 18.349609 7.064453 19.326172 28.994141
 0.440430 0.000662 55.703125 59.960938 0.000531 24.326172 14.599609 9.314453 8.076172 20.244141
 0.790430 0.001362 75.703125 69.960938 0.001231 16.826172 22.099609 4.814453 30.576172 37.744141
 0.106836 0.000432 57.265625 69.492188 0.001089 18.583984 17.529297 2.353516 40.068359 30.361328
 0.456836 0.001132 77.265625 59.492188 0.000389 11.083984 10.029297 6.853516 17.568359 12.861328
 0.281836 0.001482 47.265625 64.492188 0.001439 14.833984 21.279297 9.103516 6.318359 39.111328
 0.631836 0.000782 67.265625 74.492188 0.000739 22.333984 13.779297 4.603516 28.818359 21.611328
 0.194336 0.000957 62.265625 61.992188 0.000214 20.458984 23.154297 3.478516 11.943359 8.486328
 0.544336 0.000257 42.265625 71.992188 0.000914 12.958984 15.654297 7.978516 34.443359 25.986328
 0.369336 0.000607 72.265625 66.992188 0.000564 16.708984 19.404297 5.728516 45.693359 17.236328
 0.719336 0.001307 52.265625 56.992188 0.001264 24.208984 11.904297 1.228516 23.193359 34.736328
 0.150586 0.001395 74.765625 73.242188 0.001001 17.646484 24.091797 7.416016 9.130859 6.298828
 0.500586 0.000695 54.765625 63.242188 0.000301 10.146484 16.591797 2.916016 31.630859 23.798828
 0.325586 0.000345 64.765625 58.242188 0.001351 13.896484 20.341797 5.166016 42.880859 15.048828
 0.675586 0.001045 44.765625 68.242188 0.000651 21.396484 12.841797 9.666016 20.380859 32.548828
 0.238086 0.000870 49.765625 55.742188 0.000476 19.521484 18.466797 8.541016 48.505859 28.173828
 0.588086 0.001570 69.765625 65.742188 0.001176 12.021484 10.966797 4.041016 26.005859 10.673828
 0.413086 0.001220 59.765625 70.742188 0.000826 15.771484 22.216797 1.791016 14.755859 36.923828
 0.763086 0.000520 79.765625 60.742188 0.001526 23.271484 14.716797 6.291016 37.255859 19.423828
 0.128711 0.001089 41.015625 65.117188 0.001395 22.802734 17.060547 4.884766 44.287109 18.330078
 0.478711 0.000389 61.015625 55.117188 0.000695 15.302734 24.560547 9.384766 21.787109 35.830078
 0.303711 0.000739 51.015625 60.117188 0.001045 11.552734 13.310547 7.134766 10.537109 9.580078
 0.653711 0.001439 71.015625 70.117188 0.000345 19.052734 20.810547 2.634766 33.037109 27.080078
 0.216211 0.000214 76.015625 62.617188 0.000870 24.677734 11.435547 1.509766 16.162109 31.455078
 0.566211 0.000914 56.015625 72.617188 0.001570 17.177734 18.935547 6.009766 38.662109 13.955078
 0.391211 0.001264 66.015625 67.617188 0.000520 13.427734 15.185547 8.259766 49.912109 22.705078
 0.741211 0.000564 46.015625 57.617188 0.001220 20.927734 22.685547 3.759766 27.412109 5.205078
 0.172461 0.000651 68.515625 71.367188 0.001482 21.865234 10.498047 9.947266 7.724609 33.642578
 0.522461 0.001351 48.515625 61.367188 0.000782 14.365234 17.998047 5.447266 30.224609 16.142578
 0.347461 0.001001 78.515625 56.367188 0.001132 10.615234 14.248047 3.197266 41.474609 24.892578
 0.697461 0.000301 58.515625 66.367188 0.000432 18.115234 21.748047 7.697266 18.974609 7.392578
 0.259961 0.001526 53.515625 58.867188 0.000607 23.740234 16.123047 6.572266 47.099609 20.517578
 0.609961 0.000826 73.515625 68.867188 0.001307 16.240234 23.623047 2.072266 24.599609 38.017578
 0.434961 0.000476 43.515625 73.867188 0.000257 12.490234 12.373047 4.322266 13.349609 11.767578
 0.784961 0.001176 63.515625 63.867188 0.000957 19.990234 19.873047 8.822266 35.849609 29.267578
 0.117773 0.001461 64.140625 56.679688 0.000804 17.412109 13.544922 7.837891 18.271484 19.970703
 0.467773 0.000761 44.140625 66.679688 0.001504 24.912109 21.044922 3.337891 40.771484 37.470703
 0.292773 0.000411 74.140625 71.679688 0.000454 21.162109 17.294922 1.087891 29.521484 11.220703
 0.642773 0.001111 54.140625 61.679688 0.001154 13.662109 24.794922 5.587891 7.021484 28.720703
 0.205273 0.000586 59.140625 74.179688 0.001329 15.537109 15.419922 6.712891 35.146484 33.095703
 0.555273 0.001286 79.140625 64.179688 0.000629 23.037109 22.919922 2.212891 12.646484 15.595703
 0.380273 0.000936 49.140625 59.179688 0.000979 19.287109 11.669922 4.462891 23.896484 24.345703
 0.730273 0.000236 69.140625 69.179688 0.000279 11.787109 19.169922 8.962891 46.396484 6.845703
 0.161523 0.000323 46.640625 60.429688 0.000717 16.474609 14.482422 3.900391 32.333984 35.283203
 0.511523 0.001023 66.640625 70.429688 0.001417 23.974609 21.982422 8.400391 9.833984 17.783203
 0.336523 0.001373 56.640625 65.429688 0.000367 20.224609 10.732422 6.150391 21.083984 26.533203
 0.686523 0.000673 76.640625 55.429688 0.001067 12.724609 18.232422 1.650391 43.583984 9.033203
 0.249023 0.001198 71.640625 67.929688 0.001592 14.599609 12.607422 2.775391 26.708984 22.158203
 0.599023 0.000498 51.640625 57.929688 0.000892 22.099609 20.107422 7.275391 49.208984 39.658203
 0.424023 0.000848 61.640625 62.929688 0.001242 18.349609 16.357422 9.525391 37.958984 13.408203
 0.774023 0.001548 41.640625 72.929688 0.000542 10.849609 23.857422 5.025391 15.458984 30.908203
 0.139648 0.000804 77.890625 58.554688 0.000323 13.193359 21.513672 5.869141 19.677734 29.814453
 0.489648 0.001504 57.890625 68.554688 0.001023 20.693359 14.013672 1.369141 42.177734 12.314453
 0.314648 0.001154 67.890625 73.554688 0.000673 24.443359 17.763672 3.619141 30.927734 38.564453
 0.664648 0.000454 47.890625 63.554688 0.001373 16.943359 10.263672 8.119141 8.427734 21.064453
 0.227148 0.001329 42.890625 71.054688 0.001198 11.318359 19.638672 9.244141 36.552734 7.939453
 0.577148 0.000629 62.890625 61.054688 0.000498 18.818359 12.138672 4.744141 14.052734 25.439453
 0.402148 0.000279 52.890625 56.054688 0.001548 22.568359 23.388672 2.494141 25.302734 16.689453
 0.752148 0.000979 72.890625 66.054688 0.000848 15.068359 15.888672 6.994141 47.802734 34.189453
 0.183398 0.001067 50.390625 64.804688 0.000411 12.255859 20.576172 1.931641 28.115234 5.751953
 0.533398 0.000367 70.390625 74.804688 0.001111 19.755859 13.076172 6.431641 5.615234 23.251953
 0.358398 0.000717 40.390625 69.804688 0.000761 23.505859 24.326172 8.681641 16.865234 14.501953
 0.708398 0.001417 60.390625 59.804688 0.001461 16.005859 16.826172 4.181641 39.365234 32.001953
 0.270898 0.000542 65.390625 67.304688 0.000936 10.380859 22.451172 5.306641 22.490234 27.626953
 0.620898 0.001242 45.390625 57.304688 0.000236 17.880859 14.951172 9.806641 44.990234 10.126953
 0.445898 0.001592 75.390625 62.304688 0.001286 21.630859 18.701172 7.556641 33.740234 36.376953
 0.795898 0.000892 55.390625 72.304688 0.000586 14.130859 11.201172 3.056641 11.240234 18.876953
 0.104102 0.000897 66.171875 60.664063 0.001368 24.619141 24.501953 4.216797 26.884766 10.810547
 0.454102 0.001597 46.171875 70.664063 0.000668 17.119141 17.001953 8.716797 49.384766 28.310547
 0.279102 0.001247 76.171875 65.664063 0.001018 13.369141 20.751953 6.466797 38.134766 19.560547
 0.629102 0.000547 56.171875 55.664063 0.000318 20.869141 13.251953 1.966797 15.634766 37.060547
 0.191602 0.001422 51.171875 68.164063 0.000843 22.744141 18.876953 3.091797 32.509766 23.935547
 0.541602 0.000722 71.171875 58.164063 0.001543 15.244141 11.376953 7.591797 10.009766 6.435547
 0.366602 0.000372 41.171875 63.164063 0.000493 11.494141 22.626953 9.841797 21.259766 32.685547
 0.716602 0.001072 61.171875 73.164063 0.001193 18.994141 15.126953 5.341797 43.759766 15.185547
 0.147852 0.000985 43.671875 56.914063 0.001455 23.681641 17.939453 8.154297 35.322266 26.123047
 0.497852 0.000285 63.671875 66.914063 0.000755 16.181641 10.439453 3.654297 12.822266 8.623047
 0.322852 0.000635 53.671875 71.914063 0.001105 12.431641 21.689453 1.404297 24.072266 34.873047
 0.672852 0.001335 73.671875 61.914063 0.000405 19.931641 14.189453 5.904297 46.572266 17.373047
 0.235352 0.000460 78.671875 74.414063 0.000580 21.806641 23.564453 7.029297 18.447266 12.998047
 0.585352 0.001160 58.671875 64.414063 0.001280 14.306641 16.064453 2.529297 40.947266 30.498047
 0.410352 0.001510 68.671875 59.414063 0.000230 10.556641 19.814453 4.779297 29.697266 21.748047
 0.760352 0.000810 48.671875 69.414063 0.000930 18.056641 12.314453 9.279297 7.197266 39.248047
