0.1	0.0002	40	55	0.0002	10	10	1	5	5
0.245	0.00405	49.5	59.95	0.00405	13.75	13.75	2.95	16.25	13.75
0.1725	0.005975	44.75	62.425	0.002125	15.625	11.875	3.925	21.875	9.375
0.3175	0.002125	54.25	57.475	0.005975	11.875	15.625	1.975	10.625	18.125
0.13625	0.005013	56.625	63.6625	0.005013	10.9375	12.8125	2.4625	24.6875	15.9375
0.28125	0.001163	47.125	58.7125	0.001163	14.6875	16.5625	4.4125	13.4375	7.1875
0.20875	0.003088	51.875	56.2375	0.006938	16.5625	10.9375	3.4375	7.8125	20.3125
0.35375	0.006938	42.375	61.1875	0.003088	12.8125	14.6875	1.4875	19.0625	11.5625
0.118125	0.007419	53.0625	58.09375	0.001644	10.46875	13.28125	3.19375	23.28125	17.03125
0.263125	0.003569	43.5625	63.04375	0.005494	14.21875	17.03125	1.24375	12.03125	8.28125
0.190625	0.001644	57.8125	60.56875	0.003569	16.09375	11.40625	2.21875	6.40625	21.40625
0.335625	0.005494	48.3125	55.61875	0.007419	12.34375	15.15625	4.16875	17.65625	12.65625
0.154375	0.002606	45.9375	61.80625	0.004531	11.40625	10.46875	4.65625	9.21875	6.09375
0.299375	0.006456	55.4375	56.85625	0.000681	15.15625	14.21875	2.70625	20.46875	14.84375
0.226875	0.004531	41.1875	59.33125	0.006456	17.03125	12.34375	1.73125	26.09375	10.46875
0.371875	0.000681	50.6875	64.28125	0.002606	13.28125	16.09375	3.68125	14.84375	19.21875
0.109063	0.004291	47.71875	57.165625	0.003809	12.109375	17.265625	2.096875	7.109375	19.765625
0.254063	0.000441	57.21875	62.115625	0.007659	15.859375	13.515625	4.046875	18.359375	11.015625
0.181563	0.002366	42.96875	64.590625	0.001884	13.984375	15.390625	3.071875	23.984375	15.390625
0.326563	0.006216	52.46875	59.640625	0.005734	10.234375	11.640625	1.121875	12.734375	6.640625
0.145313	0.001403	50.09375	63.353125	0.006697	13.046875	14.453125	1.609375	26.796875	13.203125
0.290313	0.005253	40.59375	58.403125	0.002847	16.796875	10.703125	3.559375	15.546875	21.953125
0.217813	0.007178	54.84375	55.928125	0.004772	14.921875	16.328125	4.534375	9.921875	8.828125
0.362813	0.003328	45.34375	60.878125	0.000922	11.171875	12.578125	2.584375	21.171875	17.578125
0.127188	0.003809	56.03125	59.021875	0.002366	12.578125	13.984375	4.290625	22.578125	12.109375
0.272188	0.007659	46.53125	63.971875	0.006216	16.328125	10.234375	2.340625	11.328125	20.859375
0.199688	0.005734	51.28125	61.496875	0.000441	14.453125	15.859375	1.365625	5.703125	7.734375
0.344688	0.001884	41.78125	56.546875	0.004291	10.703125	12.109375	3.315625	16.953125	16.484375
0.163438	0.006697	44.15625	60.259375	0.007178	13.515625	16.796875	3.803125	8.515625	18.671875
0.308438	0.002847	53.65625	55.309375	0.003328	17.265625	13.046875	1.853125	19.765625	9.921875
0.235938	0.000922	48.90625	57.784375	0.005253	15.390625	14.921875	2.828125	25.390625	14.296875
0.380938	0.004772	58.40625	62.734375	0.001403	11.640625	11.171875	4.778125	14.140625	5.546875
0.104531	0.006336	58.109375	61.651563	0.006336	16.914063	15.507813	4.473438	17.304688	19.492188
0.249531	0.002486	48.609375	56.701563	0.002486	13.164063	11.757813	2.523438	6.054688	10.742188
0.177031	0.000561	53.359375	59.176563	0.004411	11.289063	17.382813	1.548438	11.679688	15.117188
0.322031	0.004411	43.859375	64.126563	0.000561	15.039063	13.632813	3.498438	22.929688	6.367188
0.140781	0.003448	41.484375	57.939062	0.003448	15.976563	16.445313	3.010938	14.492188	12.929688
0.285781	0.007298	50.984375	62.889063	0.007298	12.226563	12.695313	1.060938	25.742188	21.679688
0.213281	0.005373	46.234375	60.414063	0.001523	10.351563	14.570313	2.035938	20.117188	8.554688
0.358281	0.001523	55.734375	55.464062	0.005373	14.101563	10.820313	3.985938	8.867188	17.304688
0.122656	0.002005	45.046875	64.745313	0.00778	17.382813	15.976563	2.767188	13.085938	11.835938
0.267656	0.005855	54.546875	59.795313	0.00393	13.632813	12.226563	4.717188	24.335938	20.585938
0.195156	0.00778	40.296875	57.320313	0.005855	11.757813	14.101563	3.742188	18.710938	7.460938
0.340156	0.00393	49.796875	62.270313	0.002005	15.507813	10.351563	1.792188	7.460938	16.210938
0.158906	0.004892	52.171875	56.082813	0.002967	16.445313	15.039063	1.304688	21.523438	18.398438
0.303906	0.001042	42.671875	61.032813	0.006817	12.695313	11.289063	3.254688	10.273438	9.648438
0.231406	0.002967	56.921875	63.507813	0.001042	10.820313	16.914063	4.229688	15.898438	14.023438
0.376406	0.006817	47.421875	58.557813	0.004892	14.570313	13.164063	2.279688	27.148438	5.273438
0.113594	0.002245	51.578125	60.723438	0.005614	14.804688	11.992188	3.620313	18.007813	5.820313
0.258594	0.006095	42.078125	55.773438	0.001764	11.054688	15.742188	1.670313	6.757813	14.570313
0.186094	0.00417	56.328125	58.248438	0.007539	12.929688	10.117188	2.645313	12.382813	10.195313
0.331094	0.00032	46.828125	63.198438	0.003689	16.679688	13.867188	4.595313	23.632813	18.945313
0.149844	0.007058	49.203125	59.485938	0.000802	13.867188	11.054688	4.107813	15.195313	16.757813
0.294844	0.003208	58.703125	64.435938	0.004652	10.117188	14.804688	2.157812	26.445313	8.007813
0.222344	0.001283	44.453125	61.960938	0.002727	11.992188	12.929688	1.182813	20.820313	21.132813
0.367344	0.005133	53.953125	57.010938	0.006577	15.742188	16.679688	3.132813	9.570313	12.382813
0.131719	0.005614	43.265625	62.579688	0.00417	15.273438	11.523438	1.914063	10.976563	17.851563
0.276719	0.001764	52.765625	57.629688	0.00032	11.523438	15.273438	3.864063	22.226563	9.101563
0.204219	0.003689	48.015625	55.154688	0.006095	13.398438	13.398438	4.839063	16.601563	22.226563
0.349219	0.007539	57.515625	60.104688	0.002245	17.148438	17.148438	2.889063	5.351563	13.476563
0.167969	0.000802	55.140625	56.392187	0.001283	14.335938	12.460938	2.401563	19.414063	6.914063
0.312969	0.004652	45.640625	61.342188	0.005133	10.585938	16.210938	4.351563	8.164063	15.664063
0.240469	0.006577	50.390625	63.817188	0.003208	12.460938	10.585938	3.376563	13.789063	11.289063
0.385469	0.002727	40.890625	58.867188	0.007058	16.210938	14.335938	1.426563	25.039063	20.039063
0.102266	0.005313	49.945313	58.789844	0.00772	11.464844	16.386719	2.310156	20.644531	14.433594
0.247266	0.001463	40.445313	63.739844	0.00387	15.214844	12.636719	4.260156	9.394531	5.683594
0.174766	0.003388	54.695313	61.264844	0.005795	17.089844	14.511719	3.285156	15.019531	18.808594
0.319766	0.007238	45.195313	56.314844	0.001945	13.339844	10.761719	1.335156	26.269531	10.058594
0.138516	0.000501	47.570313	60.027344	0.002907	10.527344	15.449219	1.822656	12.207031	7.871094
0.283516	0.004351	57.070313	55.077344	0.006757	14.277344	11.699219	3.772656	23.457031	16.621094
0.211016	0.006276	42.820313	57.552344	0.000982	16.152344	17.324219	4.747656	17.832031	12.246094
0.356016	0.002426	52.320313	62.502344	0.004832	12.402344	13.574219	2.797656	6.582031	20.996094
0.120391	0.002907	44.007813	56.933594	0.006276	10.996094	14.980469	4.016406	13.613281	8.964844
0.265391	0.006757	53.507813	61.883594	0.002426	14.746094	11.230469	2.066406	24.863281	17.714844
0.192891	0.004832	48.757813	64.358594	0.004351	16.621094	16.855469	1.091406	19.238281	13.339844
0.337891	0.000982	58.257813	59.408594	0.000501	12.871094	13.105469	3.041406	7.988281	22.089844
0.156641	0.00772	55.882813	63.121094	0.003388	10.058594	15.917969	3.528906	16.425781	15.527344
0.301641	0.00387	46.382813	58.171094	0.007238	13.808594	12.167969	1.578906	5.175781	6.777344
0.229141	0.001945	51.132813	55.696094	0.001463	15.683594	14.042969	2.553906	10.800781	19.902344
0.374141	0.005795	41.632813	60.646094	0.005313	11.933594	10.292969	4.503906	22.050781	11.152344
0.111328	0.001223	57.664063	58.480469	0.00411	13.574219	10.996094	1.457031	19.941406	10.605469
0.256328	0.005073	48.164063	63.430469	0.00026	17.324219	14.746094	3.407031	8.691406	19.355469
0.183828	0.006998	52.914063	60.955469	0.006035	15.449219	12.871094	4.382031	14.316406	6.230469
0.328828	0.003148	43.414063	56.005469	0.002185	11.699219	16.621094	2.432031	25.566406	14.980469
0.147578	0.00411	41.039063	62.192969	0.001223	12.636719	11.933594	2.919531	11.503906	21.542969
0.292578	0.00026	50.539063	57.242969	0.005073	16.386719	15.683594	4.869531	22.753906	12.792969
0.220078	0.002185	45.789063	59.717969	0.003148	14.511719	10.058594	3.894531	17.128906	17.167969
0.365078	0.006035	55.289063	64.667969	0.006998	10.761719	13.808594	1.944531	5.878906	8.417969
0.129453	0.006516	46.976563	55.386719	0.005554	13.105469	12.402344	3.163281	15.722656	20.449219
0.274453	0.002666	56.476563	60.336719	0.001704	16.855469	16.152344	1.213281	26.972656	11.699219
0.201953	0.000741	42.226563	62.811719	0.007479	14.980469	10.527344	2.188281	21.347656	16.074219
0.346953	0.004591	51.726563	57.861719	0.003629	11.230469	14.277344	4.138281	10.097656	7.324219
0.165703	0.003629	54.101563	64.049219	0.000741	12.167969	11.464844	4.625781	18.535156	9.511719
0.310703	0.007479	44.601563	59.099219	0.004591	15.917969	15.214844	2.675781	7.285156	18.261719
0.238203	0.005554	58.851563	56.624219	0.002666	14.042969	13.339844	1.700781	12.910156	5.136719
0.383203	0.001704	49.351563	61.574219	0.006516	10.292969	17.089844	3.650781	24.160156	13.886719
0.106797	0.003268	48.460938	62.966406	0.001824	16.503906	12.988281	3.711719	10.449219	11.425781
0.251797	0.007118	57.960938	58.016406	0.005674	12.753906	16.738281	1.761719	21.699219	20.175781
0.179297	0.005193	43.710938	55.541406	0.003749	10.878906	11.113281	2.736719	27.324219	7.050781
0.324297	0.001343	53.210938	60.491406	0.007599	14.628906	14.863281	4.686719	16.074219	15.800781
0.143047	0.006155	50.835938	56.778906	0.004712	17.441406	10.175781	4.199219	24.511719	22.363281
0.288047	0.002305	41.335938	61.728906	0.000862	13.691406	13.925781	2.249219	13.261719	13.613281
0.215547	0.00038	55.585938	64.203906	0.006637	11.816406	12.050781	1.274219	7.636719	17.988281
0.360547	0.00423	46.085938	59.253906	0.002787	15.566406	15.800781	3.224219	18.886719	9.238281
0.124922	0.004712	54.398438	61.110156	0.00038	16.035156	10.644531	1.517969	25.917969	21.269531
0.269922	0.000862	44.898438	56.160156	0.00423	12.285156	14.394531	3.467969	14.667969	12.519531
0.197422	0.002787	49.648438	58.635156	0.002305	10.410156	12.519531	4.442969	9.042969	16.894531
0.342422	0.006637	40.148438	63.585156	0.006155	14.160156	16.269531	2.492969	20.292969	8.144531
0.161172	0.001824	42.523438	59.872656	0.005193	16.972656	13.457031	2.005469	6.230469	10.332031
0.306172	0.005674	52.023438	64.822656	0.001343	13.222656	17.207031	3.955469	17.480469	19.082031
0.233672	0.007599	47.273438	62.347656	0.007118	11.347656	11.582031	2.980469	23.105469	5.957031
0.378672	0.003749	56.773438	57.397656	0.003268	15.097656	15.332031	1.030469	11.855469	14.707031
0.115859	0.007359	41.929688	64.513281	0.002546	14.394531	14.628906	4.808594	8.339844	14.160156
0.260859	0.003509	51.429688	59.563281	0.006396	10.644531	10.878906	2.858594	19.589844	5.410156
0.188359	0.001584	46.679688	57.088281	0.000621	12.519531	16.503906	1.883594	25.214844	18.535156
0.333359	0.005434	56.179688	62.038281	0.004471	16.269531	12.753906	3.833594	13.964844	9.785156
0.152109	0.002546	58.554688	55.850781	0.007359	15.332031	17.441406	3.346094	22.402344	7.597656
0.297109	0.006396	49.054688	60.800781	0.003509	11.582031	13.691406	1.396094	11.152344	16.347656
0.224609	0.004471	53.804688	63.275781	0.005434	13.457031	15.566406	2.371094	5.527344	11.972656
0.369609	0.000621	44.304688	58.325781	0.001584	17.207031	11.816406	4.321094	16.777344	20.722656
0.133984	0.001102	52.617188	61.419531	0.00399	13.925781	16.972656	2.614844	26.621094	8.691406
0.278984	0.004952	43.117188	56.469531	0.00784	10.175781	13.222656	4.564844	15.371094	17.441406
0.206484	0.006877	57.367188	58.944531	0.002065	12.050781	15.097656	3.589844	9.746094	13.066406
0.351484	0.003027	47.867188	63.894531	0.005915	15.800781	11.347656	1.639844	20.996094	21.816406
0.170234	0.005915	45.492188	57.707031	0.006877	14.863281	14.160156	1.152344	6.933594	15.253906
0.315234	0.002065	54.992188	62.657031	0.003027	11.113281	10.410156	3.102344	18.183594	6.503906
0.242734	0.00399	40.742188	60.182031	0.004952	12.988281	16.035156	4.077344	23.808594	19.628906
0.387734	0.00784	50.242188	55.232031	0.001102	16.738281	12.285156	2.127344	12.558594	10.878906
0.101133	0.00787	45.863281	60.684766	0.004441	12.607422	15.068359	1.655078	5.791016	6.708984
0.246133	0.00402	55.363281	55.734766	0.000591	16.357422	11.318359	3.605078	17.041016	15.458984
0.173633	0.002095	41.113281	58.209766	0.006366	14.482422	16.943359	4.580078	22.666016	11.083984
0.318633	0.005945	50.613281	63.159766	0.002516	10.732422	13.193359	2.630078	11.416016	19.833984
0.137383	0.003057	52.988281	59.447266	0.001554	13.544922	16.005859	2.142578	25.478516	17.646484
0.282383	0.006907	43.488281	64.397266	0.005404	17.294922	12.255859	4.092578	14.228516	8.896484
0.209883	0.004982	57.738281	61.922266	0.003479	15.419922	14.130859	3.117578	8.603516	22.021484
0.354883	0.001132	48.238281	56.972266	0.007329	11.669922	10.380859	1.167578	19.853516	13.271484
0.119258	0.000651	58.925781	62.541016	0.005885	12.138672	16.474609	3.848828	24.072266	16.552734
0.264258	0.004501	49.425781	57.591016	0.002035	15.888672	12.724609	1.898828	12.822266	7.802734
0.191758	0.006426	54.175781	55.116016	0.00781	14.013672	14.599609	2.873828	7.197266	20.927734
0.336758	0.002576	44.675781	60.066016	0.00396	10.263672	10.849609	4.823828	18.447266	12.177734
0.155508	0.005464	42.300781	56.353516	0.001072	13.076172	15.537109	4.336328	10.009766	5.615234
0.300508	0.001614	51.800781	61.303516	0.004922	16.826172	11.787109	2.386328	21.259766	14.365234
0.228008	0.003539	47.050781	63.778516	0.002997	14.951172	17.412109	1.411328	26.884766	9.990234
0.373008	0.007389	56.550781	58.828516	0.006847	11.201172	13.662109	3.361328	15.634766	18.740234
0.110195	0.003779	42.894531	61.612891	0.007569	10.498047	12.490234	2.508203	6.494141	18.193359
0.255195	0.007629	52.394531	56.662891	0.003719	14.248047	16.240234	4.458203	17.744141	9.443359
0.182695	0.005704	47.644531	59.137891	0.005644	16.123047	10.615234	3.483203	23.369141	13.818359
0.327695	0.001854	57.144531	64.087891	0.001794	12.373047	14.365234	1.533203	12.119141	5.068359
0.146445	0.006667	54.769531	57.900391	0.002757	11.435547	11.552734	1.045703	26.181641	11.630859
0.291445	0.002817	45.269531	62.850391	0.006607	15.185547	15.302734	2.995703	14.931641	20.380859
0.218945	0.000892	50.019531	60.375391	0.000832	17.060547	13.427734	3.970703	9.306641	7.255859
0.363945	0.004742	40.519531	55.425391	0.004682	13.310547	17.177734	2.020703	20.556641	16.005859
0.12832	0.004261	51.207031	64.706641	0.006125	10.029297	11.083984	4.701953	21.962891	12.724609
0.27332	0.000411	41.707031	59.756641	0.002275	13.779297	14.833984	2.751953	10.712891	21.474609
0.20082	0.002336	55.957031	57.281641	0.0042	15.654297	12.958984	1.776953	5.087891	8.349609
0.34582	0.006186	46.457031	62.231641	0.00035	11.904297	16.708984	3.726953	16.337891	17.099609
0.16457	0.001373	48.832031	56.044141	0.003238	10.966797	12.021484	3.239453	7.900391	19.287109
0.30957	0.005223	58.332031	60.994141	0.007088	14.716797	15.771484	1.289453	19.150391	10.537109
0.23707	0.007148	44.082031	63.469141	0.001313	16.591797	10.146484	2.264453	24.775391	14.912109
0.38207	0.003298	53.582031	58.519141	0.005163	12.841797	13.896484	4.214453	13.525391	6.162109
0.105664	0.001734	53.878906	57.436328	0.002155	15.302734	10.498047	4.153516	16.689453	19.013672
0.250664	0.005584	44.378906	62.386328	0.006005	11.552734	14.248047	2.203516	5.439453	10.263672
0.178164	0.007509	58.628906	64.861328	0.00023	13.427734	12.373047	1.228516	11.064453	14.638672
0.323164	0.003659	49.128906	59.911328	0.00408	17.177734	16.123047	3.178516	22.314453	5.888672
0.141914	0.004621	46.753906	63.623828	0.006968	14.365234	13.310547	3.666016	13.876953	12.451172
0.286914	0.000771	56.253906	58.673828	0.003118	10.615234	17.060547	1.716016	25.126953	21.201172
0.214414	0.002696	42.003906	56.198828	0.005043	12.490234	11.435547	2.691016	19.501953	8.076172
0.359414	0.006546	51.503906	61.148828	0.001193	16.240234	15.185547	4.641016	8.251953	16.826172
0.123789	0.006065	40.816406	59.292578	0.003599	14.833984	12.841797	2.447266	12.470703	13.544922
0.268789	0.002215	50.316406	64.242578	0.007449	11.083984	16.591797	4.397266	23.720703	22.294922
0.196289	0.00029	45.566406	61.767578	0.001674	12.958984	10.966797	3.422266	18.095703	9.169922
0.341289	0.00414	55.066406	56.817578	0.005524	16.708984	14.716797	1.472266	6.845703	17.919922
0.160039	0.003178	57.441406	60.530078	0.006486	13.896484	10.029297	1.959766	20.908203	20.107422
0.305039	0.007028	47.941406	55.580078	0.002636	10.146484	13.779297	3.909766	9.658203	11.357422
0.232539	0.005103	52.691406	58.055078	0.004561	12.021484	11.904297	4.884766	15.283203	15.732422
0.377539	0.001253	43.191406	63.005078	0.000711	15.771484	15.654297	2.934766	26.533203	6.982422
0.114727	0.005825	55.660156	55.270703	0.001914	17.412109	16.826172	3.056641	18.798828	6.435547
0.259727	0.001975	46.160156	60.220703	0.005764	13.662109	13.076172	1.106641	7.548828	15.185547
0.187227	0.0039	50.910156	62.695703	0.003839	11.787109	14.951172	2.081641	13.173828	10.810547
0.332227	0.00775	41.410156	57.745703	0.007689	15.537109	11.201172	4.031641	24.423828	19.560547
0.150977	0.001012	43.785156	63.933203	0.004802	16.474609	14.013672	4.519141	15.986328	17.373047
0.295977	0.004862	53.285156	58.983203	0.000952	12.724609	10.263672	2.569141	27.236328	8.623047
0.223477	0.006787	48.535156	56.508203	0.006727	10.849609	15.888672	1.594141	21.611328	21.748047
0.368477	0.002937	58.035156	61.458203	0.002877	14.599609	12.138672	3.544141	10.361328	12.998047
0.132852	0.002456	47.347656	58.364453	0.000471	16.943359	14.482422	1.350391	11.767578	16.279297
0.277852	0.006306	56.847656	63.314453	0.004321	13.193359	10.732422	3.300391	23.017578	7.529297
0.205352	0.004381	42.597656	60.839453	0.002396	11.318359	16.357422	4.275391	17.392578	20.654297
0.350352	0.000531	52.097656	55.889453	0.006246	15.068359	12.607422	2.325391	6.142578	11.904297
0.169102	0.007268	49.722656	62.076953	0.005283	16.005859	17.294922	2.812891	20.205078	5.341797
0.314102	0.003418	40.222656	57.126953	0.001433	12.255859	13.544922	4.762891	8.955078	14.091797
0.241602	0.001493	54.472656	59.601953	0.007208	10.380859	15.419922	3.787891	14.580078	9.716797
0.386602	0.005343	44.972656	64.551953	0.003358	14.130859	11.669922	1.837891	25.830078	18.466797
0.103398	0.002757	54.917969	64.319922	0.003779	13.134766	13.486328	2.904297	21.435547	15.048828
0.248398	0.006607	45.417969	59.369922	0.007629	16.884766	17.236328	4.854297	10.185547	6.298828
0.175898	0.004682	50.167969	56.894922	0.001854	15.009766	11.611328	3.879297	15.810547	19.423828
0.320898	0.000832	40.667969	61.844922	0.005704	11.259766	15.361328	1.929297	27.060547	10.673828
0.139648	0.007569	43.042969	55.657422	0.006667	12.197266	10.673828	1.441797	12.998047	8.486328
0.284648	0.003719	52.542969	60.607422	0.002817	15.947266	14.423828	3.391797	24.248047	17.236328
0.212148	0.001794	47.792969	63.082422	0.004742	14.072266	12.548828	4.366797	18.623047	12.861328
0.357148	0.005644	57.292969	58.132422	0.000892	10.322266	16.298828	2.416797	7.373047	21.611328
0.121523	0.005163	48.980469	61.226172	0.002336	13.603516	10.205078	4.610547	14.404297	7.392578
0.266523	0.001313	58.480469	56.276172	0.006186	17.353516	13.955078	2.660547	25.654297	16.142578
0.194023	0.003238	44.230469	58.751172	0.000411	15.478516	12.080078	1.685547	20.029297	11.767578
0.339023	0.007088	53.730469	63.701172	0.004261	11.728516	15.830078	3.635547	8.779297	20.517578
0.157773	0.00035	51.355469	57.513672	0.007148	12.666016	13.017578	3.148047	17.216797	13.955078
0.302773	0.0042	41.855469	62.463672	0.003298	16.416016	16.767578	1.198047	5.966797	5.205078
0.230273	0.006125	56.105469	59.988672	0.005223	14.541016	11.142578	2.173047	11.591797	18.330078
0.375273	0.002275	46.605469	55.038672	0.001373	10.791016	14.892578	4.123047	22.841797	9.580078
0.112461	0.006847	51.949219	62.773047	0.000651	11.025391	14.189453	1.807422	19.326172	10.126953
0.257461	0.002997	42.449219	57.823047	0.004501	14.775391	10.439453	3.757422	8.076172	18.876953
0.184961	0.001072	56.699219	55.348047	0.002576	16.650391	16.064453	4.732422	13.701172	5.751953
0.329961	0.004922	47.199219	60.298047	0.006426	12.900391	12.314453	2.782422	24.951172	14.501953
0.148711	0.00396	44.824219	56.585547	0.005464	10.087891	17.001953	2.294922	10.888672	21.064453
0.293711	0.00781	54.324219	61.535547	0.001614	13.837891	13.251953	4.244922	22.138672	12.314453
0.221211	0.005885	40.074219	64.010547	0.007389	15.712891	15.126953	3.269922	16.513672	16.689453
0.366211	0.002035	49.574219	59.060547	0.003539	11.962891	11.376953	1.319922	5.263672	7.939453
0.130586	0.001554	41.261719	60.916797	0.002095	11.494141	17.470703	3.513672	15.107422	22.158203
0.275586	0.005404	50.761719	55.966797	0.005945	15.244141	13.720703	1.563672	26.357422	13.408203
0.203086	0.007329	46.011719	58.441797	0.00402	17.119141	15.595703	2.538672	20.732422	17.783203
0.348086	0.003479	55.511719	63.391797	0.00787	13.369141	11.845703	4.488672	9.482422	9.033203
0.166836	0.004441	57.886719	59.679297	0.004982	10.556641	14.658203	4.001172	17.919922	11.220703
0.311836	0.000591	48.386719	64.629297	0.001132	14.306641	10.908203	2.051172	6.669922	19.970703
0.239336	0.002516	53.136719	62.154297	0.006907	16.181641	16.533203	1.076172	12.294922	6.845703
0.384336	0.006366	43.636719	57.204297	0.003057	12.431641	12.783203	3.026172	23.544922	15.595703
0.10793	0.004802	44.527344	58.596484	0.005825	13.955078	15.947266	3.330859	9.833984	9.853516
0.25293	0.000952	54.027344	63.546484	0.001975	10.205078	12.197266	1.380859	21.083984	18.603516
0.18043	0.002877	49.277344	61.071484	0.00775	12.080078	14.072266	2.355859	26.708984	5.478516
0.32543	0.006727	58.777344	56.121484	0.0039	15.830078	10.322266	4.305859	15.458984	14.228516
0.14418	0.001914	56.402344	62.308984	0.001012	14.892578	15.009766	4.793359	23.896484	20.791016
0.28918	0.005764	46.902344	57.358984	0.004862	11.142578	11.259766	2.843359	12.646484	12.041016
0.21668	0.007689	51.652344	59.833984	0.002937	13.017578	16.884766	1.868359	7.021484	16.416016
0.36168	0.003839	42.152344	64.783984	0.006787	16.767578	13.134766	3.818359	18.271484	7.666016
0.126055	0.003358	50.464844	55.502734	0.004381	14.423828	15.478516	1.137109	25.302734	21.884766
0.271055	0.007208	40.964844	60.452734	0.000531	10.673828	11.728516	3.087109	14.052734	13.134766
0.198555	0.005283	55.214844	62.927734	0.006306	12.548828	17.353516	4.062109	8.427734	17.509766
0.343555	0.001433	45.714844	57.977734	0.002456	16.298828	13.603516	2.112109	19.677734	8.759766
0.162305	0.006246	48.089844	64.165234	0.001493	15.361328	16.416016	2.599609	5.615234	10.947266
0.307305	0.002396	57.589844	59.215234	0.005343	11.611328	12.666016	4.549609	16.865234	19.697266
0.234805	0.000471	43.339844	56.740234	0.003418	13.486328	14.541016	3.574609	22.490234	6.572266
0.379805	0.004321	52.839844	61.690234	0.007268	17.236328	10.791016	1.624609	11.240234	15.322266
0.116992	0.000711	46.308594	58.905859	0.006065	16.064453	11.494141	4.183984	9.130859	15.869141
0.261992	0.004561	55.808594	63.855859	0.002215	12.314453	15.244141	2.233984	20.380859	7.119141
0.189492	0.006486	41.558594	61.380859	0.00414	10.439453	13.369141	1.258984	26.005859	20.244141
0.334492	0.002636	51.058594	56.430859	0.00029	14.189453	17.119141	3.208984	14.755859	11.494141
0.153242	0.005524	53.433594	60.143359	0.003178	17.001953	12.431641	3.696484	23.193359	9.306641
0.298242	0.001674	43.933594	55.193359	0.007028	13.251953	16.181641	1.746484	11.943359	18.056641
0.225742	0.003599	58.183594	57.668359	0.001253	11.376953	10.556641	2.721484	6.318359	13.681641
0.370742	0.007449	48.683594	62.618359	0.005103	15.126953	14.306641	4.671484	17.568359	22.431641
0.135117	0.006968	56.996094	57.049609	0.007509	16.533203	11.962891	1.990234	27.412109	8.212891
0.280117	0.003118	47.496094	61.999609	0.003659	12.783203	15.712891	3.940234	16.162109	16.962891
0.207617	0.001193	52.246094	64.474609	0.005584	10.908203	10.087891	2.965234	10.537109	12.587891
0.352617	0.005043	42.746094	59.524609	0.001734	14.658203	13.837891	1.015234	21.787109	21.337891
0.171367	0.002155	40.371094	63.237109	0.002696	17.470703	11.025391	1.502734	7.724609	14.775391
0.316367	0.006005	49.871094	58.287109	0.006546	13.720703	14.775391	3.452734	18.974609	6.025391
0.243867	0.00408	45.121094	55.812109	0.000771	11.845703	12.900391	4.427734	24.599609	19.150391
0.388867	0.00023	54.621094	60.762109	0.004621	15.595703	16.650391	2.477734	13.349609	10.400391
0.100566	0.004065	57.255859	63.488477	0.002862	14.702148	12.651367	2.713867	15.327148	8.520508
0.245566	0.000215	47.755859	58.538477	0.006712	10.952148	16.401367	4.663867	26.577148	17.270508
0.173066	0.00214	52.505859	56.063477	0.000937	12.827148	10.776367	3.688867	20.952148	12.895508
0.318066	0.00599	43.005859	61.013477	0.004787	16.577148	14.526367	1.738867	9.702148	21.645508
0.136816	0.001178	40.630859	57.300977	0.007674	13.764648	11.713867	1.251367	18.139648	15.083008
0.281816	0.005028	50.130859	62.250977	0.003824	10.014648	15.463867	3.201367	6.889648	6.333008
0.209316	0.006953	45.380859	64.725977	0.005749	11.889648	13.588867	4.176367	12.514648	19.458008
0.354316	0.003103	54.880859	59.775977	0.001899	15.639648	17.338867	2.226367	23.764648	10.708008
0.118691	0.003584	46.568359	60.394727	0.003343	15.170898	11.245117	4.420117	19.545898	13.989258
0.263691	0.007434	56.068359	55.444727	0.007193	11.420898	14.995117	2.470117	8.295898	5.239258
0.191191	0.005509	41.818359	57.919727	0.001418	13.295898	13.120117	1.495117	13.920898	18.364258
0.336191	0.001659	51.318359	62.869727	0.005268	17.045898	16.870117	3.445117	25.170898	9.614258
0.154941	0.006471	53.693359	59.157227	0.006231	14.233398	12.182617	2.957617	11.108398	7.426758
0.299941	0.002621	44.193359	64.107227	0.002381	10.483398	15.932617	1.007617	22.358398	16.176758
0.227441	0.000696	58.443359	61.632227	0.004306	12.358398	10.307617	1.982617	16.733398	11.801758
0.372441	0.004546	48.943359	56.682227	0.000456	16.108398	14.057617	3.932617	5.483398	20.551758
0.109629	0.000456	49.537109	63.797852	0.001178	16.811523	14.760742	1.860742	14.624023	21.098633
0.254629	0.004306	40.037109	58.847852	0.005028	13.061523	11.010742	3.810742	25.874023	12.348633
0.182129	0.006231	54.287109	56.372852	0.003103	11.186523	16.635742	4.785742	20.249023	16.723633
0.327129	0.002381	44.787109	61.322852	0.006953	14.936523	12.885742	2.835742	8.999023	7.973633
0.145879	0.005268	47.162109	55.135352	0.004065	15.874023	15.698242	2.348242	17.436523	10.161133
0.290879	0.001418	56.662109	60.085352	0.000215	12.124023	11.948242	4.298242	6.186523	18.911133
0.218379	0.003343	42.412109	62.560352	0.00599	10.249023	13.823242	3.323242	11.811523	5.786133
0.363379	0.007193	51.912109	57.610352	0.00214	13.999023	10.073242	1.373242	23.061523	14.536133
0.127754	0.007674	43.599609	61.941602	0.000696	17.280273	16.166992	3.566992	21.655273	11.254883
0.272754	0.003824	53.099609	56.991602	0.004546	13.530273	12.416992	1.616992	10.405273	20.004883
0.200254	0.001899	48.349609	59.466602	0.002621	11.655273	14.291992	2.591992	16.030273	6.879883
0.345254	0.005749	57.849609	64.416602	0.006471	15.405273	10.541992	4.541992	27.280273	15.629883
0.164004	0.002862	55.474609	58.229102	0.005509	16.342773	15.229492	4.054492	13.217773	22.192383
0.309004	0.006712	45.974609	63.179102	0.001659	12.592773	11.479492	2.104492	24.467773	13.442383
0.236504	0.004787	50.724609	60.704102	0.007434	10.717773	17.104492	1.129492	18.842773	17.817383
0.381504	0.000937	41.224609	55.754102	0.003584	14.467773	13.354492	3.079492	7.592773	9.067383
0.105098	0.002501	42.115234	59.621289	0.004667	12.241211	16.75293	3.262305	26.928711	20.825195
0.250098	0.006351	51.615234	64.571289	0.000817	15.991211	13.00293	1.312305	15.678711	12.075195
0.177598	0.004426	46.865234	62.096289	0.006592	14.116211	14.87793	2.287305	10.053711	16.450195
0.322598	0.000576	56.365234	57.146289	0.002742	10.366211	11.12793	4.237305	21.303711	7.700195
0.141348	0.007313	58.740234	60.858789	0.001779	13.178711	13.94043	4.724805	7.241211	9.887695
0.286348	0.003463	49.240234	55.908789	0.005629	16.928711	10.19043	2.774805	18.491211	18.637695
0.213848	0.001538	53.990234	58.383789	0.003704	15.053711	15.81543	1.799805	24.116211	5.512695
0.358848	0.005388	44.490234	63.333789	0.007554	11.303711	12.06543	3.749805	12.866211	14.262695
0.123223	0.00587	52.802734	56.527539	0.005148	12.709961	14.40918	1.068555	8.647461	10.981445
0.268223	0.00202	43.302734	61.477539	0.001298	16.459961	10.65918	3.018555	19.897461	19.731445
0.195723	0.003945	57.552734	63.952539	0.007073	14.584961	16.28418	3.993555	25.522461	6.606445
0.340723	0.007795	48.052734	59.002539	0.003223	10.834961	12.53418	2.043555	14.272461	15.356445
0.159473	0.001057	45.677734	62.715039	0.000335	13.647461	17.22168	2.531055	22.709961	21.918945
0.304473	0.004907	55.177734	57.765039	0.004185	17.397461	13.47168	4.481055	11.459961	13.168945
0.231973	0.006832	40.927734	55.290039	0.00226	15.522461	15.34668	3.506055	5.834961	17.543945
0.376973	0.002982	50.427734	60.240039	0.00611	11.772461	11.59668	1.556055	17.084961	8.793945
0.11416	0.00611	48.646484	58.074414	0.007313	10.131836	10.893555	4.35918	24.819336	9.34082
0.25916	0.00226	58.146484	63.024414	0.003463	13.881836	14.643555	2.40918	13.569336	18.09082
0.18666	0.000335	43.896484	60.549414	0.005388	15.756836	12.768555	1.43418	7.944336	13.71582
0.33166	0.004185	53.396484	55.599414	0.001538	12.006836	16.518555	3.38418	19.194336	22.46582
0.15041	0.003223	51.021484	61.786914	0.002501	11.069336	13.706055	3.87168	5.131836	15.90332
0.29541	0.007073	41.521484	56.836914	0.006351	14.819336	17.456055	1.92168	16.381836	7.15332
0.22291	0.005148	55.771484	59.311914	0.000576	16.694336	11.831055	2.89668	22.006836	20.27832
0.36791	0.001298	46.271484	64.261914	0.004426	12.944336	15.581055	4.84668	10.756836	11.52832
0.132285	0.001779	54.583984	56.218164	0.006832	10.600586	13.237305	2.16543	9.350586	14.80957
0.277285	0.005629	45.083984	61.168164	0.002982	14.350586	16.987305	4.11543	20.600586	6.05957
0.204785	0.007554	49.833984	63.643164	0.004907	16.225586	11.362305	3.14043	26.225586	19.18457
0.349785	0.003704	40.333984	58.693164	0.001057	12.475586	15.112305	1.19043	14.975586	10.43457
0.168535	0.004667	42.708984	64.880664	0.003945	11.538086	10.424805	1.67793	23.413086	8.24707
0.313535	0.000817	52.208984	59.930664	0.007795	15.288086	14.174805	3.62793	12.163086	16.99707
0.241035	0.002742	47.458984	57.455664	0.00202	17.163086	12.299805	4.60293	6.538086	12.62207
0.386035	0.006592	56.958984	62.405664	0.00587	13.413086	16.049805	2.65293	17.788086	21.37207
0.102832	0.001478	48.201172	62.173633	0.005088	14.291992	13.764648	1.586523	22.53418	17.680664
0.247832	0.005328	57.701172	57.223633	0.001238	10.541992	10.014648	3.536523	11.28418	8.930664
0.175332	0.007253	43.451172	59.698633	0.007013	12.416992	15.639648	4.511523	5.65918	22.055664
0.320332	0.003403	52.951172	64.648633	0.003163	16.166992	11.889648	2.561523	16.90918	13.305664
0.139082	0.004366	50.576172	58.461133	0.000275	15.229492	16.577148	2.074023	8.47168	6.743164
0.284082	0.000516	41.076172	63.411133	0.004125	11.479492	12.827148	4.024023	19.72168	15.493164
0.211582	0.002441	55.326172	60.936133	0.0022	13.354492	14.702148	3.049023	25.34668	11.118164
0.356582	0.006291	45.826172	55.986133	0.00605	17.104492	10.952148	1.099023	14.09668	19.868164
0.120957	0.006772	56.513672	64.029883	0.004606	13.823242	17.045898	3.780273	7.06543	5.649414
0.265957	0.002922	47.013672	59.079883	0.000756	10.073242	13.295898	1.830273	18.31543	14.399414
0.193457	0.000997	51.763672	56.604883	0.006531	11.948242	15.170898	2.805273	23.94043	10.024414
0.338457	0.004847	42.263672	61.554883	0.002681	15.698242	11.420898	4.755273	12.69043	18.774414
0.157207	0.003885	44.638672	55.367383	0.001719	14.760742	14.233398	4.267773	26.75293	16.586914
0.302207	0.007735	54.138672	60.317383	0.005569	11.010742	10.483398	2.317773	15.50293	7.836914
0.229707	0.00581	49.388672	62.792383	0.003644	12.885742	16.108398	1.342773	9.87793	20.961914
0.374707	0.00196	58.888672	57.842383	0.007494	16.635742	12.358398	3.292773	21.12793	12.211914
0.111895	0.005088	40.482422	60.008008	0.006772	16.401367	13.530273	2.683398	24.643555	11.665039
0.256895	0.001238	49.982422	55.058008	0.002922	12.651367	17.280273	4.633398	13.393555	20.415039
0.184395	0.003163	45.232422	57.533008	0.004847	10.776367	11.655273	3.658398	7.768555	7.290039
0.329395	0.007013	54.732422	62.483008	0.000997	14.526367	15.405273	1.708398	19.018555	16.040039
0.148145	0.000275	57.107422	58.770508	0.003885	17.338867	10.717773	1.220898	10.581055	18.227539
0.293145	0.004125	47.607422	63.720508	0.007735	13.588867	14.467773	3.170898	21.831055	9.477539
0.220645	0.00605	52.357422	61.245508	0.00196	11.713867	12.592773	4.145898	27.456055	13.852539
0.365645	0.0022	42.857422	56.295508	0.00581	15.463867	16.342773	2.195898	16.206055	5.102539
0.13002	0.002681	53.544922	63.101758	0.007253	15.932617	10.249023	4.877148	6.362305	19.321289
0.27502	0.006531	44.044922	58.151758	0.003403	12.182617	13.999023	2.927148	17.612305	10.571289
0.20252	0.004606	58.294922	55.676758	0.005328	10.307617	12.124023	1.952148	23.237305	14.946289
0.34752	0.000756	48.794922	60.626758	0.001478	14.057617	15.874023	3.902148	11.987305	6.196289
0.16627	0.007494	46.419922	56.914258	0.002441	16.870117	13.061523	3.414648	26.049805	12.758789
0.31127	0.003644	55.919922	61.864258	0.006291	13.120117	16.811523	1.464648	14.799805	21.508789
0.23877	0.001719	41.669922	64.339258	0.000516	11.245117	11.186523	2.439648	9.174805	8.383789
0.38377	0.005569	51.169922	59.389258	0.004366	14.995117	14.936523	4.389648	20.424805	17.133789
0.107363	0.007133	51.466797	55.831445	0.003524	13.706055	11.772461	3.963086	11.635742	12.485352
0.252363	0.003283	41.966797	60.781445	0.007374	17.456055	15.522461	2.013086	22.885742	21.235352
0.179863	0.001358	56.216797	63.256445	0.001599	15.581055	13.647461	1.038086	17.260742	8.110352
0.324863	0.005208	46.716797	58.306445	0.005449	11.831055	17.397461	2.988086	6.010742	16.860352
0.143613	0.002321	49.091797	64.493945	0.006411	12.768555	12.709961	3.475586	20.073242	19.047852
0.288613	0.006171	58.591797	59.543945	0.002561	16.518555	16.459961	1.525586	8.823242	10.297852
0.216113	0.004246	44.341797	57.068945	0.004486	14.643555	10.834961	2.500586	14.448242	14.672852
0.361113	0.000396	53.841797	62.018945	0.000636	10.893555	14.584961	4.450586	25.698242	5.922852
0.125488	0.000877	43.154297	57.687695	0.003042	13.237305	12.241211	2.256836	18.666992	20.141602
0.270488	0.004727	52.654297	62.637695	0.006892	16.987305	15.991211	4.206836	7.416992	11.391602
0.197988	0.006652	47.904297	60.162695	0.001117	15.112305	10.366211	3.231836	13.041992	15.766602
0.342988	0.002802	57.404297	55.212695	0.004967	11.362305	14.116211	1.281836	24.291992	7.016602
0.161738	0.005689	55.029297	61.400195	0.007855	12.299805	11.303711	1.769336	15.854492	13.579102
0.306738	0.001839	45.529297	56.450195	0.004005	16.049805	15.053711	3.719336	27.104492	22.329102
0.234238	0.003764	50.279297	58.925195	0.00593	14.174805	13.178711	4.694336	21.479492	9.204102
0.379238	0.007614	40.779297	63.875195	0.00208	10.424805	16.928711	2.744336	10.229492	17.954102
0.116426	0.003524	57.998047	56.75957	0.000877	11.59668	15.756836	3.109961	12.338867	17.407227
0.261426	0.007374	48.498047	61.70957	0.004727	15.34668	12.006836	1.159961	23.588867	8.657227
0.188926	0.005449	53.248047	64.18457	0.002802	17.22168	13.881836	2.134961	17.963867	21.782227
0.333926	0.001599	43.748047	59.23457	0.006652	13.47168	10.131836	4.084961	6.713867	13.032227
0.152676	0.006411	41.373047	62.94707	0.005689	10.65918	14.819336	4.572461	20.776367	6.469727
0.297676	0.002561	50.873047	57.99707	0.001839	14.40918	11.069336	2.622461	9.526367	15.219727
0.225176	0.000636	46.123047	55.52207	0.007614	16.28418	16.694336	1.647461	15.151367	10.844727
0.370176	0.004486	55.623047	60.47207	0.003764	12.53418	12.944336	3.597461	26.401367	19.594727
0.134551	0.004967	44.935547	59.85332	0.001358	11.12793	15.288086	1.403711	16.557617	5.375977
0.279551	0.001117	54.435547	64.80332	0.005208	14.87793	11.538086	3.353711	5.307617	14.125977
0.207051	0.003042	40.185547	62.32832	0.003283	16.75293	17.163086	4.328711	10.932617	9.750977
0.352051	0.006892	49.685547	57.37832	0.007133	13.00293	13.413086	2.378711	22.182617	18.500977
0.170801	0.00208	52.060547	61.09082	0.004246	10.19043	16.225586	2.866211	13.745117	16.313477
0.315801	0.00593	42.560547	56.14082	0.000396	13.94043	12.475586	4.816211	24.995117	7.563477
0.243301	0.007855	56.810547	58.61582	0.006171	15.81543	14.350586	3.841211	19.370117	20.688477
0.388301	0.004005	47.310547	63.56582	0.002321	12.06543	10.600586	1.891211	8.120117	11.938477
0.101699	0.004035	52.431641	57.803711	0.006622	17.30957	17.250977	2.393945	15.942383	7.905273
0.246699	0.007885	42.931641	62.753711	0.002772	13.55957	13.500977	4.343945	27.192383	16.655273
0.174199	0.00596	57.181641	60.278711	0.004697	11.68457	15.375977	3.368945	21.567383	12.280273
0.319199	0.00211	47.681641	55.328711	0.000847	15.43457	11.625977	1.418945	10.317383	21.030273
0.137949	0.006922	45.306641	61.516211	0.003734	16.37207	14.438477	1.906445	18.754883	14.467773
0.282949	0.003072	54.806641	56.566211	0.007584	12.62207	10.688477	3.856445	7.504883	5.717773
0.210449	0.001147	40.556641	59.041211	0.001809	10.74707	16.313477	4.831445	13.129883	18.842773
0.355449	0.004997	50.056641	63.991211	0.005659	14.49707	12.563477	2.881445	24.379883	10.092773
0.119824	0.004516	41.744141	55.947461	0.007103	16.84082	13.969727	4.100195	20.161133	15.561523
0.264824	0.000666	51.244141	60.897461	0.003253	13.09082	10.219727	2.150195	8.911133	6.811523
0.192324	0.002591	46.494141	63.372461	0.005178	11.21582	15.844727	1.175195	14.536133	19.936523
0.337324	0.006441	55.994141	58.422461	0.001328	14.96582	12.094727	3.125195	25.786133	11.186523
0.156074	0.001629	58.369141	64.609961	0.00229	15.90332	16.782227	3.612695	11.723633	8.999023
0.301074	0.005479	48.869141	59.659961	0.00614	12.15332	13.032227	1.662695	22.973633	17.749023
0.228574	0.007404	53.619141	57.184961	0.000365	10.27832	14.907227	2.637695	17.348633	13.374023
0.373574	0.003554	44.119141	62.134961	0.004215	14.02832	11.157227	4.587695	6.098633	22.124023
0.4	0.0008	59	65	0.0008	17.5	17.5	5	27.5	22.5
0.6	0.0012	69.5	70	0.0012	21.25	21.25	7.5	38.75	31.25
0.5	0.0014	64.25	72.5	0.001	23.125	19.375	8.75	44.375	26.875
0.7	0.001	74.75	67.5	0.0014	19.375	23.125	6.25	33.125	35.625
0.45	0.0013	77.375	73.75	0.0013	18.4375	20.3125	6.875	47.1875	33.4375
0.65	0.0009	66.875	68.75	0.0009	22.1875	24.0625	9.375	35.9375	24.6875
0.55	0.0011	72.125	66.25	0.0015	24.0625	18.4375	8.125	30.3125	37.8125
0.75	0.0015	61.625	71.25	0.0011	20.3125	22.1875	5.625	41.5625	29.0625
0.425	0.00155	73.4375	68.125	0.00095	17.96875	20.78125	7.8125	45.78125	34.53125
0.625	0.00115	62.9375	73.125	0.00135	21.71875	24.53125	5.3125	34.53125	25.78125
0.525	0.00095	78.6875	70.625	0.00115	23.59375	18.90625	6.5625	28.90625	38.90625
0.725	0.00135	68.1875	65.625	0.00155	19.84375	22.65625	9.0625	40.15625	30.15625
0.475	0.00105	65.5625	71.875	0.00125	18.90625	17.96875	9.6875	31.71875	23.59375
0.675	0.00145	76.0625	66.875	0.00085	22.65625	21.71875	7.1875	42.96875	32.34375
0.575	0.00125	60.3125	69.375	0.00145	24.53125	19.84375	5.9375	48.59375	27.96875
0.775	0.00085	70.8125	74.375	0.00105	20.78125	23.59375	8.4375	37.34375	36.71875
0.4125	0.001225	67.53125	67.1875	0.001175	19.609375	24.765625	6.40625	29.609375	37.265625
0.6125	0.000825	78.03125	72.1875	0.001575	23.359375	21.015625	8.90625	40.859375	28.515625
0.5125	0.001025	62.28125	74.6875	0.000975	21.484375	22.890625	7.65625	46.484375	32.890625
0.7125	0.001425	72.78125	69.6875	0.001375	17.734375	19.140625	5.15625	35.234375	24.140625
0.4625	0.000925	70.15625	73.4375	0.001475	20.546875	21.953125	5.78125	49.296875	30.703125
0.6625	0.001325	59.65625	68.4375	0.001075	24.296875	18.203125	8.28125	38.046875	39.453125
0.5625	0.001525	75.40625	65.9375	0.001275	22.421875	23.828125	9.53125	32.421875	26.328125
0.7625	0.001125	64.90625	70.9375	0.000875	18.671875	20.078125	7.03125	43.671875	35.078125
0.4375	0.001175	76.71875	69.0625	0.001025	20.078125	21.484375	9.21875	45.078125	29.609375
0.6375	0.001575	66.21875	74.0625	0.001425	23.828125	17.734375	6.71875	33.828125	38.359375
0.5375	0.001375	71.46875	71.5625	0.000825	21.953125	23.359375	5.46875	28.203125	25.234375
0.7375	0.000975	60.96875	66.5625	0.001225	18.203125	19.609375	7.96875	39.453125	33.984375
0.4875	0.001475	63.59375	70.3125	0.001525	21.015625	24.296875	8.59375	31.015625	36.171875
0.6875	0.001075	74.09375	65.3125	0.001125	24.765625	20.546875	6.09375	42.265625	27.421875
0.5875	0.000875	68.84375	67.8125	0.001325	22.890625	22.421875	7.34375	47.890625	31.796875
0.7875	0.001275	79.34375	72.8125	0.000925	19.140625	18.671875	9.84375	36.640625	23.046875
0.40625	0.001438	79.015625	71.71875	0.001438	24.414063	23.007813	9.453125	39.804688	36.992188
0.60625	0.001038	68.515625	66.71875	0.001038	20.664063	19.257813	6.953125	28.554688	28.242188
0.50625	0.000838	73.765625	69.21875	0.001238	18.789063	24.882813	5.703125	34.179688	32.617188
0.70625	0.001238	63.265625	74.21875	0.000838	22.539063	21.132813	8.203125	45.429688	23.867188
0.45625	0.001138	60.640625	67.96875	0.001138	23.476563	23.945313	7.578125	36.992188	30.429688
0.65625	0.001538	71.140625	72.96875	0.001538	19.726563	20.195313	5.078125	48.242188	39.179688
0.55625	0.001338	65.890625	70.46875	0.000938	17.851563	22.070313	6.328125	42.617188	26.054688
0.75625	0.000938	76.390625	65.46875	0.001338	21.601563	18.320313	8.828125	31.367188	34.804688
0.43125	0.000988	64.578125	74.84375	0.001588	24.882813	23.476563	7.265625	35.585938	29.335938
0.63125	0.001388	75.078125	69.84375	0.001188	21.132813	19.726563	9.765625	46.835938	38.085938
0.53125	0.001588	59.328125	67.34375	0.001388	19.257813	21.601563	8.515625	41.210938	24.960938
0.73125	0.001188	69.828125	72.34375	0.000988	23.007813	17.851563	6.015625	29.960938	33.710938
0.48125	0.001288	72.453125	66.09375	0.001088	23.945313	22.539063	5.390625	44.023438	35.898438
0.68125	0.000888	61.953125	71.09375	0.001488	20.195313	18.789063	7.890625	32.773438	27.148438
0.58125	0.001088	77.703125	73.59375	0.000888	18.320313	24.414063	9.140625	38.398438	31.523438
0.78125	0.001488	67.203125	68.59375	0.001288	22.070313	20.664063	6.640625	49.648438	22.773438
0.41875	0.001012	71.796875	70.78125	0.001363	22.304688	19.492188	8.359375	40.507813	23.320313
0.61875	0.001413	61.296875	65.78125	0.000963	18.554688	23.242188	5.859375	29.257813	32.070313
0.51875	0.001213	77.046875	68.28125	0.001563	20.429688	17.617188	7.109375	34.882813	27.695313
0.71875	0.000813	66.546875	73.28125	0.001163	24.179688	21.367188	9.609375	46.132813	36.445313
0.46875	0.001513	69.171875	69.53125	0.000863	21.367188	18.554688	8.984375	37.695313	34.257813
0.66875	0.001113	79.671875	74.53125	0.001263	17.617188	22.304688	6.484375	48.945313	25.507813
0.56875	0.000913	63.921875	72.03125	0.001063	19.492188	20.429688	5.234375	43.320313	38.632813
0.76875	0.001313	74.421875	67.03125	0.001463	23.242188	24.179688	7.734375	32.070313	29.882813
0.44375	0.001363	62.609375	72.65625	0.001213	22.773438	19.023438	6.171875	33.476563	35.351563
0.64375	0.000963	73.109375	67.65625	0.000813	19.023438	22.773438	8.671875	44.726563	26.601563
0.54375	0.001163	67.859375	65.15625	0.001413	20.898438	20.898438	9.921875	39.101563	39.726563
0.74375	0.001563	78.359375	70.15625	0.001012	24.648438	24.648438	7.421875	27.851563	30.976563
0.49375	0.000863	75.734375	66.40625	0.000913	21.835938	19.960938	6.796875	41.914063	24.414063
0.69375	0.001263	65.234375	71.40625	0.001313	18.085938	23.710938	9.296875	30.664063	33.164063
0.59375	0.001463	70.484375	73.90625	0.001113	19.960938	18.085938	8.046875	36.289063	28.789063
0.79375	0.001063	59.984375	68.90625	0.001513	23.710938	21.835938	5.546875	47.539063	37.539063
0.403125	0.001331	69.992188	68.828125	0.001581	18.964844	23.886719	6.679688	43.144531	31.933594
0.603125	0.000931	59.492188	73.828125	0.001181	22.714844	20.136719	9.179688	31.894531	23.183594
0.503125	0.001131	75.242188	71.328125	0.001381	24.589844	22.011719	7.929688	37.519531	36.308594
0.703125	0.001531	64.742188	66.328125	0.000981	20.839844	18.261719	5.429688	48.769531	27.558594
0.453125	0.000831	67.367188	70.078125	0.001081	18.027344	22.949219	6.054688	34.707031	25.371094
0.653125	0.001231	77.867188	65.078125	0.001481	21.777344	19.199219	8.554688	45.957031	34.121094
0.553125	0.001431	62.117188	67.578125	0.000881	23.652344	24.824219	9.804688	40.332031	29.746094
0.753125	0.001031	72.617188	72.578125	0.001281	19.902344	21.074219	7.304688	29.082031	38.496094
0.428125	0.001081	63.429688	66.953125	0.001431	18.496094	22.480469	8.867188	36.113281	26.464844
0.628125	0.001481	73.929688	71.953125	0.001031	22.246094	18.730469	6.367188	47.363281	35.214844
0.528125	0.001281	68.679688	74.453125	0.001231	24.121094	24.355469	5.117188	41.738281	30.839844
0.728125	0.000881	79.179688	69.453125	0.000831	20.371094	20.605469	7.617188	30.488281	39.589844
0.478125	0.001581	76.554688	73.203125	0.001131	17.558594	23.417969	8.242188	38.925781	33.027344
0.678125	0.001181	66.054688	68.203125	0.001531	21.308594	19.667969	5.742188	27.675781	24.277344
0.578125	0.000981	71.304688	65.703125	0.000931	23.183594	21.542969	6.992188	33.300781	37.402344
0.778125	0.001381	60.804688	70.703125	0.001331	19.433594	17.792969	9.492188	44.550781	28.652344
0.415625	0.000906	78.523438	68.515625	0.001206	21.074219	18.496094	5.585938	42.441406	28.105469
0.615625	0.001306	68.023438	73.515625	0.000806	24.824219	22.246094	8.085938	31.191406	36.855469
0.515625	0.001506	73.273438	71.015625	0.001406	22.949219	20.371094	9.335938	36.816406	23.730469
0.715625	0.001106	62.773438	66.015625	0.001006	19.199219	24.121094	6.835938	48.066406	32.480469
0.465625	0.001206	60.148438	72.265625	0.000906	20.136719	19.433594	7.460938	34.003906	39.042969
0.665625	0.000806	70.648438	67.265625	0.001306	23.886719	23.183594	9.960938	45.253906	30.292969
0.565625	0.001006	65.398438	69.765625	0.001106	22.011719	17.558594	8.710938	39.628906	34.667969
0.765625	0.001406	75.898438	74.765625	0.001506	18.261719	21.308594	6.210938	28.378906	25.917969
0.440625	0.001456	66.710938	65.390625	0.001356	20.605469	19.902344	7.773438	38.222656	37.949219
0.640625	0.001056	77.210938	70.390625	0.000956	24.355469	23.652344	5.273438	49.472656	29.199219
0.540625	0.000856	61.460938	72.890625	0.001556	22.480469	18.027344	6.523438	43.847656	33.574219
0.740625	0.001256	71.960938	67.890625	0.001156	18.730469	21.777344	9.023438	32.597656	24.824219
0.490625	0.001156	74.585938	74.140625	0.000856	19.667969	18.964844	9.648438	41.035156	27.011719
0.690625	0.001556	64.085938	69.140625	0.001256	23.417969	22.714844	7.148438	29.785156	35.761719
0.590625	0.001356	79.835938	66.640625	0.001056	21.542969	20.839844	5.898438	35.410156	22.636719
0.790625	0.000956	69.335938	71.640625	0.001456	17.792969	24.589844	8.398438	46.660156	31.386719
0.409375	0.001119	68.351563	73.046875	0.000969	24.003906	20.488281	8.476563	32.949219	28.925781
0.609375	0.001519	78.851563	68.046875	0.001369	20.253906	24.238281	5.976563	44.199219	37.675781
0.509375	0.001319	63.101563	65.546875	0.001169	18.378906	18.613281	7.226563	49.824219	24.550781
0.709375	0.000919	73.601563	70.546875	0.001569	22.128906	22.363281	9.726563	38.574219	33.300781
0.459375	0.001419	70.976563	66.796875	0.001269	24.941406	17.675781	9.101563	47.011719	39.863281
0.659375	0.001019	60.476563	71.796875	0.000869	21.191406	21.425781	6.601563	35.761719	31.113281
0.559375	0.000819	76.226563	74.296875	0.001469	19.316406	19.550781	5.351563	30.136719	35.488281
0.759375	0.001219	65.726563	69.296875	0.001069	23.066406	23.300781	7.851563	41.386719	26.738281
0.434375	0.001269	74.914063	71.171875	0.000819	23.535156	18.144531	5.664063	48.417969	38.769531
0.634375	0.000869	64.414063	66.171875	0.001219	19.785156	21.894531	8.164063	37.167969	30.019531
0.534375	0.001069	69.664063	68.671875	0.001019	17.910156	20.019531	9.414063	31.542969	34.394531
0.734375	0.001469	59.164063	73.671875	0.001419	21.660156	23.769531	6.914063	42.792969	25.644531
0.484375	0.000969	61.789063	69.921875	0.001319	24.472656	20.957031	6.289063	28.730469	27.832031
0.684375	0.001369	72.289063	74.921875	0.000919	20.722656	24.707031	8.789063	39.980469	36.582031
0.584375	0.001569	67.039063	72.421875	0.001519	18.847656	19.082031	7.539063	45.605469	23.457031
0.784375	0.001169	77.539063	67.421875	0.001119	22.597656	22.832031	5.039063	34.355469	32.207031
0.421875	0.001544	61.132813	74.609375	0.001044	21.894531	22.128906	9.882813	30.839844	31.660156
0.621875	0.001144	71.632813	69.609375	0.001444	18.144531	18.378906	7.382813	42.089844	22.910156
0.521875	0.000944	66.382813	67.109375	0.000844	20.019531	24.003906	6.132813	47.714844	36.035156
0.721875	0.001344	76.882813	72.109375	0.001244	23.769531	20.253906	8.632813	36.464844	27.285156
0.471875	0.001044	79.507813	65.859375	0.001544	22.832031	24.941406	8.007813	44.902344	25.097656
0.671875	0.001444	69.007813	70.859375	0.001144	19.082031	21.191406	5.507813	33.652344	33.847656
0.571875	0.001244	74.257813	73.359375	0.001344	20.957031	23.066406	6.757813	28.027344	29.472656
0.771875	0.000844	63.757813	68.359375	0.000944	24.707031	19.316406	9.257813	39.277344	38.222656
0.446875	0.000894	72.945313	71.484375	0.001194	21.425781	24.472656	7.070313	49.121094	26.191406
0.646875	0.001294	62.445313	66.484375	0.001594	17.675781	20.722656	9.570313	37.871094	34.941406
0.546875	0.001494	78.195313	68.984375	0.000994	19.550781	22.597656	8.320313	32.246094	30.566406
0.746875	0.001094	67.695313	73.984375	0.001394	23.300781	18.847656	5.820313	43.496094	39.316406
0.496875	0.001394	65.070313	67.734375	0.001494	22.363281	21.660156	5.195313	29.433594	32.753906
0.696875	0.000994	75.570313	72.734375	0.001094	18.613281	17.910156	7.695313	40.683594	24.003906
0.596875	0.001194	59.820313	70.234375	0.001294	20.488281	23.535156	8.945313	46.308594	37.128906
0.796875	0.001594	70.320313	65.234375	0.000894	24.238281	19.785156	6.445313	35.058594	28.378906
0.401563	0.001597	65.480469	70.742188	0.001241	20.107422	22.568359	5.839844	28.291016	24.208984
0.601563	0.001197	75.980469	65.742188	0.000841	23.857422	18.818359	8.339844	39.541016	32.958984
0.501563	0.000997	60.230469	68.242188	0.001441	21.982422	24.443359	9.589844	45.166016	28.583984
0.701563	0.001397	70.730469	73.242188	0.001041	18.232422	20.693359	7.089844	33.916016	37.333984
0.451563	0.001097	73.355469	69.492188	0.000941	21.044922	23.505859	6.464844	47.978516	35.146484
0.651563	0.001497	62.855469	74.492188	0.001341	24.794922	19.755859	8.964844	36.728516	26.396484
0.551563	0.001297	78.605469	71.992188	0.001141	22.919922	21.630859	7.714844	31.103516	39.521484
0.751563	0.000897	68.105469	66.992188	0.001541	19.169922	17.880859	5.214844	42.353516	30.771484
0.426563	0.000847	79.917969	72.617188	0.001391	19.638672	23.974609	8.652344	46.572266	34.052734
0.626563	0.001247	69.417969	67.617188	0.000991	23.388672	20.224609	6.152344	35.322266	25.302734
0.526563	0.001447	74.667969	65.117188	0.001591	21.513672	22.099609	7.402344	29.697266	38.427734
0.726563	0.001047	64.167969	70.117188	0.001191	17.763672	18.349609	9.902344	40.947266	29.677734
0.476563	0.001347	61.542969	66.367188	0.000891	20.576172	23.037109	9.277344	32.509766	23.115234
0.676563	0.000947	72.042969	71.367188	0.001291	24.326172	19.287109	6.777344	43.759766	31.865234
0.576562	0.001147	66.792969	73.867188	0.001091	22.451172	24.912109	5.527344	49.384766	27.490234
0.776563	0.001547	77.292969	68.867188	0.001491	18.701172	21.162109	8.027344	38.134766	36.240234
0.414063	0.001172	62.199219	71.679688	0.001566	17.998047	19.990234	6.933594	28.994141	35.693359
0.614063	0.001572	72.699219	66.679688	0.001166	21.748047	23.740234	9.433594	40.244141	26.943359
0.514062	0.001372	67.449219	69.179688	0.001366	23.623047	18.115234	8.183594	45.869141	31.318359
0.714063	0.000972	77.949219	74.179688	0.000966	19.873047	21.865234	5.683594	34.619141	22.568359
0.464063	0.001472	75.324219	67.929688	0.001066	18.935547	19.052734	5.058594	48.681641	29.130859
0.664063	0.001072	64.824219	72.929688	0.001466	22.685547	22.802734	7.558594	37.431641	37.880859
0.564063	0.000872	70.074219	70.429688	0.000866	24.560547	20.927734	8.808594	31.806641	24.755859
0.764063	0.001272	59.574219	65.429688	0.001266	20.810547	24.677734	6.308594	43.056641	33.505859
0.439063	0.001222	71.386719	74.804688	0.001416	17.529297	18.583984	9.746094	44.462891	30.224609
0.639063	0.000822	60.886719	69.804688	0.001016	21.279297	22.333984	7.246094	33.212891	38.974609
0.539063	0.001022	76.636719	67.304688	0.001216	23.154297	20.458984	5.996094	27.587891	25.849609
0.739063	0.001422	66.136719	72.304688	0.000816	19.404297	24.208984	8.496094	38.837891	34.599609
0.489063	0.000922	68.761719	66.054688	0.001116	18.466797	19.521484	7.871094	30.400391	36.787109
0.689063	0.001322	79.261719	71.054688	0.001516	22.216797	23.271484	5.371094	41.650391	28.037109
0.589063	0.001522	63.511719	73.554688	0.000916	24.091797	17.646484	6.621094	47.275391	32.412109
0.789063	0.001122	74.011719	68.554688	0.001316	20.341797	21.396484	9.121094	36.025391	23.662109
0.407813	0.000959	74.339844	67.460938	0.001003	22.802734	17.998047	9.042969	39.189453	36.513672
0.607813	0.001359	63.839844	72.460938	0.001403	19.052734	21.748047	6.542969	27.939453	27.763672
0.507813	0.001559	79.589844	74.960938	0.000803	20.927734	19.873047	5.292969	33.564453	32.138672
0.707813	0.001159	69.089844	69.960938	0.001203	24.677734	23.623047	7.792969	44.814453	23.388672
0.457813	0.001259	66.464844	73.710938	0.001503	21.865234	20.810547	8.417969	36.376953	29.951172
0.657813	0.000859	76.964844	68.710938	0.001103	18.115234	24.560547	5.917969	47.626953	38.701172
0.557813	0.001059	61.214844	66.210938	0.001303	19.990234	18.935547	7.167969	42.001953	25.576172
0.757813	0.001459	71.714844	71.210938	0.000903	23.740234	22.685547	9.667969	30.751953	34.326172
0.432813	0.001409	59.902344	69.335938	0.001153	22.333984	20.341797	6.855469	34.970703	31.044922
0.632813	0.001009	70.402344	74.335938	0.001553	18.583984	24.091797	9.355469	46.220703	39.794922
0.532813	0.000809	65.152344	71.835938	0.000953	20.458984	18.466797	8.105469	40.595703	26.669922
0.732813	0.001209	75.652344	66.835938	0.001353	24.208984	22.216797	5.605469	29.345703	35.419922
0.482813	0.001109	78.277344	70.585938	0.001453	21.396484	17.529297	6.230469	43.408203	37.607422
0.682813	0.001509	67.777344	65.585938	0.001053	17.646484	21.279297	8.730469	32.158203	28.857422
0.582813	0.001309	73.027344	68.085938	0.001253	19.521484	19.404297	9.980469	37.783203	33.232422
0.782813	0.000909	62.527344	73.085938	0.000853	23.271484	23.154297	7.480469	49.033203	24.482422
0.420313	0.001384	76.308594	65.273438	0.000978	24.912109	24.326172	7.636719	41.298828	23.935547
0.620313	0.000984	65.808594	70.273438	0.001378	21.162109	20.576172	5.136719	30.048828	32.685547
0.520313	0.001184	71.058594	72.773438	0.001178	19.287109	22.451172	6.386719	35.673828	28.310547
0.720313	0.001584	60.558594	67.773438	0.001578	23.037109	18.701172	8.886719	46.923828	37.060547
0.470313	0.000884	63.183594	74.023438	0.001278	23.974609	21.513672	9.511719	38.486328	34.873047
0.670313	0.001284	73.683594	69.023438	0.000878	20.224609	17.763672	7.011719	49.736328	26.123047
0.570313	0.001484	68.433594	66.523438	0.001478	18.349609	23.388672	5.761719	44.111328	39.248047
0.770313	0.001084	78.933594	71.523438	0.001078	22.099609	19.638672	8.261719	32.861328	30.498047
0.445313	0.001034	67.121094	68.398438	0.000828	24.443359	21.982422	5.449219	34.267578	33.779297
0.645313	0.001434	77.621094	73.398438	0.001228	20.693359	18.232422	7.949219	45.517578	25.029297
0.545312	0.001234	61.871094	70.898438	0.001028	18.818359	23.857422	9.199219	39.892578	38.154297
0.745313	0.000834	72.371094	65.898438	0.001428	22.568359	20.107422	6.699219	28.642578	29.404297
0.495313	0.001534	69.746094	72.148438	0.001328	23.505859	24.794922	7.324219	42.705078	22.841797
0.695313	0.001134	59.246094	67.148438	0.000928	19.755859	21.044922	9.824219	31.455078	31.591797
0.595313	0.000934	74.996094	69.648438	0.001528	17.880859	22.919922	8.574219	37.080078	27.216797
0.795313	0.001334	64.496094	74.648438	0.001128	21.630859	19.169922	6.074219	48.330078	35.966797
0.404688	0.001066	75.488281	74.414063	0.001172	20.634766	20.986328	7.441406	43.935547	32.548828
0.604688	0.001466	64.988281	69.414063	0.001572	24.384766	24.736328	9.941406	32.685547	23.798828
0.504688	0.001266	70.238281	66.914063	0.000972	22.509766	19.111328	8.691406	38.310547	36.923828
0.704688	0.000866	59.738281	71.914063	0.001372	18.759766	22.861328	6.191406	49.560547	28.173828
0.454688	0.001566	62.363281	65.664063	0.001472	19.697266	18.173828	5.566406	35.498047	25.986328
0.654688	0.001166	72.863281	70.664063	0.001072	23.447266	21.923828	8.066406	46.748047	34.736328
0.554688	0.000966	67.613281	73.164063	0.001272	21.572266	20.048828	9.316406	41.123047	30.361328
0.754688	0.001366	78.113281	68.164063	0.000872	17.822266	23.798828	6.816406	29.873047	39.111328
0.429688	0.001316	68.925781	71.289063	0.001022	21.103516	17.705078	9.628906	36.904297	24.892578
0.629688	0.000916	79.425781	66.289063	0.001422	24.853516	21.455078	7.128906	48.154297	33.642578
0.529687	0.001116	63.675781	68.789063	0.000822	22.978516	19.580078	5.878906	42.529297	29.267578
0.729688	0.001516	74.175781	73.789063	0.001222	19.228516	23.330078	8.378906	31.279297	38.017578
0.479688	0.000816	71.550781	67.539063	0.001522	20.166016	20.517578	7.753906	39.716797	31.455078
0.679688	0.001216	61.050781	72.539063	0.001122	23.916016	24.267578	5.253906	28.466797	22.705078
0.579688	0.001416	76.800781	70.039063	0.001322	22.041016	18.642578	6.503906	34.091797	35.830078
0.779688	0.001016	66.300781	65.039063	0.000922	18.291016	22.392578	9.003906	45.341797	27.080078
0.417188	0.001491	72.207031	72.851563	0.000847	18.525391	21.689453	6.035156	41.826172	27.626953
0.617188	0.001091	61.707031	67.851563	0.001247	22.275391	17.939453	8.535156	30.576172	36.376953
0.517188	0.000891	77.457031	65.351563	0.001047	24.150391	23.564453	9.785156	36.201172	23.251953
0.717188	0.001291	66.957031	70.351563	0.001447	20.400391	19.814453	7.285156	47.451172	32.001953
0.467188	0.001191	64.332031	66.601563	0.001347	17.587891	24.501953	6.660156	33.388672	38.564453
0.667188	0.001591	74.832031	71.601563	0.000947	21.337891	20.751953	9.160156	44.638672	29.814453
0.567188	0.001391	59.082031	74.101563	0.001547	23.212891	22.626953	7.910156	39.013672	34.189453
0.767188	0.000991	69.582031	69.101563	0.001147	19.462891	18.876953	5.410156	27.763672	25.439453
0.442188	0.000941	60.394531	70.976563	0.000997	18.994141	24.970703	8.222656	37.607422	39.658203
0.642188	0.001341	70.894531	65.976563	0.001397	22.744141	21.220703	5.722656	48.857422	30.908203
0.542188	0.001541	65.644531	68.476563	0.001197	24.619141	23.095703	6.972656	43.232422	35.283203
0.742188	0.001141	76.144531	73.476563	0.001597	20.869141	19.345703	9.472656	31.982422	26.533203
0.492188	0.001241	78.769531	69.726563	0.001297	18.056641	22.158203	8.847656	40.419922	28.720703
0.692188	0.000841	68.269531	74.726563	0.000897	21.806641	18.408203	6.347656	29.169922	37.470703
0.592187	0.001041	73.519531	72.226563	0.001497	23.681641	24.033203	5.097656	34.794922	24.345703
0.792188	0.001441	63.019531	67.226563	0.001097	19.931641	20.283203	7.597656	46.044922	33.095703
0.410938	0.001278	64.003906	68.632813	0.001384	21.455078	23.447266	7.988281	32.333984	27.353516
0.610938	0.000878	74.503906	73.632813	0.000984	17.705078	19.697266	5.488281	43.583984	36.103516
0.510938	0.001078	69.253906	71.132813	0.001584	19.580078	21.572266	6.738281	49.208984	22.978516
0.710938	0.001478	79.753906	66.132813	0.001184	23.330078	17.822266	9.238281	37.958984	31.728516
0.460938	0.000978	77.128906	72.382813	0.000884	22.392578	22.509766	9.863281	46.396484	38.291016
0.660938	0.001378	66.628906	67.382813	0.001284	18.642578	18.759766	7.363281	35.146484	29.541016
0.560937	0.001578	71.878906	69.882813	0.001084	20.517578	24.384766	6.113281	29.521484	33.916016
0.760938	0.001178	61.378906	74.882813	0.001484	24.267578	20.634766	8.613281	40.771484	25.166016
0.435938	0.001128	70.566406	65.507813	0.001234	21.923828	22.978516	5.175781	47.802734	39.384766
0.635938	0.001528	60.066406	70.507813	0.000834	18.173828	19.228516	7.675781	36.552734	30.634766
0.535938	0.001328	75.816406	73.007813	0.001434	20.048828	24.853516	8.925781	30.927734	35.009766
0.735938	0.000928	65.316406	68.007813	0.001034	23.798828	21.103516	6.425781	42.177734	26.259766
0.485938	0.001428	67.941406	74.257813	0.000934	22.861328	23.916016	7.050781	28.115234	28.447266
0.685938	0.001028	78.441406	69.257813	0.001334	19.111328	20.166016	9.550781	39.365234	37.197266
0.585938	0.000828	62.691406	66.757813	0.001134	20.986328	22.041016	8.300781	44.990234	24.072266
0.785938	0.001228	73.191406	71.757813	0.001534	24.736328	18.291016	5.800781	33.740234	32.822266
0.423438	0.000853	65.972656	68.945313	0.001409	23.564453	18.994141	9.082031	31.630859	33.369141
0.623438	0.001253	76.472656	73.945313	0.001009	19.814453	22.744141	6.582031	42.880859	24.619141
0.523438	0.001453	60.722656	71.445313	0.001209	17.939453	20.869141	5.332031	48.505859	37.744141
0.723438	0.001053	71.222656	66.445313	0.000809	21.689453	24.619141	7.832031	37.255859	28.994141
0.473438	0.001353	73.847656	70.195313	0.001109	24.501953	19.931641	8.457031	45.693359	26.806641
0.673438	0.000953	63.347656	65.195313	0.001509	20.751953	23.681641	5.957031	34.443359	35.556641
0.573438	0.001153	79.097656	67.695313	0.000909	18.876953	18.056641	7.207031	28.818359	31.181641
0.773438	0.001553	68.597656	72.695313	0.001309	22.626953	21.806641	9.707031	40.068359	39.931641
0.448438	0.001503	77.785156	67.070313	0.001559	24.033203	19.462891	6.269531	49.912109	25.712891
0.648438	0.001103	67.285156	72.070313	0.001159	20.283203	23.212891	8.769531	38.662109	34.462891
0.548438	0.000903	72.535156	74.570313	0.001359	18.408203	17.587891	7.519531	33.037109	30.087891
0.748438	0.001303	62.035156	69.570313	0.000959	22.158203	21.337891	5.019531	44.287109	38.837891
0.498438	0.001003	59.410156	73.320313	0.001059	24.970703	18.525391	5.644531	30.224609	32.275391
0.698438	0.001403	69.910156	68.320313	0.001459	21.220703	22.275391	8.144531	41.474609	23.525391
0.598438	0.001203	64.660156	65.820313	0.000859	19.345703	20.400391	9.394531	47.099609	36.650391
0.798438	0.000803	75.160156	70.820313	0.001259	23.095703	24.150391	6.894531	35.849609	27.900391
0.400781	0.001202	78.072266	73.574219	0.001077	22.202148	20.151367	7.197266	37.827148	26.020508
0.600781	0.000802	67.572266	68.574219	0.001477	18.452148	23.901367	9.697266	49.077148	34.770508
0.500781	0.001002	72.822266	66.074219	0.000877	20.327148	18.276367	8.447266	43.452148	30.395508
0.700781	0.001402	62.322266	71.074219	0.001277	24.077148	22.026367	5.947266	32.202148	39.145508
0.450781	0.000902	59.697266	67.324219	0.001577	21.264648	19.213867	5.322266	40.639648	32.583008
0.650781	0.001302	70.197266	72.324219	0.001177	17.514648	22.963867	7.822266	29.389648	23.833008
0.550781	0.001502	64.947266	74.824219	0.001377	19.389648	21.088867	9.072266	35.014648	36.958008
0.750781	0.001102	75.447266	69.824219	0.000977	23.139648	24.838867	6.572266	46.264648	28.208008
0.425781	0.001152	66.259766	70.449219	0.001127	22.670898	18.745117	9.384766	42.045898	31.489258
0.625781	0.001552	76.759766	65.449219	0.001527	18.920898	22.495117	6.884766	30.795898	22.739258
0.525781	0.001352	61.009766	67.949219	0.000927	20.795898	20.620117	5.634766	36.420898	35.864258
0.725781	0.000952	71.509766	72.949219	0.001327	24.545898	24.370117	8.134766	47.670898	27.114258
0.475781	0.001452	74.134766	69.199219	0.001427	21.733398	19.682617	7.509766	33.608398	24.926758
0.675781	0.001052	63.634766	74.199219	0.001027	17.983398	23.432617	5.009766	44.858398	33.676758
0.575781	0.000852	79.384766	71.699219	0.001227	19.858398	17.807617	6.259766	39.233398	29.301758
0.775781	0.001252	68.884766	66.699219	0.000827	23.608398	21.557617	8.759766	27.983398	38.051758
0.413281	0.000827	69.541016	73.886719	0.000902	24.311523	22.260742	6.103516	37.124023	38.598633
0.613281	0.001227	59.041016	68.886719	0.001302	20.561523	18.510742	8.603516	48.374023	29.848633
0.513281	0.001427	74.791016	66.386719	0.001102	18.686523	24.135742	9.853516	42.749023	34.223633
0.713281	0.001027	64.291016	71.386719	0.001502	22.436523	20.385742	7.353516	31.499023	25.473633
0.463281	0.001327	66.916016	65.136719	0.001202	23.374023	23.198242	6.728516	39.936523	27.661133
0.663281	0.000927	77.416016	70.136719	0.000802	19.624023	19.448242	9.228516	28.686523	36.411133
0.563281	0.001127	61.666016	72.636719	0.001402	17.749023	21.323242	7.978516	34.311523	23.286133
0.763281	0.001527	72.166016	67.636719	0.001002	21.499023	17.573242	5.478516	45.561523	32.036133
0.438281	0.001577	62.978516	72.011719	0.000852	24.780273	23.666992	8.291016	44.155273	28.754883
0.638281	0.001177	73.478516	67.011719	0.001252	21.030273	19.916992	5.791016	32.905273	37.504883
0.538281	0.000977	68.228516	69.511719	0.001052	19.155273	21.791992	7.041016	38.530273	24.379883
0.738281	0.001377	78.728516	74.511719	0.001452	22.905273	18.041992	9.541016	49.780273	33.129883
0.488281	0.001077	76.103516	68.261719	0.001352	23.842773	22.729492	8.916016	35.717773	39.692383
0.688281	0.001477	65.603516	73.261719	0.000952	20.092773	18.979492	6.416016	46.967773	30.942383
0.588281	0.001277	70.853516	70.761719	0.001552	18.217773	24.604492	5.166016	41.342773	35.317383
0.788281	0.000877	60.353516	65.761719	0.001152	21.967773	20.854492	7.666016	30.092773	26.567383
0.407031	0.001039	61.337891	69.667969	0.001264	19.741211	24.25293	7.900391	49.428711	38.325195
0.607031	0.001439	71.837891	74.667969	0.000864	23.491211	20.50293	5.400391	38.178711	29.575195
0.507031	0.001239	66.587891	72.167969	0.001464	21.616211	22.37793	6.650391	32.553711	33.950195
0.707031	0.000839	77.087891	67.167969	0.001064	17.866211	18.62793	9.150391	43.803711	25.200195
0.457031	0.001539	79.712891	70.917969	0.000964	20.678711	21.44043	9.775391	29.741211	27.387695
0.657031	0.001139	69.212891	65.917969	0.001364	24.428711	17.69043	7.275391	40.991211	36.137695
0.557031	0.000939	74.462891	68.417969	0.001164	22.553711	23.31543	6.025391	46.616211	23.012695
0.757031	0.001339	63.962891	73.417969	0.001564	18.803711	19.56543	8.525391	35.366211	31.762695
0.432031	0.001389	73.150391	66.542969	0.001314	20.209961	21.90918	5.087891	31.147461	28.481445
0.632031	0.000989	62.650391	71.542969	0.000914	23.959961	18.15918	7.587891	42.397461	37.231445
0.532031	0.001189	78.400391	74.042969	0.001514	22.084961	23.78418	8.837891	48.022461	24.106445
0.732031	0.001589	67.900391	69.042969	0.001114	18.334961	20.03418	6.337891	36.772461	32.856445
0.482031	0.000889	65.275391	72.792969	0.000814	21.147461	24.72168	6.962891	45.209961	39.418945
0.682031	0.001289	75.775391	67.792969	0.001214	24.897461	20.97168	9.462891	33.959961	30.668945
0.582031	0.001489	60.025391	65.292969	0.001014	23.022461	22.84668	8.212891	28.334961	35.043945
0.782031	0.001089	70.525391	70.292969	0.001414	19.272461	19.09668	5.712891	39.584961	26.293945
0.419531	0.001414	68.556641	68.105469	0.001539	17.631836	18.393555	9.306641	47.319336	26.84082
0.619531	0.001014	79.056641	73.105469	0.001139	21.381836	22.143555	6.806641	36.069336	35.59082
0.519531	0.000814	63.306641	70.605469	0.001339	23.256836	20.268555	5.556641	30.444336	31.21582
0.719531	0.001214	73.806641	65.605469	0.000939	19.506836	24.018555	8.056641	41.694336	39.96582
0.469531	0.001114	71.181641	71.855469	0.001039	18.569336	21.206055	8.681641	27.631836	33.40332
0.669531	0.001514	60.681641	66.855469	0.001439	22.319336	24.956055	6.181641	38.881836	24.65332
0.569531	0.001314	76.431641	69.355469	0.000839	24.194336	19.331055	7.431641	44.506836	37.77832
0.769531	0.000914	65.931641	74.355469	0.001239	20.444336	23.081055	9.931641	33.256836	29.02832
0.444531	0.000964	75.119141	66.230469	0.001489	18.100586	20.737305	6.494141	31.850586	32.30957
0.644531	0.001364	64.619141	71.230469	0.001089	21.850586	24.487305	8.994141	43.100586	23.55957
0.544531	0.001564	69.869141	73.730469	0.001289	23.725586	18.862305	7.744141	48.725586	36.68457
0.744531	0.001164	59.369141	68.730469	0.000889	19.975586	22.612305	5.244141	37.475586	27.93457
0.494531	0.001264	61.994141	74.980469	0.001189	19.038086	17.924805	5.869141	45.913086	25.74707
0.694531	0.000864	72.494141	69.980469	0.001589	22.788086	21.674805	8.369141	34.663086	34.49707
0.594531	0.001064	67.244141	67.480469	0.000989	24.663086	19.799805	9.619141	29.038086	30.12207
0.794531	0.001464	77.744141	72.480469	0.001389	20.913086	23.549805	7.119141	40.288086	38.87207
0.403906	0.000933	68.064453	72.246094	0.001308	21.791992	21.264648	5.751953	45.03418	35.180664
0.603906	0.001333	78.564453	67.246094	0.000908	18.041992	17.514648	8.251953	33.78418	26.430664
0.503906	0.001533	62.814453	69.746094	0.001508	19.916992	23.139648	9.501953	28.15918	39.555664
0.703906	0.001133	73.314453	74.746094	0.001108	23.666992	19.389648	7.001953	39.40918	30.805664
0.453906	0.001233	70.689453	68.496094	0.000808	22.729492	24.077148	6.376953	30.97168	24.243164
0.653906	0.000833	60.189453	73.496094	0.001208	18.979492	20.327148	8.876953	42.22168	32.993164
0.553906	0.001033	75.939453	70.996094	0.001008	20.854492	22.202148	7.626953	47.84668	28.618164
0.753906	0.001433	65.439453	65.996094	0.001408	24.604492	18.452148	5.126953	36.59668	37.368164
0.428906	0.001483	77.251953	74.121094	0.001258	21.323242	24.545898	8.564453	29.56543	23.149414
0.628906	0.001083	66.751953	69.121094	0.000858	17.573242	20.795898	6.064453	40.81543	31.899414
0.528906	0.000883	72.001953	66.621094	0.001458	19.448242	22.670898	7.314453	46.44043	27.524414
0.728906	0.001283	61.501953	71.621094	0.001058	23.198242	18.920898	9.814453	35.19043	36.274414
0.478906	0.001183	64.126953	65.371094	0.000958	22.260742	21.733398	9.189453	49.25293	34.086914
0.678906	0.001583	74.626953	70.371094	0.001358	18.510742	17.983398	6.689453	38.00293	25.336914
0.578906	0.001383	69.376953	72.871094	0.001158	20.385742	23.608398	5.439453	32.37793	38.461914
0.778906	0.000983	79.876953	67.871094	0.001558	24.135742	19.858398	7.939453	43.62793	29.711914
0.416406	0.001308	59.533203	70.058594	0.001483	23.901367	21.030273	7.158203	47.143555	29.165039
0.616406	0.000908	70.033203	65.058594	0.001083	20.151367	24.780273	9.658203	35.893555	37.915039
0.516406	0.001108	64.783203	67.558594	0.001283	18.276367	19.155273	8.408203	30.268555	24.790039
0.716406	0.001508	75.283203	72.558594	0.000883	22.026367	22.905273	5.908203	41.518555	33.540039
0.466406	0.000808	77.908203	68.808594	0.001183	24.838867	18.217773	5.283203	33.081055	35.727539
0.666406	0.001208	67.408203	73.808594	0.001583	21.088867	21.967773	7.783203	44.331055	26.977539
0.566406	0.001408	72.658203	71.308594	0.000983	19.213867	20.092773	9.033203	49.956055	31.352539
0.766406	0.001008	62.158203	66.308594	0.001383	22.963867	23.842773	6.533203	38.706055	22.602539
0.441406	0.001058	73.970703	73.183594	0.001533	23.432617	17.749023	9.970703	28.862305	36.821289
0.641406	0.001458	63.470703	68.183594	0.001133	19.682617	21.499023	7.470703	40.112305	28.071289
0.541406	0.001258	79.220703	65.683594	0.001333	17.807617	19.624023	6.220703	45.737305	32.446289
0.741406	0.000858	68.720703	70.683594	0.000933	21.557617	23.374023	8.720703	34.487305	23.696289
0.491406	0.001558	66.095703	66.933594	0.001033	24.370117	20.561523	8.095703	48.549805	30.258789
0.691406	0.001158	76.595703	71.933594	0.001433	20.620117	24.311523	5.595703	37.299805	39.008789
0.591406	0.000958	60.845703	74.433594	0.000833	18.745117	18.686523	6.845703	31.674805	25.883789
0.791406	0.001358	71.345703	69.433594	0.001233	22.495117	22.436523	9.345703	42.924805	34.633789
0.410156	0.00152	71.673828	65.839844	0.001145	21.206055	19.272461	8.798828	34.135742	29.985352
0.610156	0.00112	61.173828	70.839844	0.001545	24.956055	23.022461	6.298828	45.385742	38.735352
0.510156	0.00092	76.923828	73.339844	0.000945	23.081055	21.147461	5.048828	39.760742	25.610352
0.710156	0.00132	66.423828	68.339844	0.001345	19.331055	24.897461	7.548828	28.510742	34.360352
0.460156	0.00102	69.048828	74.589844	0.001445	20.268555	20.209961	8.173828	42.573242	36.547852
0.660156	0.00142	79.548828	69.589844	0.001045	24.018555	23.959961	5.673828	31.323242	27.797852
0.560156	0.00122	63.798828	67.089844	0.001245	22.143555	18.334961	6.923828	36.948242	32.172852
0.760156	0.00082	74.298828	72.089844	0.000845	18.393555	22.084961	9.423828	48.198242	23.422852
0.435156	0.00087	62.486328	67.714844	0.001095	20.737305	19.741211	6.611328	41.166992	37.641602
0.635156	0.00127	72.986328	72.714844	0.001495	24.487305	23.491211	9.111328	29.916992	28.891602
0.535156	0.00147	67.736328	70.214844	0.000895	22.612305	17.866211	7.861328	35.541992	33.266602
0.735156	0.00107	78.236328	65.214844	0.001295	18.862305	21.616211	5.361328	46.791992	24.516602
0.485156	0.00137	75.611328	71.464844	0.001595	19.799805	18.803711	5.986328	38.354492	31.079102
0.685156	0.00097	65.111328	66.464844	0.001195	23.549805	22.553711	8.486328	49.604492	39.829102
0.585156	0.00117	70.361328	68.964844	0.001395	21.674805	20.678711	9.736328	43.979492	26.704102
0.785156	0.00157	59.861328	73.964844	0.000995	17.924805	24.428711	7.236328	32.729492	35.454102
0.422656	0.001145	78.892578	66.777344	0.00087	19.09668	23.256836	7.705078	34.838867	34.907227
0.622656	0.001545	68.392578	71.777344	0.00127	22.84668	19.506836	5.205078	46.088867	26.157227
0.522656	0.001345	73.642578	74.277344	0.00107	24.72168	21.381836	6.455078	40.463867	39.282227
0.722656	0.000945	63.142578	69.277344	0.00147	20.97168	17.631836	8.955078	29.213867	30.532227
0.472656	0.001445	60.517578	73.027344	0.00137	18.15918	22.319336	9.580078	43.276367	23.969727
0.672656	0.001045	71.017578	68.027344	0.00097	21.90918	18.569336	7.080078	32.026367	32.719727
0.572656	0.000845	65.767578	65.527344	0.00157	23.78418	24.194336	5.830078	37.651367	28.344727
0.772656	0.001245	76.267578	70.527344	0.00117	20.03418	20.444336	8.330078	48.901367	37.094727
0.447656	0.001295	64.455078	69.902344	0.00092	18.62793	22.788086	5.517578	39.057617	22.875977
0.647656	0.000895	74.955078	74.902344	0.00132	22.37793	19.038086	8.017578	27.807617	31.625977
0.547656	0.001095	59.205078	72.402344	0.00112	24.25293	24.663086	9.267578	33.432617	27.250977
0.747656	0.001495	69.705078	67.402344	0.00152	20.50293	20.913086	6.767578	44.682617	36.000977
0.497656	0.000995	72.330078	71.152344	0.00122	17.69043	23.725586	7.392578	36.245117	33.813477
0.697656	0.001395	61.830078	66.152344	0.00082	21.44043	19.975586	9.892578	47.495117	25.063477
0.597656	0.001595	77.580078	68.652344	0.00142	23.31543	21.850586	8.642578	41.870117	38.188477
0.797656	0.001195	67.080078	73.652344	0.00102	19.56543	18.100586	6.142578	30.620117	29.438477
0.402344	0.001198	72.740234	67.832031	0.001467	24.80957	24.750977	6.787109	38.442383	25.405273
0.602344	0.001598	62.240234	72.832031	0.001067	21.05957	21.000977	9.287109	49.692383	34.155273
0.502344	0.001398	77.990234	70.332031	0.001267	19.18457	22.875977	8.037109	44.067383	29.780273
0.702344	0.000998	67.490234	65.332031	0.000867	22.93457	19.125977	5.537109	32.817383	38.530273
0.452344	0.001498	64.865234	71.582031	0.001167	23.87207	21.938477	6.162109	41.254883	31.967773
0.652344	0.001098	75.365234	66.582031	0.001567	20.12207	18.188477	8.662109	30.004883	23.217773
0.552344	0.000898	59.615234	69.082031	0.000967	18.24707	23.813477	9.912109	35.629883	36.342773
0.752344	0.001298	70.115234	74.082031	0.001367	21.99707	20.063477	7.412109	46.879883	27.592773
0.427344	0.001248	60.927734	65.957031	0.001517	24.34082	21.469727	8.974609	42.661133	33.061523
0.627344	0.000848	71.427734	70.957031	0.001117	20.59082	17.719727	6.474609	31.411133	24.311523
0.527344	0.001048	66.177734	73.457031	0.001317	18.71582	23.344727	5.224609	37.036133	37.436523
0.727344	0.001448	76.677734	68.457031	0.000917	22.46582	19.594727	7.724609	48.286133	28.686523
0.477344	0.000948	79.302734	74.707031	0.001017	23.40332	24.282227	8.349609	34.223633	26.499023
0.677344	0.001348	68.802734	69.707031	0.001417	19.65332	20.532227	5.849609	45.473633	35.249023
0.577344	0.001548	74.052734	67.207031	0.000817	17.77832	22.407227	7.099609	39.848633	30.874023
0.777344	0.001148	63.552734	72.207031	0.001217	21.52832	18.657227	9.599609	28.598633	39.624023
