 0.100000 0.000200 40.000000 55.000000 0.000200 10.000000 10.000000 1.000000 5.000000 5.000000
 0.245000 0.004050 49.500000 59.950000 0.004050 13.750000 13.750000 2.950000 16.250000 13.750000
 0.172500 0.005975 44.750000 62.425000 0.002125 15.625000 11.875000 3.925000 21.875000 9.375000
 0.317500 0.002125 54.250000 57.475000 0.005975 11.875000 15.625000 1.975000 10.625000 18.125000
 0.136250 0.005013 56.625000 63.662500 0.005013 10.937500 12.812500 2.462500 24.687500 15.937500
 0.281250 0.001163 47.125000 58.712500 0.001163 14.687500 16.562500 4.412500 13.437500 7.187500
 0.208750 0.003088 51.875000 56.237500 0.006938 16.562500 10.937500 3.437500 7.812500 20.312500
 0.353750 0.006938 42.375000 61.187500 0.003088 12.812500 14.687500 1.487500 19.062500 11.562500
 0.118125 0.007419 53.062500 58.093750 0.001644 10.468750 13.281250 3.193750 23.281250 17.031250
 0.263125 0.003569 43.562500 63.043750 0.005494 14.218750 17.031250 1.243750 12.031250 8.281250
 0.190625 0.001644 57.812500 60.568750 0.003569 16.093750 11.406250 2.218750 6.406250 21.406250
 0.335625 0.005494 48.312500 55.618750 0.007419 12.343750 15.156250 4.168750 17.656250 12.656250
 0.154375 0.002606 45.937500 61.806250 0.004531 11.406250 10.468750 4.656250 9.218750 6.093750
 0.299375 0.006456 55.437500 56.856250 0.000681 15.156250 14.218750 2.706250 20.468750 14.843750
 0.226875 0.004531 41.187500 59.331250 0.006456 17.031250 12.343750 1.731250 26.093750 10.468750
 0.371875 0.000681 50.687500 64.281250 0.002606 13.281250 16.093750 3.681250 14.843750 19.218750
 0.109063 0.004291 47.718750 57.165625 0.003809 12.109375 17.265625 2.096875 7.109375 19.765625
 0.254063 0.000441 57.218750 62.115625 0.007659 15.859375 13.515625 4.046875 18.359375 11.015625
 0.181563 0.002366 42.968750 64.590625 0.001884 13.984375 15.390625 3.071875 23.984375 15.390625
 0.326563 0.006216 52.468750 59.640625 0.005734 10.234375 11.640625 1.121875 12.734375 6.640625
 0.145313 0.001403 50.093750 63.353125 0.006697 13.046875 14.453125 1.609375 26.796875 13.203125
 0.290313 0.005253 40.593750 58.403125 0.002847 16.796875 10.703125 3.559375 15.546875 21.953125
 0.217813 0.007178 54.843750 55.928125 0.004772 14.921875 16.328125 4.534375 9.921875 8.828125
 0.362813 0.003328 45.343750 60.878125 0.000922 11.171875 12.578125 2.584375 21.171875 17.578125
 0.127188 0.003809 56.031250 59.021875 0.002366 12.578125 13.984375 4.290625 22.578125 12.109375
 0.272188 0.007659 46.531250 63.971875 0.006216 16.328125 10.234375 2.340625 11.328125 20.859375
 0.199688 0.005734 51.281250 61.496875 0.000441 14.453125 15.859375 1.365625 5.703125 7.734375
 0.344688 0.001884 41.781250 56.546875 0.004291 10.703125 12.109375 3.315625 16.953125 16.484375
 0.163438 0.006697 44.156250 60.259375 0.007178 13.515625 16.796875 3.803125 8.515625 18.671875
 0.308438 0.002847 53.656250 55.309375 0.003328 17.265625 13.046875 1.853125 19.765625 9.921875
 0.235938 0.000922 48.906250 57.784375 0.005253 15.390625 14.921875 2.828125 25.390625 14.296875
 0.380938 0.004772 58.406250 62.734375 0.001403 11.640625 11.171875 4.778125 14.140625 5.546875
 0.104531 0.006336 58.109375 61.651563 0.006336 16.914063 15.507813 4.473438 17.304688 19.492188
 0.249531 0.002486 48.609375 56.701563 0.002486 13.164063 11.757813 2.523438 6.054688 10.742188
 0.177031 0.000561 53.359375 59.176563 0.004411 11.289063 17.382813 1.548438 11.679688 15.117188
 0.322031 0.004411 43.859375 64.126563 0.000561 15.039063 13.632813 3.498438 22.929688 6.367188
 0.140781 0.003448 41.484375 57.939062 0.003448 15.976563 16.445313 3.010938 14.492188 12.929688
 0.285781 0.007298 50.984375 62.889063 0.007298 12.226563 12.695313 1.060938 25.742188 21.679688
 0.213281 0.005373 46.234375 60.414063 0.001523 10.351563 14.570313 2.035938 20.117188 8.554688
 0.358281 0.001523 55.734375 55.464062 0.005373 14.101563 10.820313 3.985938 8.867188 17.304688
 0.122656 0.002005 45.046875 64.745313 0.007780 17.382813 15.976563 2.767188 13.085938 11.835938
 0.267656 0.005855 54.546875 59.795313 0.003930 13.632813 12.226563 4.717188 24.335938 20.585938
 0.195156 0.007780 40.296875 57.320313 0.005855 11.757813 14.101563 3.742188 18.710938 7.460938
 0.340156 0.003930 49.796875 62.270313 0.002005 15.507813 10.351563 1.792188 7.460938 16.210938
 0.158906 0.004892 52.171875 56.082813 0.002967 16.445313 15.039063 1.304688 21.523438 18.398438
 0.303906 0.001042 42.671875 61.032813 0.006817 12.695313 11.289063 3.254688 10.273438 9.648438
 0.231406 0.002967 56.921875 63.507813 0.001042 10.820313 16.914063 4.229688 15.898438 14.023438
 0.376406 0.006817 47.421875 58.557813 0.004892 14.570313 13.164063 2.279688 27.148438 5.273438
 0.113594 0.002245 51.578125 60.723438 0.005614 14.804688 11.992188 3.620313 18.007813 5.820313
 0.258594 0.006095 42.078125 55.773438 0.001764 11.054688 15.742188 1.670313 6.757813 14.570313
 0.186094 0.004170 56.328125 58.248438 0.007539 12.929688 10.117188 2.645313 12.382813 10.195313
 0.331094 0.000320 46.828125 63.198438 0.003689 16.679688 13.867188 4.595313 23.632813 18.945313
 0.149844 0.007058 49.203125 59.485938 0.000802 13.867188 11.054688 4.107813 15.195313 16.757813
 0.294844 0.003208 58.703125 64.435938 0.004652 10.117188 14.804688 2.157812 26.445313 8.007813
 0.222344 0.001283 44.453125 61.960938 0.002727 11.992188 12.929688 1.182813 20.820313 21.132813
 0.367344 0.005133 53.953125 57.010938 0.006577 15.742188 16.679688 3.132813 9.570313 12.382813
 0.131719 0.005614 43.265625 62.579688 0.004170 15.273438 11.523438 1.914063 10.976563 17.851563
 0.276719 0.001764 52.765625 57.629688 0.000320 11.523438 15.273438 3.864063 22.226563 9.101563
 0.204219 0.003689 48.015625 55.154688 0.006095 13.398438 13.398438 4.839063 16.601563 22.226563
 0.349219 0.007539 57.515625 60.104688 0.002245 17.148438 17.148438 2.889063 5.351563 13.476563
 0.167969 0.000802 55.140625 56.392187 0.001283 14.335938 12.460938 2.401563 19.414063 6.914063
 0.312969 0.004652 45.640625 61.342188 0.005133 10.585938 16.210938 4.351563 8.164063 15.664063
 0.240469 0.006577 50.390625 63.817188 0.003208 12.460938 10.585938 3.376563 13.789063 11.289063
 0.385469 0.002727 40.890625 58.867188 0.007058 16.210938 14.335938 1.426563 25.039063 20.039063
 0.102266 0.005313 49.945313 58.789844 0.007720 11.464844 16.386719 2.310156 20.644531 14.433594
 0.247266 0.001463 40.445313 63.739844 0.003870 15.214844 12.636719 4.260156 9.394531 5.683594
 0.174766 0.003388 54.695313 61.264844 0.005795 17.089844 14.511719 3.285156 15.019531 18.808594
 0.319766 0.007238 45.195313 56.314844 0.001945 13.339844 10.761719 1.335156 26.269531 10.058594
 0.138516 0.000501 47.570313 60.027344 0.002907 10.527344 15.449219 1.822656 12.207031 7.871094
 0.283516 0.004351 57.070313 55.077344 0.006757 14.277344 11.699219 3.772656 23.457031 16.621094
 0.211016 0.006276 42.820313 57.552344 0.000982 16.152344 17.324219 4.747656 17.832031 12.246094
 0.356016 0.002426 52.320313 62.502344 0.004832 12.402344 13.574219 2.797656 6.582031 20.996094
 0.120391 0.002907 44.007813 56.933594 0.006276 10.996094 14.980469 4.016406 13.613281 8.964844
 0.265391 0.006757 53.507813 61.883594 0.002426 14.746094 11.230469 2.066406 24.863281 17.714844
 0.192891 0.004832 48.757813 64.358594 0.004351 16.621094 16.855469 1.091406 19.238281 13.339844
 0.337891 0.000982 58.257813 59.408594 0.000501 12.871094 13.105469 3.041406 7.988281 22.089844
 0.156641 0.007720 55.882813 63.121094 0.003388 10.058594 15.917969 3.528906 16.425781 15.527344
 0.301641 0.003870 46.382813 58.171094 0.007238 13.808594 12.167969 1.578906 5.175781 6.777344
 0.229141 0.001945 51.132813 55.696094 0.001463 15.683594 14.042969 2.553906 10.800781 19.902344
 0.374141 0.005795 41.632813 60.646094 0.005313 11.933594 10.292969 4.503906 22.050781 11.152344
 0.111328 0.001223 57.664063 58.480469 0.004110 13.574219 10.996094 1.457031 19.941406 10.605469
 0.256328 0.005073 48.164063 63.430469 0.000260 17.324219 14.746094 3.407031 8.691406 19.355469
 0.183828 0.006998 52.914063 60.955469 0.006035 15.449219 12.871094 4.382031 14.316406 6.230469
 0.328828 0.003148 43.414063 56.005469 0.002185 11.699219 16.621094 2.432031 25.566406 14.980469
 0.147578 0.004110 41.039063 62.192969 0.001223 12.636719 11.933594 2.919531 11.503906 21.542969
 0.292578 0.000260 50.539063 57.242969 0.005073 16.386719 15.683594 4.869531 22.753906 12.792969
 0.220078 0.002185 45.789063 59.717969 0.003148 14.511719 10.058594 3.894531 17.128906 17.167969
 0.365078 0.006035 55.289063 64.667969 0.006998 10.761719 13.808594 1.944531 5.878906 8.417969
 0.129453 0.006516 46.976563 55.386719 0.005554 13.105469 12.402344 3.163281 15.722656 20.449219
 0.274453 0.002666 56.476563 60.336719 0.001704 16.855469 16.152344 1.213281 26.972656 11.699219
 0.201953 0.000741 42.226563 62.811719 0.007479 14.980469 10.527344 2.188281 21.347656 16.074219
 0.346953 0.004591 51.726563 57.861719 0.003629 11.230469 14.277344 4.138281 10.097656 7.324219
 0.165703 0.003629 54.101563 64.049219 0.000741 12.167969 11.464844 4.625781 18.535156 9.511719
 0.310703 0.007479 44.601563 59.099219 0.004591 15.917969 15.214844 2.675781 7.285156 18.261719
 0.238203 0.005554 58.851563 56.624219 0.002666 14.042969 13.339844 1.700781 12.910156 5.136719
 0.383203 0.001704 49.351563 61.574219 0.006516 10.292969 17.089844 3.650781 24.160156 13.886719
 0.106797 0.003268 48.460938 62.966406 0.001824 16.503906 12.988281 3.711719 10.449219 11.425781
 0.251797 0.007118 57.960938 58.016406 0.005674 12.753906 16.738281 1.761719 21.699219 20.175781
 0.179297 0.005193 43.710938 55.541406 0.003749 10.878906 11.113281 2.736719 27.324219 7.050781
 0.324297 0.001343 53.210938 60.491406 0.007599 14.628906 14.863281 4.686719 16.074219 15.800781
 0.143047 0.006155 50.835938 56.778906 0.004712 17.441406 10.175781 4.199219 24.511719 22.363281
 0.288047 0.002305 41.335938 61.728906 0.000862 13.691406 13.925781 2.249219 13.261719 13.613281
 0.215547 0.000380 55.585938 64.203906 0.006637 11.816406 12.050781 1.274219 7.636719 17.988281
 0.360547 0.004230 46.085938 59.253906 0.002787 15.566406 15.800781 3.224219 18.886719 9.238281
 0.124922 0.004712 54.398438 61.110156 0.000380 16.035156 10.644531 1.517969 25.917969 21.269531
 0.269922 0.000862 44.898438 56.160156 0.004230 12.285156 14.394531 3.467969 14.667969 12.519531
 0.197422 0.002787 49.648438 58.635156 0.002305 10.410156 12.519531 4.442969 9.042969 16.894531
 0.342422 0.006637 40.148438 63.585156 0.006155 14.160156 16.269531 2.492969 20.292969 8.144531
 0.161172 0.001824 42.523438 59.872656 0.005193 16.972656 13.457031 2.005469 6.230469 10.332031
 0.306172 0.005674 52.023438 64.822656 0.001343 13.222656 17.207031 3.955469 17.480469 19.082031
 0.233672 0.007599 47.273438 62.347656 0.007118 11.347656 11.582031 2.980469 23.105469 5.957031
 0.378672 0.003749 56.773438 57.397656 0.003268 15.097656 15.332031 1.030469 11.855469 14.707031
 0.115859 0.007359 41.929688 64.513281 0.002546 14.394531 14.628906 4.808594 8.339844 14.160156
 0.260859 0.003509 51.429688 59.563281 0.006396 10.644531 10.878906 2.858594 19.589844 5.410156
 0.188359 0.001584 46.679688 57.088281 0.000621 12.519531 16.503906 1.883594 25.214844 18.535156
 0.333359 0.005434 56.179688 62.038281 0.004471 16.269531 12.753906 3.833594 13.964844 9.785156
 0.152109 0.002546 58.554688 55.850781 0.007359 15.332031 17.441406 3.346094 22.402344 7.597656
 0.297109 0.006396 49.054688 60.800781 0.003509 11.582031 13.691406 1.396094 11.152344 16.347656
 0.224609 0.004471 53.804688 63.275781 0.005434 13.457031 15.566406 2.371094 5.527344 11.972656
 0.369609 0.000621 44.304688 58.325781 0.001584 17.207031 11.816406 4.321094 16.777344 20.722656
 0.133984 0.001102 52.617188 61.419531 0.003990 13.925781 16.972656 2.614844 26.621094 8.691406
 0.278984 0.004952 43.117188 56.469531 0.007840 10.175781 13.222656 4.564844 15.371094 17.441406
 0.206484 0.006877 57.367188 58.944531 0.002065 12.050781 15.097656 3.589844 9.746094 13.066406
 0.351484 0.003027 47.867188 63.894531 0.005915 15.800781 11.347656 1.639844 20.996094 21.816406
 0.170234 0.005915 45.492188 57.707031 0.006877 14.863281 14.160156 1.152344 6.933594 15.253906
 0.315234 0.002065 54.992188 62.657031 0.003027 11.113281 10.410156 3.102344 18.183594 6.503906
 0.242734 0.003990 40.742188 60.182031 0.004952 12.988281 16.035156 4.077344 23.808594 19.628906
 0.387734 0.007840 50.242188 55.232031 0.001102 16.738281 12.285156 2.127344 12.558594 10.878906
 0.101133 0.007870 45.863281 60.684766 0.004441 12.607422 15.068359 1.655078 5.791016 6.708984
 0.246133 0.004020 55.363281 55.734766 0.000591 16.357422 11.318359 3.605078 17.041016 15.458984
 0.173633 0.002095 41.113281 58.209766 0.006366 14.482422 16.943359 4.580078 22.666016 11.083984
 0.318633 0.005945 50.613281 63.159766 0.002516 10.732422 13.193359 2.630078 11.416016 19.833984
 0.137383 0.003057 52.988281 59.447266 0.001554 13.544922 16.005859 2.142578 25.478516 17.646484
 0.282383 0.006907 43.488281 64.397266 0.005404 17.294922 12.255859 4.092578 14.228516 8.896484
 0.209883 0.004982 57.738281 61.922266 0.003479 15.419922 14.130859 3.117578 8.603516 22.021484
 0.354883 0.001132 48.238281 56.972266 0.007329 11.669922 10.380859 1.167578 19.853516 13.271484
 0.119258 0.000651 58.925781 62.541016 0.005885 12.138672 16.474609 3.848828 24.072266 16.552734
 0.264258 0.004501 49.425781 57.591016 0.002035 15.888672 12.724609 1.898828 12.822266 7.802734
 0.191758 0.006426 54.175781 55.116016 0.007810 14.013672 14.599609 2.873828 7.197266 20.927734
 0.336758 0.002576 44.675781 60.066016 0.003960 10.263672 10.849609 4.823828 18.447266 12.177734
 0.155508 0.005464 42.300781 56.353516 0.001072 13.076172 15.537109 4.336328 10.009766 5.615234
 0.300508 0.001614 51.800781 61.303516 0.004922 16.826172 11.787109 2.386328 21.259766 14.365234
 0.228008 0.003539 47.050781 63.778516 0.002997 14.951172 17.412109 1.411328 26.884766 9.990234
 0.373008 0.007389 56.550781 58.828516 0.006847 11.201172 13.662109 3.361328 15.634766 18.740234
 0.110195 0.003779 42.894531 61.612891 0.007569 10.498047 12.490234 2.508203 6.494141 18.193359
 0.255195 0.007629 52.394531 56.662891 0.003719 14.248047 16.240234 4.458203 17.744141 9.443359
 0.182695 0.005704 47.644531 59.137891 0.005644 16.123047 10.615234 3.483203 23.369141 13.818359
 0.327695 0.001854 57.144531 64.087891 0.001794 12.373047 14.365234 1.533203 12.119141 5.068359
 0.146445 0.006667 54.769531 57.900391 0.002757 11.435547 11.552734 1.045703 26.181641 11.630859
 0.291445 0.002817 45.269531 62.850391 0.006607 15.185547 15.302734 2.995703 14.931641 20.380859
 0.218945 0.000892 50.019531 60.375391 0.000832 17.060547 13.427734 3.970703 9.306641 7.255859
 0.363945 0.004742 40.519531 55.425391 0.004682 13.310547 17.177734 2.020703 20.556641 16.005859
 0.128320 0.004261 51.207031 64.706641 0.006125 10.029297 11.083984 4.701953 21.962891 12.724609
 0.273320 0.000411 41.707031 59.756641 0.002275 13.779297 14.833984 2.751953 10.712891 21.474609
 0.200820 0.002336 55.957031 57.281641 0.004200 15.654297 12.958984 1.776953 5.087891 8.349609
 0.345820 0.006186 46.457031 62.231641 0.000350 11.904297 16.708984 3.726953 16.337891 17.099609
 0.164570 0.001373 48.832031 56.044141 0.003238 10.966797 12.021484 3.239453 7.900391 19.287109
 0.309570 0.005223 58.332031 60.994141 0.007088 14.716797 15.771484 1.289453 19.150391 10.537109
 0.237070 0.007148 44.082031 63.469141 0.001313 16.591797 10.146484 2.264453 24.775391 14.912109
 0.382070 0.003298 53.582031 58.519141 0.005163 12.841797 13.896484 4.214453 13.525391 6.162109
 0.105664 0.001734 53.878906 57.436328 0.002155 15.302734 10.498047 4.153516 16.689453 19.013672
 0.250664 0.005584 44.378906 62.386328 0.006005 11.552734 14.248047 2.203516 5.439453 10.263672
 0.178164 0.007509 58.628906 64.861328 0.000230 13.427734 12.373047 1.228516 11.064453 14.638672
 0.323164 0.003659 49.128906 59.911328 0.004080 17.177734 16.123047 3.178516 22.314453 5.888672
 0.141914 0.004621 46.753906 63.623828 0.006968 14.365234 13.310547 3.666016 13.876953 12.451172
 0.286914 0.000771 56.253906 58.673828 0.003118 10.615234 17.060547 1.716016 25.126953 21.201172
 0.214414 0.002696 42.003906 56.198828 0.005043 12.490234 11.435547 2.691016 19.501953 8.076172
 0.359414 0.006546 51.503906 61.148828 0.001193 16.240234 15.185547 4.641016 8.251953 16.826172
 0.123789 0.006065 40.816406 59.292578 0.003599 14.833984 12.841797 2.447266 12.470703 13.544922
 0.268789 0.002215 50.316406 64.242578 0.007449 11.083984 16.591797 4.397266 23.720703 22.294922
 0.196289 0.000290 45.566406 61.767578 0.001674 12.958984 10.966797 3.422266 18.095703 9.169922
 0.341289 0.004140 55.066406 56.817578 0.005524 16.708984 14.716797 1.472266 6.845703 17.919922
 0.160039 0.003178 57.441406 60.530078 0.006486 13.896484 10.029297 1.959766 20.908203 20.107422
 0.305039 0.007028 47.941406 55.580078 0.002636 10.146484 13.779297 3.909766 9.658203 11.357422
 0.232539 0.005103 52.691406 58.055078 0.004561 12.021484 11.904297 4.884766 15.283203 15.732422
 0.377539 0.001253 43.191406 63.005078 0.000711 15.771484 15.654297 2.934766 26.533203 6.982422
 0.114727 0.005825 55.660156 55.270703 0.001914 17.412109 16.826172 3.056641 18.798828 6.435547
 0.259727 0.001975 46.160156 60.220703 0.005764 13.662109 13.076172 1.106641 7.548828 15.185547
 0.187227 0.003900 50.910156 62.695703 0.003839 11.787109 14.951172 2.081641 13.173828 10.810547
 0.332227 0.007750 41.410156 57.745703 0.007689 15.537109 11.201172 4.031641 24.423828 19.560547
 0.150977 0.001012 43.785156 63.933203 0.004802 16.474609 14.013672 4.519141 15.986328 17.373047
 0.295977 0.004862 53.285156 58.983203 0.000952 12.724609 10.263672 2.569141 27.236328 8.623047
 0.223477 0.006787 48.535156 56.508203 0.006727 10.849609 15.888672 1.594141 21.611328 21.748047
 0.368477 0.002937 58.035156 61.458203 0.002877 14.599609 12.138672 3.544141 10.361328 12.998047
 0.132852 0.002456 47.347656 58.364453 0.000471 16.943359 14.482422 1.350391 11.767578 16.279297
 0.277852 0.006306 56.847656 63.314453 0.004321 13.193359 10.732422 3.300391 23.017578 7.529297
 0.205352 0.004381 42.597656 60.839453 0.002396 11.318359 16.357422 4.275391 17.392578 20.654297
 0.350352 0.000531 52.097656 55.889453 0.006246 15.068359 12.607422 2.325391 6.142578 11.904297
 0.169102 0.007268 49.722656 62.076953 0.005283 16.005859 17.294922 2.812891 20.205078 5.341797
 0.314102 0.003418 40.222656 57.126953 0.001433 12.255859 13.544922 4.762891 8.955078 14.091797
 0.241602 0.001493 54.472656 59.601953 0.007208 10.380859 15.419922 3.787891 14.580078 9.716797
 0.386602 0.005343 44.972656 64.551953 0.003358 14.130859 11.669922 1.837891 25.830078 18.466797
 0.103398 0.002757 54.917969 64.319922 0.003779 13.134766 13.486328 2.904297 21.435547 15.048828
 0.248398 0.006607 45.417969 59.369922 0.007629 16.884766 17.236328 4.854297 10.185547 6.298828
 0.175898 0.004682 50.167969 56.894922 0.001854 15.009766 11.611328 3.879297 15.810547 19.423828
 0.320898 0.000832 40.667969 61.844922 0.005704 11.259766 15.361328 1.929297 27.060547 10.673828
 0.139648 0.007569 43.042969 55.657422 0.006667 12.197266 10.673828 1.441797 12.998047 8.486328
 0.284648 0.003719 52.542969 60.607422 0.002817 15.947266 14.423828 3.391797 24.248047 17.236328
 0.212148 0.001794 47.792969 63.082422 0.004742 14.072266 12.548828 4.366797 18.623047 12.861328
 0.357148 0.005644 57.292969 58.132422 0.000892 10.322266 16.298828 2.416797 7.373047 21.611328
 0.121523 0.005163 48.980469 61.226172 0.002336 13.603516 10.205078 4.610547 14.404297 7.392578
 0.266523 0.001313 58.480469 56.276172 0.006186 17.353516 13.955078 2.660547 25.654297 16.142578
 0.194023 0.003238 44.230469 58.751172 0.000411 15.478516 12.080078 1.685547 20.029297 11.767578
 0.339023 0.007088 53.730469 63.701172 0.004261 11.728516 15.830078 3.635547 8.779297 20.517578
 0.157773 0.000350 51.355469 57.513672 0.007148 12.666016 13.017578 3.148047 17.216797 13.955078
 0.302773 0.004200 41.855469 62.463672 0.003298 16.416016 16.767578 1.198047 5.966797 5.205078
 0.230273 0.006125 56.105469 59.988672 0.005223 14.541016 11.142578 2.173047 11.591797 18.330078
 0.375273 0.002275 46.605469 55.038672 0.001373 10.791016 14.892578 4.123047 22.841797 9.580078
 0.112461 0.006847 51.949219 62.773047 0.000651 11.025391 14.189453 1.807422 19.326172 10.126953
 0.257461 0.002997 42.449219 57.823047 0.004501 14.775391 10.439453 3.757422 8.076172 18.876953
 0.184961 0.001072 56.699219 55.348047 0.002576 16.650391 16.064453 4.732422 13.701172 5.751953
 0.329961 0.004922 47.199219 60.298047 0.006426 12.900391 12.314453 2.782422 24.951172 14.501953
 0.148711 0.003960 44.824219 56.585547 0.005464 10.087891 17.001953 2.294922 10.888672 21.064453
 0.293711 0.007810 54.324219 61.535547 0.001614 13.837891 13.251953 4.244922 22.138672 12.314453
 0.221211 0.005885 40.074219 64.010547 0.007389 15.712891 15.126953 3.269922 16.513672 16.689453
 0.366211 0.002035 49.574219 59.060547 0.003539 11.962891 11.376953 1.319922 5.263672 7.939453
 0.130586 0.001554 41.261719 60.916797 0.002095 11.494141 17.470703 3.513672 15.107422 22.158203
 0.275586 0.005404 50.761719 55.966797 0.005945 15.244141 13.720703 1.563672 26.357422 13.408203
 0.203086 0.007329 46.011719 58.441797 0.004020 17.119141 15.595703 2.538672 20.732422 17.783203
 0.348086 0.003479 55.511719 63.391797 0.007870 13.369141 11.845703 4.488672 9.482422 9.033203
 0.166836 0.004441 57.886719 59.679297 0.004982 10.556641 14.658203 4.001172 17.919922 11.220703
 0.311836 0.000591 48.386719 64.629297 0.001132 14.306641 10.908203 2.051172 6.669922 19.970703
 0.239336 0.002516 53.136719 62.154297 0.006907 16.181641 16.533203 1.076172 12.294922 6.845703
 0.384336 0.006366 43.636719 57.204297 0.003057 12.431641 12.783203 3.026172 23.544922 15.595703
 0.107930 0.004802 44.527344 58.596484 0.005825 13.955078 15.947266 3.330859 9.833984 9.853516
 0.252930 0.000952 54.027344 63.546484 0.001975 10.205078 12.197266 1.380859 21.083984 18.603516
 0.180430 0.002877 49.277344 61.071484 0.007750 12.080078 14.072266 2.355859 26.708984 5.478516
 0.325430 0.006727 58.777344 56.121484 0.003900 15.830078 10.322266 4.305859 15.458984 14.228516
 0.144180 0.001914 56.402344 62.308984 0.001012 14.892578 15.009766 4.793359 23.896484 20.791016
 0.289180 0.005764 46.902344 57.358984 0.004862 11.142578 11.259766 2.843359 12.646484 12.041016
 0.216680 0.007689 51.652344 59.833984 0.002937 13.017578 16.884766 1.868359 7.021484 16.416016
 0.361680 0.003839 42.152344 64.783984 0.006787 16.767578 13.134766 3.818359 18.271484 7.666016
 0.126055 0.003358 50.464844 55.502734 0.004381 14.423828 15.478516 1.137109 25.302734 21.884766
 0.271055 0.007208 40.964844 60.452734 0.000531 10.673828 11.728516 3.087109 14.052734 13.134766
 0.198555 0.005283 55.214844 62.927734 0.006306 12.548828 17.353516 4.062109 8.427734 17.509766
 0.343555 0.001433 45.714844 57.977734 0.002456 16.298828 13.603516 2.112109 19.677734 8.759766
 0.162305 0.006246 48.089844 64.165234 0.001493 15.361328 16.416016 2.599609 5.615234 10.947266
 0.307305 0.002396 57.589844 59.215234 0.005343 11.611328 12.666016 4.549609 16.865234 19.697266
 0.234805 0.000471 43.339844 56.740234 0.003418 13.486328 14.541016 3.574609 22.490234 6.572266
 0.379805 0.004321 52.839844 61.690234 0.007268 17.236328 10.791016 1.624609 11.240234 15.322266
 0.116992 0.000711 46.308594 58.905859 0.006065 16.064453 11.494141 4.183984 9.130859 15.869141
 0.261992 0.004561 55.808594 63.855859 0.002215 12.314453 15.244141 2.233984 20.380859 7.119141
 0.189492 0.006486 41.558594 61.380859 0.004140 10.439453 13.369141 1.258984 26.005859 20.244141
 0.334492 0.002636 51.058594 56.430859 0.000290 14.189453 17.119141 3.208984 14.755859 11.494141
 0.153242 0.005524 53.433594 60.143359 0.003178 17.001953 12.431641 3.696484 23.193359 9.306641
 0.298242 0.001674 43.933594 55.193359 0.007028 13.251953 16.181641 1.746484 11.943359 18.056641
 0.225742 0.003599 58.183594 57.668359 0.001253 11.376953 10.556641 2.721484 6.318359 13.681641
 0.370742 0.007449 48.683594 62.618359 0.005103 15.126953 14.306641 4.671484 17.568359 22.431641
 0.135117 0.006968 56.996094 57.049609 0.007509 16.533203 11.962891 1.990234 27.412109 8.212891
 0.280117 0.003118 47.496094 61.999609 0.003659 12.783203 15.712891 3.940234 16.162109 16.962891
 0.207617 0.001193 52.246094 64.474609 0.005584 10.908203 10.087891 2.965234 10.537109 12.587891
 0.352617 0.005043 42.746094 59.524609 0.001734 14.658203 13.837891 1.015234 21.787109 21.337891
 0.171367 0.002155 40.371094 63.237109 0.002696 17.470703 11.025391 1.502734 7.724609 14.775391
 0.316367 0.006005 49.871094 58.287109 0.006546 13.720703 14.775391 3.452734 18.974609 6.025391
 0.243867 0.004080 45.121094 55.812109 0.000771 11.845703 12.900391 4.427734 24.599609 19.150391
 0.388867 0.000230 54.621094 60.762109 0.004621 15.595703 16.650391 2.477734 13.349609 10.400391
 0.100566 0.004065 57.255859 63.488477 0.002862 14.702148 12.651367 2.713867 15.327148 8.520508
 0.245566 0.000215 47.755859 58.538477 0.006712 10.952148 16.401367 4.663867 26.577148 17.270508
 0.173066 0.002140 52.505859 56.063477 0.000937 12.827148 10.776367 3.688867 20.952148 12.895508
 0.318066 0.005990 43.005859 61.013477 0.004787 16.577148 14.526367 1.738867 9.702148 21.645508
 0.136816 0.001178 40.630859 57.300977 0.007674 13.764648 11.713867 1.251367 18.139648 15.083008
 0.281816 0.005028 50.130859 62.250977 0.003824 10.014648 15.463867 3.201367 6.889648 6.333008
 0.209316 0.006953 45.380859 64.725977 0.005749 11.889648 13.588867 4.176367 12.514648 19.458008
 0.354316 0.003103 54.880859 59.775977 0.001899 15.639648 17.338867 2.226367 23.764648 10.708008
 0.118691 0.003584 46.568359 60.394727 0.003343 15.170898 11.245117 4.420117 19.545898 13.989258
 0.263691 0.007434 56.068359 55.444727 0.007193 11.420898 14.995117 2.470117 8.295898 5.239258
 0.191191 0.005509 41.818359 57.919727 0.001418 13.295898 13.120117 1.495117 13.920898 18.364258
 0.336191 0.001659 51.318359 62.869727 0.005268 17.045898 16.870117 3.445117 25.170898 9.614258
 0.154941 0.006471 53.693359 59.157227 0.006231 14.233398 12.182617 2.957617 11.108398 7.426758
 0.299941 0.002621 44.193359 64.107227 0.002381 10.483398 15.932617 1.007617 22.358398 16.176758
 0.227441 0.000696 58.443359 61.632227 0.004306 12.358398 10.307617 1.982617 16.733398 11.801758
 0.372441 0.004546 48.943359 56.682227 0.000456 16.108398 14.057617 3.932617 5.483398 20.551758
 0.109629 0.000456 49.537109 63.797852 0.001178 16.811523 14.760742 1.860742 14.624023 21.098633
 0.254629 0.004306 40.037109 58.847852 0.005028 13.061523 11.010742 3.810742 25.874023 12.348633
 0.182129 0.006231 54.287109 56.372852 0.003103 11.186523 16.635742 4.785742 20.249023 16.723633
 0.327129 0.002381 44.787109 61.322852 0.006953 14.936523 12.885742 2.835742 8.999023 7.973633
 0.145879 0.005268 47.162109 55.135352 0.004065 15.874023 15.698242 2.348242 17.436523 10.161133
 0.290879 0.001418 56.662109 60.085352 0.000215 12.124023 11.948242 4.298242 6.186523 18.911133
 0.218379 0.003343 42.412109 62.560352 0.005990 10.249023 13.823242 3.323242 11.811523 5.786133
 0.363379 0.007193 51.912109 57.610352 0.002140 13.999023 10.073242 1.373242 23.061523 14.536133
 0.127754 0.007674 43.599609 61.941602 0.000696 17.280273 16.166992 3.566992 21.655273 11.254883
 0.272754 0.003824 53.099609 56.991602 0.004546 13.530273 12.416992 1.616992 10.405273 20.004883
 0.200254 0.001899 48.349609 59.466602 0.002621 11.655273 14.291992 2.591992 16.030273 6.879883
 0.345254 0.005749 57.849609 64.416602 0.006471 15.405273 10.541992 4.541992 27.280273 15.629883
 0.164004 0.002862 55.474609 58.229102 0.005509 16.342773 15.229492 4.054492 13.217773 22.192383
 0.309004 0.006712 45.974609 63.179102 0.001659 12.592773 11.479492 2.104492 24.467773 13.442383
 0.236504 0.004787 50.724609 60.704102 0.007434 10.717773 17.104492 1.129492 18.842773 17.817383
 0.381504 0.000937 41.224609 55.754102 0.003584 14.467773 13.354492 3.079492 7.592773 9.067383
 0.105098 0.002501 42.115234 59.621289 0.004667 12.241211 16.752930 3.262305 26.928711 20.825195
 0.250098 0.006351 51.615234 64.571289 0.000817 15.991211 13.002930 1.312305 15.678711 12.075195
 0.177598 0.004426 46.865234 62.096289 0.006592 14.116211 14.877930 2.287305 10.053711 16.450195
 0.322598 0.000576 56.365234 57.146289 0.002742 10.366211 11.127930 4.237305 21.303711 7.700195
 0.141348 0.007313 58.740234 60.858789 0.001779 13.178711 13.940430 4.724805 7.241211 9.887695
 0.286348 0.003463 49.240234 55.908789 0.005629 16.928711 10.190430 2.774805 18.491211 18.637695
 0.213848 0.001538 53.990234 58.383789 0.003704 15.053711 15.815430 1.799805 24.116211 5.512695
 0.358848 0.005388 44.490234 63.333789 0.007554 11.303711 12.065430 3.749805 12.866211 14.262695
 0.123223 0.005870 52.802734 56.527539 0.005148 12.709961 14.409180 1.068555 8.647461 10.981445
 0.268223 0.002020 43.302734 61.477539 0.001298 16.459961 10.659180 3.018555 19.897461 19.731445
 0.195723 0.003945 57.552734 63.952539 0.007073 14.584961 16.284180 3.993555 25.522461 6.606445
 0.340723 0.007795 48.052734 59.002539 0.003223 10.834961 12.534180 2.043555 14.272461 15.356445
 0.159473 0.001057 45.677734 62.715039 0.000335 13.647461 17.221680 2.531055 22.709961 21.918945
 0.304473 0.004907 55.177734 57.765039 0.004185 17.397461 13.471680 4.481055 11.459961 13.168945
 0.231973 0.006832 40.927734 55.290039 0.002260 15.522461 15.346680 3.506055 5.834961 17.543945
 0.376973 0.002982 50.427734 60.240039 0.006110 11.772461 11.596680 1.556055 17.084961 8.793945
 0.114160 0.006110 48.646484 58.074414 0.007313 10.131836 10.893555 4.359180 24.819336 9.340820
 0.259160 0.002260 58.146484 63.024414 0.003463 13.881836 14.643555 2.409180 13.569336 18.090820
 0.186660 0.000335 43.896484 60.549414 0.005388 15.756836 12.768555 1.434180 7.944336 13.715820
 0.331660 0.004185 53.396484 55.599414 0.001538 12.006836 16.518555 3.384180 19.194336 22.465820
 0.150410 0.003223 51.021484 61.786914 0.002501 11.069336 13.706055 3.871680 5.131836 15.903320
 0.295410 0.007073 41.521484 56.836914 0.006351 14.819336 17.456055 1.921680 16.381836 7.153320
 0.222910 0.005148 55.771484 59.311914 0.000576 16.694336 11.831055 2.896680 22.006836 20.278320
 0.367910 0.001298 46.271484 64.261914 0.004426 12.944336 15.581055 4.846680 10.756836 11.528320
 0.132285 0.001779 54.583984 56.218164 0.006832 10.600586 13.237305 2.165430 9.350586 14.809570
 0.277285 0.005629 45.083984 61.168164 0.002982 14.350586 16.987305 4.115430 20.600586 6.059570
 0.204785 0.007554 49.833984 63.643164 0.004907 16.225586 11.362305 3.140430 26.225586 19.184570
 0.349785 0.003704 40.333984 58.693164 0.001057 12.475586 15.112305 1.190430 14.975586 10.434570
 0.168535 0.004667 42.708984 64.880664 0.003945 11.538086 10.424805 1.677930 23.413086 8.247070
 0.313535 0.000817 52.208984 59.930664 0.007795 15.288086 14.174805 3.627930 12.163086 16.997070
 0.241035 0.002742 47.458984 57.455664 0.002020 17.163086 12.299805 4.602930 6.538086 12.622070
 0.386035 0.006592 56.958984 62.405664 0.005870 13.413086 16.049805 2.652930 17.788086 21.372070
 0.102832 0.001478 48.201172 62.173633 0.005088 14.291992 13.764648 1.586523 22.534180 17.680664
 0.247832 0.005328 57.701172 57.223633 0.001238 10.541992 10.014648 3.536523 11.284180 8.930664
 0.175332 0.007253 43.451172 59.698633 0.007013 12.416992 15.639648 4.511523 5.659180 22.055664
 0.320332 0.003403 52.951172 64.648633 0.003163 16.166992 11.889648 2.561523 16.909180 13.305664
 0.139082 0.004366 50.576172 58.461133 0.000275 15.229492 16.577148 2.074023 8.471680 6.743164
 0.284082 0.000516 41.076172 63.411133 0.004125 11.479492 12.827148 4.024023 19.721680 15.493164
 0.211582 0.002441 55.326172 60.936133 0.002200 13.354492 14.702148 3.049023 25.346680 11.118164
 0.356582 0.006291 45.826172 55.986133 0.006050 17.104492 10.952148 1.099023 14.096680 19.868164
 0.120957 0.006772 56.513672 64.029883 0.004606 13.823242 17.045898 3.780273 7.065430 5.649414
 0.265957 0.002922 47.013672 59.079883 0.000756 10.073242 13.295898 1.830273 18.315430 14.399414
 0.193457 0.000997 51.763672 56.604883 0.006531 11.948242 15.170898 2.805273 23.940430 10.024414
 0.338457 0.004847 42.263672 61.554883 0.002681 15.698242 11.420898 4.755273 12.690430 18.774414
 0.157207 0.003885 44.638672 55.367383 0.001719 14.760742 14.233398 4.267773 26.752930 16.586914
 0.302207 0.007735 54.138672 60.317383 0.005569 11.010742 10.483398 2.317773 15.502930 7.836914
 0.229707 0.005810 49.388672 62.792383 0.003644 12.885742 16.108398 1.342773 9.877930 20.961914
 0.374707 0.001960 58.888672 57.842383 0.007494 16.635742 12.358398 3.292773 21.127930 12.211914
 0.111895 0.005088 40.482422 60.008008 0.006772 16.401367 13.530273 2.683398 24.643555 11.665039
 0.256895 0.001238 49.982422 55.058008 0.002922 12.651367 17.280273 4.633398 13.393555 20.415039
 0.184395 0.003163 45.232422 57.533008 0.004847 10.776367 11.655273 3.658398 7.768555 7.290039
 0.329395 0.007013 54.732422 62.483008 0.000997 14.526367 15.405273 1.708398 19.018555 16.040039
 0.148145 0.000275 57.107422 58.770508 0.003885 17.338867 10.717773 1.220898 10.581055 18.227539
 0.293145 0.004125 47.607422 63.720508 0.007735 13.588867 14.467773 3.170898 21.831055 9.477539
 0.220645 0.006050 52.357422 61.245508 0.001960 11.713867 12.592773 4.145898 27.456055 13.852539
 0.365645 0.002200 42.857422 56.295508 0.005810 15.463867 16.342773 2.195898 16.206055 5.102539
 0.130020 0.002681 53.544922 63.101758 0.007253 15.932617 10.249023 4.877148 6.362305 19.321289
 0.275020 0.006531 44.044922 58.151758 0.003403 12.182617 13.999023 2.927148 17.612305 10.571289
 0.202520 0.004606 58.294922 55.676758 0.005328 10.307617 12.124023 1.952148 23.237305 14.946289
 0.347520 0.000756 48.794922 60.626758 0.001478 14.057617 15.874023 3.902148 11.987305 6.196289
 0.166270 0.007494 46.419922 56.914258 0.002441 16.870117 13.061523 3.414648 26.049805 12.758789
 0.311270 0.003644 55.919922 61.864258 0.006291 13.120117 16.811523 1.464648 14.799805 21.508789
 0.238770 0.001719 41.669922 64.339258 0.000516 11.245117 11.186523 2.439648 9.174805 8.383789
 0.383770 0.005569 51.169922 59.389258 0.004366 14.995117 14.936523 4.389648 20.424805 17.133789
 0.107363 0.007133 51.466797 55.831445 0.003524 13.706055 11.772461 3.963086 11.635742 12.485352
 0.252363 0.003283 41.966797 60.781445 0.007374 17.456055 15.522461 2.013086 22.885742 21.235352
 0.179863 0.001358 56.216797 63.256445 0.001599 15.581055 13.647461 1.038086 17.260742 8.110352
 0.324863 0.005208 46.716797 58.306445 0.005449 11.831055 17.397461 2.988086 6.010742 16.860352
 0.143613 0.002321 49.091797 64.493945 0.006411 12.768555 12.709961 3.475586 20.073242 19.047852
 0.288613 0.006171 58.591797 59.543945 0.002561 16.518555 16.459961 1.525586 8.823242 10.297852
 0.216113 0.004246 44.341797 57.068945 0.004486 14.643555 10.834961 2.500586 14.448242 14.672852
 0.361113 0.000396 53.841797 62.018945 0.000636 10.893555 14.584961 4.450586 25.698242 5.922852
 0.125488 0.000877 43.154297 57.687695 0.003042 13.237305 12.241211 2.256836 18.666992 20.141602
 0.270488 0.004727 52.654297 62.637695 0.006892 16.987305 15.991211 4.206836 7.416992 11.391602
 0.197988 0.006652 47.904297 60.162695 0.001117 15.112305 10.366211 3.231836 13.041992 15.766602
 0.342988 0.002802 57.404297 55.212695 0.004967 11.362305 14.116211 1.281836 24.291992 7.016602
 0.161738 0.005689 55.029297 61.400195 0.007855 12.299805 11.303711 1.769336 15.854492 13.579102
 0.306738 0.001839 45.529297 56.450195 0.004005 16.049805 15.053711 3.719336 27.104492 22.329102
 0.234238 0.003764 50.279297 58.925195 0.005930 14.174805 13.178711 4.694336 21.479492 9.204102
 0.379238 0.007614 40.779297 63.875195 0.002080 10.424805 16.928711 2.744336 10.229492 17.954102
 0.116426 0.003524 57.998047 56.759570 0.000877 11.596680 15.756836 3.109961 12.338867 17.407227
 0.261426 0.007374 48.498047 61.709570 0.004727 15.346680 12.006836 1.159961 23.588867 8.657227
 0.188926 0.005449 53.248047 64.184570 0.002802 17.221680 13.881836 2.134961 17.963867 21.782227
 0.333926 0.001599 43.748047 59.234570 0.006652 13.471680 10.131836 4.084961 6.713867 13.032227
 0.152676 0.006411 41.373047 62.947070 0.005689 10.659180 14.819336 4.572461 20.776367 6.469727
 0.297676 0.002561 50.873047 57.997070 0.001839 14.409180 11.069336 2.622461 9.526367 15.219727
 0.225176 0.000636 46.123047 55.522070 0.007614 16.284180 16.694336 1.647461 15.151367 10.844727
 0.370176 0.004486 55.623047 60.472070 0.003764 12.534180 12.944336 3.597461 26.401367 19.594727
 0.134551 0.004967 44.935547 59.853320 0.001358 11.127930 15.288086 1.403711 16.557617 5.375977
 0.279551 0.001117 54.435547 64.803320 0.005208 14.877930 11.538086 3.353711 5.307617 14.125977
 0.207051 0.003042 40.185547 62.328320 0.003283 16.752930 17.163086 4.328711 10.932617 9.750977
 0.352051 0.006892 49.685547 57.378320 0.007133 13.002930 13.413086 2.378711 22.182617 18.500977
 0.170801 0.002080 52.060547 61.090820 0.004246 10.190430 16.225586 2.866211 13.745117 16.313477
 0.315801 0.005930 42.560547 56.140820 0.000396 13.940430 12.475586 4.816211 24.995117 7.563477
 0.243301 0.007855 56.810547 58.615820 0.006171 15.815430 14.350586 3.841211 19.370117 20.688477
 0.388301 0.004005 47.310547 63.565820 0.002321 12.065430 10.600586 1.891211 8.120117 11.938477
 0.101699 0.004035 52.431641 57.803711 0.006622 17.309570 17.250977 2.393945 15.942383 7.905273
 0.246699 0.007885 42.931641 62.753711 0.002772 13.559570 13.500977 4.343945 27.192383 16.655273
 0.174199 0.005960 57.181641 60.278711 0.004697 11.684570 15.375977 3.368945 21.567383 12.280273
 0.319199 0.002110 47.681641 55.328711 0.000847 15.434570 11.625977 1.418945 10.317383 21.030273
 0.137949 0.006922 45.306641 61.516211 0.003734 16.372070 14.438477 1.906445 18.754883 14.467773
 0.282949 0.003072 54.806641 56.566211 0.007584 12.622070 10.688477 3.856445 7.504883 5.717773
 0.210449 0.001147 40.556641 59.041211 0.001809 10.747070 16.313477 4.831445 13.129883 18.842773
 0.355449 0.004997 50.056641 63.991211 0.005659 14.497070 12.563477 2.881445 24.379883 10.092773
 0.119824 0.004516 41.744141 55.947461 0.007103 16.840820 13.969727 4.100195 20.161133 15.561523
 0.264824 0.000666 51.244141 60.897461 0.003253 13.090820 10.219727 2.150195 8.911133 6.811523
 0.192324 0.002591 46.494141 63.372461 0.005178 11.215820 15.844727 1.175195 14.536133 19.936523
 0.337324 0.006441 55.994141 58.422461 0.001328 14.965820 12.094727 3.125195 25.786133 11.186523
 0.156074 0.001629 58.369141 64.609961 0.002290 15.903320 16.782227 3.612695 11.723633 8.999023
 0.301074 0.005479 48.869141 59.659961 0.006140 12.153320 13.032227 1.662695 22.973633 17.749023
 0.228574 0.007404 53.619141 57.184961 0.000365 10.278320 14.907227 2.637695 17.348633 13.374023
 0.373574 0.003554 44.119141 62.134961 0.004215 14.028320 11.157227 4.587695 6.098633 22.124023
