 0.100000 0.000200 40.000000 55.000000 0.000100 0.001000 0.000200 10.000000 10.000000 1.000000 5.000000 5.000000 0.100000 0.100000 0.020000 0.020000 0.100000 0.100000 0.100000 0.100000 0.100000 0.050000
 0.450000 0.000900 60.000000 65.000000 0.000550 0.005500 0.000900 17.500000 17.500000 5.500000 27.500000 22.500000 0.450000 0.300000 0.070000 0.070000 0.400000 0.400000 0.450000 0.400000 0.300000 0.275000
 0.275000 0.001250 50.000000 70.000000 0.000325 0.007750 0.000550 21.250000 21.250000 3.250000 38.750000 13.750000 0.625000 0.200000 0.095000 0.045000 0.250000 0.550000 0.275000 0.550000 0.200000 0.387500
 0.625000 0.000550 70.000000 60.000000 0.000775 0.003250 0.001250 13.750000 13.750000 7.750000 16.250000 31.250000 0.275000 0.400000 0.045000 0.095000 0.550000 0.250000 0.625000 0.250000 0.400000 0.162500
 0.187500 0.001075 75.000000 72.500000 0.000663 0.002125 0.000725 15.625000 23.125000 6.625000 33.125000 35.625000 0.712500 0.150000 0.057500 0.057500 0.625000 0.475000 0.187500 0.175000 0.350000 0.218750
 0.537500 0.000375 55.000000 62.500000 0.000213 0.006625 0.001425 23.125000 15.625000 2.125000 10.625000 18.125000 0.362500 0.350000 0.107500 0.107500 0.325000 0.175000 0.537500 0.475000 0.150000 0.443750
 0.362500 0.000725 65.000000 57.500000 0.000887 0.008875 0.000375 19.375000 11.875000 8.875000 21.875000 26.875000 0.187500 0.250000 0.082500 0.032500 0.475000 0.325000 0.362500 0.625000 0.450000 0.331250
 0.712500 0.001425 45.000000 67.500000 0.000438 0.004375 0.001075 11.875000 19.375000 4.375000 44.375000 9.375000 0.537500 0.450000 0.032500 0.082500 0.175000 0.625000 0.712500 0.325000 0.250000 0.106250
 0.143750 0.001513 67.500000 61.250000 0.000269 0.001563 0.000812 18.437500 22.187500 7.187500 7.812500 11.562500 0.406250 0.325000 0.051250 0.101250 0.587500 0.512500 0.231250 0.662500 0.225000 0.134375
 0.493750 0.000812 47.500000 71.250000 0.000719 0.006063 0.001513 10.937500 14.687500 2.687500 30.312500 29.062500 0.756250 0.125000 0.101250 0.051250 0.287500 0.212500 0.581250 0.362500 0.425000 0.359375
 0.318750 0.000463 77.500000 66.250000 0.000494 0.008313 0.000463 14.687500 10.937500 9.437500 41.562500 20.312500 0.581250 0.425000 0.076250 0.076250 0.437500 0.362500 0.406250 0.212500 0.125000 0.471875
 0.668750 0.001162 57.500000 56.250000 0.000944 0.003813 0.001162 22.187500 18.437500 4.937500 19.062500 37.812500 0.231250 0.225000 0.026250 0.026250 0.137500 0.662500 0.756250 0.512500 0.325000 0.246875
 0.231250 0.000638 52.500000 68.750000 0.000606 0.002688 0.000288 24.062500 12.812500 1.562500 35.937500 33.437500 0.493750 0.375000 0.038750 0.088750 0.212500 0.137500 0.143750 0.587500 0.475000 0.190625
 0.581250 0.001337 72.500000 58.750000 0.000156 0.007188 0.000988 16.562500 20.312500 6.062500 13.437500 15.937500 0.143750 0.175000 0.088750 0.038750 0.512500 0.437500 0.493750 0.287500 0.275000 0.415625
 0.406250 0.000988 42.500000 63.750000 0.000831 0.009438 0.000638 12.812500 24.062500 3.812500 24.687500 24.687500 0.318750 0.475000 0.113750 0.113750 0.362500 0.587500 0.318750 0.137500 0.375000 0.303125
 0.756250 0.000288 62.500000 73.750000 0.000381 0.004938 0.001337 20.312500 16.562500 8.312500 47.187500 7.187500 0.668750 0.275000 0.063750 0.063750 0.662500 0.287500 0.668750 0.437500 0.175000 0.078125
 0.121875 0.000944 56.250000 59.375000 0.000522 0.003531 0.001556 14.218750 11.406250 8.593750 26.093750 36.718750 0.559375 0.387500 0.079375 0.054375 0.568750 0.231250 0.384375 0.418750 0.112500 0.401562
 0.471875 0.000244 76.250000 69.375000 0.000972 0.008031 0.000856 21.718750 18.906250 4.093750 48.593750 19.218750 0.209375 0.187500 0.029375 0.104375 0.268750 0.531250 0.734375 0.118750 0.312500 0.176563
 0.296875 0.000594 46.250000 74.375000 0.000297 0.005781 0.001206 17.968750 22.656250 6.343750 37.343750 27.968750 0.384375 0.487500 0.054375 0.029375 0.418750 0.681250 0.209375 0.268750 0.212500 0.064063
 0.646875 0.001294 66.250000 64.375000 0.000747 0.001281 0.000506 10.468750 15.156250 1.843750 14.843750 10.468750 0.734375 0.287500 0.104375 0.079375 0.118750 0.381250 0.559375 0.568750 0.412500 0.289063
 0.209375 0.000419 61.250000 71.875000 0.000859 0.004656 0.001031 12.343750 24.531250 5.218750 42.968750 6.093750 0.296875 0.337500 0.116875 0.041875 0.193750 0.456250 0.296875 0.493750 0.362500 0.345313
 0.559375 0.001119 41.250000 61.875000 0.000409 0.009156 0.000331 19.843750 17.031250 9.718750 20.468750 23.593750 0.646875 0.137500 0.066875 0.091875 0.493750 0.156250 0.646875 0.193750 0.162500 0.120313
 0.384375 0.001469 71.250000 56.875000 0.000634 0.006906 0.001381 23.593750 13.281250 2.968750 9.218750 14.843750 0.471875 0.437500 0.041875 0.066875 0.343750 0.306250 0.121875 0.343750 0.462500 0.232813
 0.734375 0.000769 51.250000 66.875000 0.000184 0.002406 0.000681 16.093750 20.781250 7.468750 31.718750 32.343750 0.121875 0.237500 0.091875 0.116875 0.643750 0.606250 0.471875 0.643750 0.262500 0.457813
 0.165625 0.000856 73.750000 63.125000 0.000353 0.004094 0.000944 22.656250 21.718750 4.656250 23.281250 34.531250 0.690625 0.162500 0.098125 0.073125 0.156250 0.418750 0.340625 0.381250 0.237500 0.485938
 0.515625 0.001556 53.750000 73.125000 0.000803 0.008594 0.000244 15.156250 14.218750 9.156250 45.781250 17.031250 0.340625 0.362500 0.048125 0.023125 0.456250 0.118750 0.690625 0.681250 0.437500 0.260937
 0.340625 0.001206 63.750000 68.125000 0.000128 0.006344 0.001294 11.406250 10.468750 2.406250 34.531250 25.781250 0.165625 0.262500 0.023125 0.098125 0.306250 0.268750 0.165625 0.531250 0.137500 0.148438
 0.690625 0.000506 43.750000 58.125000 0.000578 0.001844 0.000594 18.906250 17.968750 6.906250 12.031250 8.281250 0.515625 0.462500 0.073125 0.048125 0.606250 0.568750 0.515625 0.231250 0.337500 0.373438
 0.253125 0.001381 48.750000 65.625000 0.000916 0.005219 0.001469 20.781250 12.343750 8.031250 40.156250 12.656250 0.253125 0.112500 0.085625 0.110625 0.681250 0.193750 0.428125 0.306250 0.487500 0.317188
 0.603125 0.000681 68.750000 55.625000 0.000466 0.009719 0.000769 13.281250 19.843750 3.531250 17.656250 30.156250 0.603125 0.312500 0.035625 0.060625 0.381250 0.493750 0.778125 0.606250 0.287500 0.092188
 0.428125 0.000331 58.750000 60.625000 0.000691 0.007469 0.001119 17.031250 23.593750 5.781250 6.406250 21.406250 0.778125 0.212500 0.060625 0.085625 0.531250 0.643750 0.253125 0.456250 0.387500 0.204687
 0.778125 0.001031 78.750000 70.625000 0.000241 0.002969 0.000419 24.531250 16.093750 1.281250 28.906250 38.906250 0.428125 0.412500 0.110625 0.035625 0.231250 0.343750 0.603125 0.156250 0.187500 0.429688
 0.110938 0.001316 78.125000 68.437500 0.000817 0.009297 0.001228 23.359375 18.203125 8.453125 18.359375 32.890625 0.767188 0.331250 0.071563 0.030938 0.146875 0.203125 0.526563 0.690625 0.268750 0.169531
 0.460938 0.000616 58.125000 58.437500 0.000367 0.004797 0.000528 15.859375 10.703125 3.953125 40.859375 15.390625 0.417188 0.131250 0.021563 0.080937 0.446875 0.503125 0.176563 0.390625 0.468750 0.394531
 0.285938 0.000266 68.125000 63.437500 0.000592 0.002547 0.001578 12.109375 14.453125 6.203125 29.609375 24.140625 0.242188 0.431250 0.046563 0.055937 0.296875 0.653125 0.701563 0.240625 0.168750 0.282031
 0.635938 0.000966 48.125000 73.437500 0.000142 0.007047 0.000878 19.609375 21.953125 1.703125 7.109375 6.640625 0.592188 0.231250 0.096562 0.105937 0.596875 0.353125 0.351563 0.540625 0.368750 0.057031
 0.198438 0.000791 43.125000 60.937500 0.000480 0.008172 0.001403 17.734375 16.328125 5.078125 46.484375 11.015625 0.154688 0.381250 0.109062 0.068437 0.671875 0.428125 0.614063 0.615625 0.418750 0.113281
 0.548438 0.001491 63.125000 70.937500 0.000930 0.003672 0.000703 10.234375 23.828125 9.578125 23.984375 28.515625 0.504688 0.181250 0.059062 0.118437 0.371875 0.128125 0.264063 0.315625 0.218750 0.338281
 0.373438 0.001141 53.125000 65.937500 0.000255 0.001422 0.001053 13.984375 20.078125 2.828125 12.734375 19.765625 0.679688 0.481250 0.034063 0.043437 0.521875 0.278125 0.789063 0.165625 0.318750 0.450781
 0.723438 0.000441 73.125000 55.937500 0.000705 0.005922 0.000353 21.484375 12.578125 7.328125 35.234375 37.265625 0.329688 0.281250 0.084062 0.093437 0.221875 0.578125 0.439063 0.465625 0.118750 0.225781
 0.154688 0.000528 50.625000 74.687500 0.000986 0.009859 0.001316 16.796875 15.390625 4.515625 21.171875 39.453125 0.460938 0.106250 0.102812 0.099687 0.559375 0.465625 0.570313 0.128125 0.193750 0.253906
 0.504688 0.001228 70.625000 64.687500 0.000536 0.005359 0.000616 24.296875 22.890625 9.015625 43.671875 21.953125 0.110938 0.306250 0.052812 0.049687 0.259375 0.165625 0.220313 0.428125 0.393750 0.478906
 0.329688 0.001578 40.625000 59.687500 0.000761 0.003109 0.000966 20.546875 19.140625 2.265625 32.421875 30.703125 0.285938 0.206250 0.027813 0.074687 0.409375 0.315625 0.745313 0.578125 0.293750 0.366406
 0.679688 0.000878 60.625000 69.687500 0.000311 0.007609 0.000266 13.046875 11.640625 6.765625 9.921875 13.203125 0.635938 0.406250 0.077812 0.024688 0.109375 0.615625 0.395313 0.278125 0.493750 0.141406
 0.242188 0.001053 65.625000 57.187500 0.000423 0.008734 0.001141 11.171875 21.015625 7.890625 49.296875 8.828125 0.373438 0.156250 0.090312 0.087188 0.184375 0.240625 0.482813 0.203125 0.343750 0.085156
 0.592188 0.000353 45.625000 67.187500 0.000873 0.004234 0.000441 18.671875 13.515625 3.390625 26.796875 26.328125 0.723438 0.356250 0.040313 0.037187 0.484375 0.540625 0.132813 0.503125 0.143750 0.310156
 0.417188 0.000703 75.625000 72.187500 0.000198 0.001984 0.001491 22.421875 17.265625 5.640625 15.546875 17.578125 0.548438 0.256250 0.065312 0.112188 0.334375 0.690625 0.657813 0.653125 0.443750 0.422656
 0.767188 0.001403 55.625000 62.187500 0.000648 0.006484 0.000791 14.921875 24.765625 1.140625 38.046875 35.078125 0.198438 0.456250 0.115313 0.062188 0.634375 0.390625 0.307813 0.353125 0.243750 0.197656
 0.132813 0.000572 64.375000 66.562500 0.000733 0.006766 0.000572 20.078125 18.671875 1.421875 14.140625 9.921875 0.351563 0.168750 0.030938 0.046563 0.615625 0.146875 0.767188 0.371875 0.256250 0.296094
 0.482813 0.001272 44.375000 56.562500 0.000283 0.002266 0.001272 12.578125 11.171875 5.921875 36.640625 27.421875 0.701563 0.368750 0.080937 0.096562 0.315625 0.446875 0.417188 0.671875 0.456250 0.071094
 0.307813 0.000922 74.375000 61.562500 0.000958 0.004516 0.000222 16.328125 14.921875 3.671875 47.890625 18.671875 0.526563 0.268750 0.105937 0.021563 0.465625 0.596875 0.592188 0.521875 0.156250 0.183594
 0.657813 0.000222 54.375000 71.562500 0.000508 0.009016 0.000922 23.828125 22.421875 8.171875 25.390625 36.171875 0.176563 0.468750 0.055937 0.071563 0.165625 0.296875 0.242188 0.221875 0.356250 0.408594
 0.220313 0.001447 59.375000 64.062500 0.000170 0.005641 0.000397 21.953125 16.796875 7.046875 31.015625 31.796875 0.614063 0.118750 0.068437 0.034063 0.240625 0.521875 0.679688 0.296875 0.406250 0.464844
 0.570313 0.000747 79.375000 74.062500 0.000620 0.001141 0.001097 14.453125 24.296875 2.546875 8.515625 14.296875 0.264063 0.318750 0.118437 0.084062 0.540625 0.221875 0.329688 0.596875 0.206250 0.239844
 0.395313 0.000397 49.375000 69.062500 0.000395 0.003391 0.000747 10.703125 20.546875 9.296875 19.765625 23.046875 0.439063 0.218750 0.093437 0.059062 0.390625 0.371875 0.504688 0.446875 0.306250 0.127344
 0.745313 0.001097 69.375000 59.062500 0.000845 0.007891 0.001447 18.203125 13.046875 4.796875 42.265625 5.546875 0.789063 0.418750 0.043437 0.109062 0.690625 0.671875 0.154688 0.146875 0.106250 0.352344
 0.176563 0.001184 46.875000 70.312500 0.000564 0.007328 0.000484 13.515625 13.984375 7.609375 11.328125 7.734375 0.220313 0.393750 0.049687 0.077812 0.128125 0.484375 0.635938 0.409375 0.181250 0.380469
 0.526563 0.000484 66.875000 60.312500 0.000114 0.002828 0.001184 21.015625 21.484375 3.109375 33.828125 25.234375 0.570313 0.193750 0.099687 0.027813 0.428125 0.184375 0.285938 0.109375 0.381250 0.155469
 0.351563 0.000834 56.875000 55.312500 0.000789 0.005078 0.000834 24.765625 17.734375 9.859375 45.078125 16.484375 0.745313 0.493750 0.074687 0.102812 0.278125 0.334375 0.460938 0.259375 0.281250 0.267969
 0.701563 0.001534 76.875000 65.312500 0.000339 0.009578 0.001534 17.265625 10.234375 5.359375 22.578125 33.984375 0.395313 0.293750 0.024688 0.052812 0.578125 0.634375 0.110938 0.559375 0.481250 0.492969
 0.264063 0.000309 71.875000 57.812500 0.000227 0.006203 0.000659 15.390625 19.609375 1.984375 28.203125 38.359375 0.657813 0.343750 0.037187 0.115313 0.653125 0.109375 0.723438 0.484375 0.331250 0.436719
 0.614063 0.001009 51.875000 67.812500 0.000677 0.001703 0.001359 22.890625 12.109375 6.484375 5.703125 20.859375 0.307813 0.143750 0.087188 0.065312 0.353125 0.409375 0.373438 0.184375 0.131250 0.211719
 0.439063 0.001359 61.875000 72.812500 0.000452 0.003953 0.000309 19.140625 15.859375 4.234375 16.953125 29.609375 0.132813 0.443750 0.112188 0.090312 0.503125 0.559375 0.548438 0.334375 0.431250 0.099219
 0.789063 0.000659 41.875000 62.812500 0.000902 0.008453 0.001009 11.640625 23.359375 8.734375 39.453125 12.109375 0.482813 0.243750 0.062188 0.040313 0.203125 0.259375 0.198438 0.634375 0.231250 0.324219
 0.105469 0.001130 60.937500 62.656250 0.000979 0.002758 0.001392 15.039063 20.429688 5.851563 44.726563 17.851563 0.400781 0.403125 0.022344 0.048906 0.489063 0.582812 0.247656 0.160938 0.203125 0.454297
 0.455469 0.000430 40.937500 72.656250 0.000529 0.007258 0.000692 22.539063 12.929688 1.351563 22.226563 35.351563 0.750781 0.203125 0.072344 0.098906 0.189062 0.282813 0.597656 0.460938 0.403125 0.229297
 0.280469 0.000780 70.937500 67.656250 0.000754 0.009508 0.001042 18.789063 16.679688 8.101563 10.976563 9.101563 0.575781 0.303125 0.097344 0.023906 0.639062 0.132813 0.422656 0.610938 0.103125 0.116797
 0.630469 0.001480 50.937500 57.656250 0.000304 0.005008 0.000342 11.289063 24.179688 3.601563 33.476563 26.601563 0.225781 0.103125 0.047344 0.073906 0.339062 0.432812 0.772656 0.310937 0.303125 0.341797
 0.192969 0.000255 55.937500 65.156250 0.000416 0.001633 0.001217 13.164063 14.804688 2.476563 16.601563 30.976563 0.488281 0.453125 0.059844 0.036406 0.264062 0.357812 0.160156 0.235937 0.453125 0.285547
 0.542969 0.000955 75.937500 55.156250 0.000866 0.006133 0.000517 20.664063 22.304688 6.976563 39.101563 13.476563 0.138281 0.253125 0.109844 0.086406 0.564063 0.657813 0.510156 0.535937 0.253125 0.060547
 0.367969 0.001305 45.937500 60.156250 0.000191 0.008383 0.001567 24.414063 18.554688 4.726563 27.851563 39.726563 0.313281 0.353125 0.084844 0.061406 0.114063 0.507813 0.335156 0.685937 0.353125 0.173047
 0.717969 0.000605 65.937500 70.156250 0.000641 0.003883 0.000867 16.914063 11.054688 9.226563 5.351563 22.226563 0.663281 0.153125 0.034844 0.111406 0.414063 0.207813 0.685156 0.385937 0.153125 0.398047
 0.149219 0.000692 48.437500 58.906250 0.000810 0.002195 0.001130 21.601563 15.742188 3.039063 47.539063 20.039063 0.182031 0.228125 0.053594 0.080156 0.376563 0.395313 0.116406 0.648438 0.128125 0.426172
 0.499219 0.001392 68.437500 68.906250 0.000360 0.006695 0.000430 14.101563 23.242188 7.539063 25.039063 37.539063 0.532031 0.428125 0.103594 0.030156 0.676562 0.695313 0.466406 0.348438 0.328125 0.201172
 0.324219 0.001042 58.437500 73.906250 0.000585 0.008945 0.001480 10.351563 19.492188 5.289063 13.789063 11.289063 0.707031 0.128125 0.078594 0.105156 0.226563 0.545312 0.291406 0.198437 0.228125 0.088672
 0.674219 0.000342 78.437500 63.906250 0.000135 0.004445 0.000780 17.851563 11.992188 9.789063 36.289063 28.789063 0.357031 0.328125 0.028594 0.055156 0.526563 0.245312 0.641406 0.498437 0.428125 0.313672
 0.236719 0.001567 73.437500 71.406250 0.000473 0.001070 0.001305 19.726563 17.617188 6.414063 19.414063 24.414063 0.794531 0.278125 0.041094 0.117656 0.451562 0.620312 0.203906 0.573437 0.378125 0.369922
 0.586719 0.000867 53.437500 61.406250 0.000923 0.005570 0.000605 12.226563 10.117188 1.914063 41.914063 6.914063 0.444531 0.478125 0.091094 0.067656 0.151563 0.320313 0.553906 0.273438 0.178125 0.144922
 0.411719 0.000517 63.437500 56.406250 0.000248 0.007820 0.000955 15.976563 13.867188 8.664063 30.664063 33.164063 0.269531 0.178125 0.116094 0.092656 0.601563 0.170313 0.378906 0.123438 0.478125 0.257422
 0.761719 0.001217 43.437500 66.406250 0.000698 0.003320 0.000255 23.476563 21.367188 4.164063 8.164063 15.664063 0.619531 0.378125 0.066094 0.042656 0.301563 0.470312 0.728906 0.423437 0.278125 0.482422
 0.127344 0.000386 77.187500 62.031250 0.000557 0.005289 0.000386 11.757813 19.960938 3.882813 32.070313 29.882813 0.641406 0.290625 0.081719 0.027031 0.357812 0.676562 0.357031 0.442188 0.215625 0.130859
 0.477344 0.001086 57.187500 72.031250 0.000107 0.009789 0.001086 19.257813 12.460938 8.382813 9.570313 12.382813 0.291406 0.490625 0.031719 0.077031 0.657813 0.376563 0.707031 0.142187 0.415625 0.355859
 0.302344 0.001436 67.187500 67.031250 0.000782 0.007539 0.000736 23.007813 16.210938 1.632813 20.820313 38.632813 0.116406 0.190625 0.056719 0.052031 0.207813 0.226563 0.182031 0.292187 0.115625 0.468359
 0.652344 0.000736 47.187500 57.031250 0.000332 0.003039 0.001436 15.507813 23.710938 6.132813 43.320313 21.132813 0.466406 0.390625 0.106719 0.102031 0.507813 0.526563 0.532031 0.592187 0.315625 0.243359
 0.214844 0.000911 42.187500 69.531250 0.000220 0.004164 0.000561 17.382813 14.335938 9.507813 15.195313 16.757813 0.203906 0.240625 0.119219 0.064531 0.432812 0.301563 0.444531 0.517188 0.465625 0.187109
 0.564844 0.000211 62.187500 59.531250 0.000670 0.008664 0.001261 24.882813 21.835938 5.007813 37.695313 34.257813 0.553906 0.440625 0.069219 0.114531 0.132813 0.601563 0.794531 0.217188 0.265625 0.412109
 0.389844 0.000561 52.187500 64.531250 0.000445 0.006414 0.000211 21.132813 18.085938 7.257813 48.945313 8.007813 0.728906 0.140625 0.044219 0.039531 0.582812 0.451562 0.269531 0.367188 0.365625 0.299609
 0.739844 0.001261 72.187500 74.531250 0.000895 0.001914 0.000911 13.632813 10.585938 2.757813 26.445313 25.507813 0.378906 0.340625 0.094219 0.089531 0.282813 0.151563 0.619531 0.667187 0.165625 0.074609
 0.171094 0.001348 54.687500 55.781250 0.000726 0.004727 0.000648 18.320313 17.148438 8.945313 29.257813 23.320313 0.597656 0.465625 0.100469 0.095781 0.545312 0.264062 0.400781 0.329688 0.140625 0.102734
 0.521094 0.000648 74.687500 65.781250 0.000276 0.009227 0.001348 10.820313 24.648438 4.445313 6.757813 5.820313 0.247656 0.265625 0.050469 0.045781 0.245312 0.564063 0.750781 0.629687 0.340625 0.327734
 0.346094 0.000298 44.687500 70.781250 0.000951 0.006977 0.000298 14.570313 20.898438 6.695313 18.007813 32.070313 0.422656 0.365625 0.025469 0.070781 0.695313 0.414063 0.225781 0.479687 0.240625 0.440234
 0.696094 0.000998 64.687500 60.781250 0.000501 0.002477 0.000998 22.070313 13.398438 2.195313 40.507813 14.570313 0.772656 0.165625 0.075469 0.020781 0.395313 0.114063 0.575781 0.179688 0.440625 0.215234
 0.258594 0.000823 69.687500 73.281250 0.000163 0.003602 0.000473 23.945313 19.023438 3.320313 12.382813 18.945313 0.335156 0.415625 0.087969 0.083281 0.320313 0.639062 0.313281 0.254688 0.390625 0.271484
 0.608594 0.001523 49.687500 63.281250 0.000613 0.008102 0.001173 16.445313 11.523438 7.820313 34.882813 36.445313 0.685156 0.215625 0.037969 0.033281 0.620312 0.339062 0.663281 0.554688 0.190625 0.496484
 0.433594 0.001173 79.687500 58.281250 0.000388 0.005852 0.000823 12.695313 15.273438 1.070313 46.132813 10.195313 0.510156 0.315625 0.062969 0.108281 0.170313 0.189062 0.138281 0.404687 0.490625 0.383984
 0.783594 0.000473 59.687500 68.281250 0.000838 0.001352 0.001523 20.195313 22.773438 5.570313 23.632813 27.695313 0.160156 0.115625 0.112969 0.058281 0.470312 0.489063 0.488281 0.104688 0.290625 0.158984
 0.116406 0.000758 57.812500 71.093750 0.000290 0.008805 0.000758 20.429688 13.632813 4.304688 35.585938 24.960938 0.521094 0.234375 0.070781 0.053594 0.517188 0.629687 0.564844 0.639062 0.171875 0.334766
 0.466406 0.001458 77.812500 61.093750 0.000740 0.004305 0.001458 12.929688 21.132813 8.804688 13.085938 7.460938 0.171094 0.434375 0.020781 0.103594 0.217188 0.329688 0.214844 0.339062 0.371875 0.109766
 0.291406 0.001108 47.812500 56.093750 0.000515 0.002055 0.000408 16.679688 24.882813 2.054688 24.335938 33.710938 0.346094 0.134375 0.045781 0.028594 0.667187 0.179688 0.739844 0.189062 0.271875 0.222266
 0.641406 0.000408 67.812500 66.093750 0.000965 0.006555 0.001108 24.179688 17.382813 6.554688 46.835938 16.210938 0.696094 0.334375 0.095781 0.078594 0.367188 0.479687 0.389844 0.489063 0.471875 0.447266
 0.203906 0.001283 62.812500 58.593750 0.000627 0.009930 0.000233 22.304688 23.007813 9.929688 7.460938 20.585938 0.433594 0.284375 0.108281 0.041094 0.292187 0.254688 0.477344 0.564063 0.321875 0.391016
 0.553906 0.000583 42.812500 68.593750 0.000177 0.005430 0.000933 14.804688 15.507813 5.429688 29.960938 38.085938 0.783594 0.484375 0.058281 0.091094 0.592187 0.554688 0.127344 0.264062 0.121875 0.166016
 0.378906 0.000233 72.812500 73.593750 0.000852 0.003180 0.000583 11.054688 11.757813 7.679688 41.210938 11.835938 0.608594 0.184375 0.033281 0.066094 0.142187 0.404687 0.652344 0.114063 0.421875 0.053516
 0.728906 0.000933 52.812500 63.593750 0.000402 0.007680 0.001283 18.554688 19.257813 3.179688 18.710938 29.335938 0.258594 0.384375 0.083281 0.116094 0.442188 0.104688 0.302344 0.414063 0.221875 0.278516
 0.160156 0.001020 70.312500 67.343750 0.000121 0.008242 0.000320 11.992188 23.945313 9.367188 38.398438 27.148438 0.739844 0.409375 0.102031 0.072344 0.329688 0.292187 0.521094 0.151563 0.296875 0.306641
 0.510156 0.000320 50.312500 57.343750 0.000571 0.003742 0.001020 19.492188 16.445313 4.867188 15.898438 9.648438 0.389844 0.209375 0.052031 0.022344 0.629687 0.592187 0.171094 0.451562 0.496875 0.081641
 0.335156 0.000670 60.312500 62.343750 0.000346 0.001492 0.000670 23.242188 12.695313 7.117188 27.148438 35.898438 0.214844 0.309375 0.027031 0.097344 0.179688 0.442188 0.696094 0.601563 0.196875 0.194141
 0.685156 0.001370 40.312500 72.343750 0.000796 0.005992 0.001370 15.742188 20.195313 2.617188 49.648438 18.398438 0.564844 0.109375 0.077031 0.047344 0.479687 0.142187 0.346094 0.301563 0.396875 0.419141
 0.247656 0.000495 45.312500 64.843750 0.000684 0.009367 0.000845 13.867188 10.820313 3.742188 10.273438 14.023438 0.127344 0.459375 0.089531 0.109844 0.404687 0.667187 0.608594 0.226563 0.446875 0.475391
 0.597656 0.001195 65.312500 74.843750 0.000234 0.004867 0.001545 21.367188 18.320313 8.242188 32.773438 31.523438 0.477344 0.259375 0.039531 0.059844 0.104688 0.367188 0.258594 0.526563 0.246875 0.250391
 0.422656 0.001545 55.312500 69.843750 0.000909 0.002617 0.000495 17.617188 22.070313 1.492188 44.023438 5.273438 0.652344 0.359375 0.064531 0.084844 0.554688 0.217188 0.783594 0.676562 0.346875 0.137891
 0.772656 0.000845 75.312500 59.843750 0.000459 0.007117 0.001195 10.117188 14.570313 5.992188 21.523438 22.773438 0.302344 0.159375 0.114531 0.034844 0.254688 0.517188 0.433594 0.376563 0.146875 0.362891
 0.138281 0.001502 44.062500 74.218750 0.000374 0.006273 0.001064 24.648438 12.226563 5.710938 42.617188 21.679688 0.236719 0.471875 0.030156 0.025469 0.385937 0.610938 0.630469 0.357812 0.159375 0.236328
 0.488281 0.000802 64.062500 64.218750 0.000824 0.001773 0.000364 17.148438 19.726563 1.210938 20.117188 39.179688 0.586719 0.271875 0.080156 0.075469 0.685937 0.310937 0.280469 0.657813 0.359375 0.461328
 0.313281 0.000452 54.062500 59.218750 0.000149 0.004023 0.001414 13.398438 23.476563 7.960938 8.867188 12.929688 0.761719 0.371875 0.105156 0.050469 0.235937 0.160938 0.455469 0.507813 0.259375 0.348828
 0.663281 0.001152 74.062500 69.218750 0.000599 0.008523 0.000714 20.898438 15.976563 3.460938 31.367188 30.429688 0.411719 0.171875 0.055156 0.100469 0.535937 0.460938 0.105469 0.207813 0.459375 0.123828
 0.225781 0.000627 79.062500 56.718750 0.000937 0.007398 0.001589 19.023438 21.601563 2.335938 25.742188 26.054688 0.674219 0.421875 0.067656 0.062969 0.460938 0.385937 0.717969 0.282813 0.309375 0.067578
 0.575781 0.001327 59.062500 66.718750 0.000487 0.002898 0.000889 11.523438 14.101563 6.835938 48.242188 8.554688 0.324219 0.221875 0.117656 0.112969 0.160938 0.685937 0.367969 0.582812 0.109375 0.292578
 0.400781 0.000977 69.062500 71.718750 0.000712 0.005148 0.001239 15.273438 10.351563 4.585938 36.992188 34.804688 0.149219 0.321875 0.092656 0.037969 0.610938 0.535937 0.542969 0.432812 0.409375 0.405078
 0.750781 0.000277 49.062500 61.718750 0.000262 0.009648 0.000539 22.773438 17.851563 9.085938 14.492188 17.304688 0.499219 0.121875 0.042656 0.087969 0.310937 0.235937 0.192969 0.132813 0.209375 0.180078
 0.182031 0.000364 66.562500 67.968750 0.000543 0.005711 0.001502 16.210938 24.414063 2.898438 39.804688 15.117188 0.280469 0.296875 0.048906 0.106719 0.498437 0.348438 0.761719 0.470312 0.284375 0.208203
 0.532031 0.001064 46.562500 57.968750 0.000993 0.001211 0.000802 23.710938 16.914063 7.398438 17.304688 32.617188 0.630469 0.496875 0.098906 0.056719 0.198437 0.648438 0.411719 0.170313 0.484375 0.433203
 0.357031 0.001414 76.562500 62.968750 0.000318 0.003461 0.001152 19.960938 13.164063 5.148438 6.054688 6.367188 0.455469 0.196875 0.073906 0.081719 0.648438 0.498437 0.586719 0.320313 0.184375 0.320703
 0.707031 0.000714 56.562500 72.968750 0.000768 0.007961 0.000452 12.460938 20.664063 9.648438 28.554688 23.867188 0.105469 0.396875 0.023906 0.031719 0.348438 0.198437 0.236719 0.620312 0.384375 0.095703
 0.269531 0.001239 51.562500 60.468750 0.000880 0.006836 0.000977 10.585938 11.289063 6.273438 22.929688 28.242188 0.542969 0.246875 0.036406 0.094219 0.273438 0.573437 0.674219 0.545312 0.434375 0.151953
 0.619531 0.000539 71.562500 70.468750 0.000430 0.002336 0.000277 18.085938 18.789063 1.773438 45.429688 10.742188 0.192969 0.446875 0.086406 0.044219 0.573437 0.273438 0.324219 0.245312 0.234375 0.376953
 0.444531 0.000889 41.562500 65.468750 0.000655 0.004586 0.001327 21.835938 22.539063 8.523438 34.179688 36.992188 0.367969 0.146875 0.111406 0.119219 0.123438 0.123438 0.499219 0.395313 0.334375 0.489453
 0.794531 0.001589 61.562500 55.468750 0.000205 0.009086 0.000627 14.335938 15.039063 4.023438 11.679688 19.492188 0.717969 0.346875 0.061406 0.069219 0.423437 0.423437 0.149219 0.695313 0.134375 0.264453
 0.102734 0.001595 52.343750 66.484375 0.000596 0.004129 0.001146 12.519531 10.527344 1.878906 25.214844 18.261719 0.151953 0.251563 0.096953 0.059453 0.697656 0.167969 0.655078 0.252344 0.404688 0.361133
 0.452734 0.000895 72.343750 56.484375 0.000146 0.008629 0.000446 20.019531 18.027344 6.378906 47.714844 35.761719 0.501953 0.451563 0.046953 0.109453 0.397656 0.467969 0.305078 0.552344 0.204688 0.136133
 0.277734 0.000545 42.343750 61.484375 0.000821 0.006379 0.001496 23.769531 21.777344 4.128906 36.464844 9.511719 0.676953 0.151563 0.021953 0.034453 0.547656 0.617969 0.480078 0.402344 0.304688 0.248633
 0.627734 0.001245 62.343750 71.484375 0.000371 0.001879 0.000796 16.269531 14.277344 8.628906 13.964844 27.011719 0.326953 0.351563 0.071953 0.084453 0.247656 0.317969 0.130078 0.102344 0.104688 0.473633
 0.190234 0.000720 67.343750 63.984375 0.000258 0.005254 0.001321 14.394531 23.652344 7.503906 42.089844 22.636719 0.764453 0.201563 0.084453 0.021953 0.172656 0.542969 0.742578 0.327344 0.254688 0.417383
 0.540234 0.001420 47.343750 73.984375 0.000708 0.009754 0.000621 21.894531 16.152344 3.003906 19.589844 5.136719 0.414453 0.401563 0.034453 0.071953 0.472656 0.242969 0.392578 0.627344 0.454688 0.192383
 0.365234 0.001070 77.343750 68.984375 0.000483 0.007504 0.000971 18.144531 12.402344 9.753906 8.339844 31.386719 0.239453 0.101563 0.059453 0.046953 0.322656 0.392969 0.567578 0.477344 0.154688 0.079883
 0.715234 0.000370 57.343750 58.984375 0.000933 0.003004 0.000271 10.644531 19.902344 5.253906 30.839844 13.886719 0.589453 0.301563 0.109453 0.096953 0.622656 0.692969 0.217578 0.177344 0.354688 0.304883
 0.146484 0.000282 79.843750 70.234375 0.000764 0.003566 0.001409 20.957031 22.714844 6.941406 22.402344 16.074219 0.370703 0.476563 0.078203 0.090703 0.210156 0.505469 0.786328 0.514844 0.329688 0.276758
 0.496484 0.000982 59.843750 60.234375 0.000314 0.008066 0.000709 13.457031 15.214844 2.441406 44.902344 33.574219 0.720703 0.276562 0.028203 0.040703 0.510156 0.205469 0.436328 0.214844 0.129688 0.051758
 0.321484 0.001332 69.843750 55.234375 0.000989 0.005816 0.001059 17.207031 11.464844 9.191406 33.652344 7.324219 0.545703 0.376563 0.053203 0.115703 0.360156 0.355469 0.611328 0.364844 0.429688 0.164258
 0.671484 0.000632 49.843750 65.234375 0.000539 0.001316 0.000359 24.707031 18.964844 4.691406 11.152344 24.824219 0.195703 0.176563 0.103203 0.065703 0.660156 0.655469 0.261328 0.664844 0.229688 0.389258
 0.233984 0.001157 44.843750 57.734375 0.000202 0.004691 0.001234 22.832031 13.339844 1.316406 39.277344 29.199219 0.458203 0.426563 0.115703 0.103203 0.585156 0.130469 0.698828 0.439844 0.179688 0.445508
 0.583984 0.000457 64.843750 67.734375 0.000652 0.009191 0.000534 15.332031 20.839844 5.816406 16.777344 11.699219 0.108203 0.226563 0.065703 0.053203 0.285156 0.430469 0.348828 0.139844 0.379688 0.220508
 0.408984 0.000807 54.843750 72.734375 0.000427 0.006941 0.001584 11.582031 24.589844 3.566406 5.527344 37.949219 0.283203 0.326563 0.040703 0.078203 0.435156 0.580469 0.523828 0.289844 0.279688 0.108008
 0.758984 0.001507 74.843750 62.734375 0.000877 0.002441 0.000884 19.082031 17.089844 8.066406 28.027344 20.449219 0.633203 0.126562 0.090703 0.028203 0.135156 0.280469 0.173828 0.589844 0.479688 0.333008
 0.124609 0.000851 46.093750 68.359375 0.000961 0.001598 0.000665 15.800781 10.996094 7.785156 6.933594 23.730469 0.611328 0.439063 0.056328 0.043828 0.228906 0.186719 0.545703 0.571094 0.417188 0.262695
 0.474609 0.001551 66.093750 58.359375 0.000511 0.006098 0.001365 23.300781 18.496094 3.285156 29.433594 6.230469 0.261328 0.239063 0.106328 0.093828 0.528906 0.486719 0.195703 0.271094 0.217188 0.487695
 0.299609 0.001201 56.093750 63.359375 0.000736 0.008348 0.000315 19.550781 22.246094 5.535156 40.683594 32.480469 0.436328 0.339063 0.081328 0.068828 0.378906 0.636719 0.720703 0.121094 0.317188 0.375195
 0.649609 0.000501 76.093750 73.359375 0.000286 0.003848 0.001015 12.050781 14.746094 1.035156 18.183594 14.980469 0.786328 0.139063 0.031328 0.118828 0.678906 0.336719 0.370703 0.421094 0.117188 0.150195
 0.212109 0.001376 71.093750 60.859375 0.000399 0.002723 0.000490 10.175781 24.121094 4.410156 35.058594 19.355469 0.348828 0.489063 0.043828 0.056328 0.603906 0.411719 0.458203 0.646094 0.267188 0.093945
 0.562109 0.000676 51.093750 70.859375 0.000849 0.007223 0.001190 17.675781 16.621094 8.910156 12.558594 36.855469 0.698828 0.289063 0.093828 0.106328 0.303906 0.111719 0.108203 0.346094 0.467188 0.318945
 0.387109 0.000326 61.093750 65.859375 0.000174 0.009473 0.000840 21.425781 12.871094 2.160156 23.808594 10.605469 0.523828 0.389063 0.118828 0.031328 0.453906 0.261719 0.633203 0.196094 0.167188 0.431445
 0.737109 0.001026 41.093750 55.859375 0.000624 0.004973 0.001540 13.925781 20.371094 6.660156 46.308594 28.105469 0.173828 0.189063 0.068828 0.081328 0.153906 0.561719 0.283203 0.496094 0.367188 0.206445
 0.168359 0.000938 63.593750 74.609375 0.000793 0.001035 0.000402 24.238281 21.308594 4.972656 9.746094 30.292969 0.655078 0.214063 0.025078 0.112578 0.641406 0.449219 0.501953 0.233594 0.342188 0.178320
 0.518359 0.000238 43.593750 64.609375 0.000343 0.005535 0.001102 16.738281 13.808594 9.472656 32.246094 12.792969 0.305078 0.414063 0.075078 0.062578 0.341406 0.149219 0.151953 0.533594 0.142187 0.403320
 0.343359 0.000588 73.593750 59.609375 0.000568 0.007785 0.000752 12.988281 10.058594 2.722656 43.496094 39.042969 0.130078 0.114063 0.100078 0.087578 0.491406 0.299219 0.676953 0.683594 0.442188 0.290820
 0.693359 0.001288 53.593750 69.609375 0.000118 0.003285 0.001452 20.488281 17.558594 7.222656 20.996094 21.542969 0.480078 0.314063 0.050078 0.037578 0.191406 0.599219 0.326953 0.383594 0.242188 0.065820
 0.255859 0.000413 58.593750 57.109375 0.000455 0.002160 0.000577 18.613281 11.933594 8.347656 37.871094 17.167969 0.217578 0.264063 0.062578 0.075078 0.116406 0.224219 0.589453 0.158594 0.192188 0.122070
 0.605859 0.001113 78.593750 67.109375 0.000905 0.006660 0.001277 11.113281 19.433594 3.847656 15.371094 34.667969 0.567578 0.464063 0.112578 0.025078 0.416406 0.524219 0.239453 0.458594 0.392188 0.347070
 0.430859 0.001463 48.593750 72.109375 0.000230 0.008910 0.000227 14.863281 23.183594 6.097656 26.621094 8.417969 0.742578 0.164063 0.087578 0.100078 0.266406 0.674219 0.764453 0.608594 0.292187 0.459570
 0.780859 0.000763 68.593750 62.109375 0.000680 0.004410 0.000927 22.363281 15.683594 1.597656 49.121094 25.917969 0.392578 0.364063 0.037578 0.050078 0.566406 0.374219 0.414453 0.308594 0.492188 0.234570
 0.113672 0.000479 69.218750 59.921875 0.000329 0.007363 0.000293 22.128906 17.792969 8.207031 16.074219 28.652344 0.731641 0.482813 0.045391 0.067266 0.650781 0.214844 0.337891 0.542969 0.373438 0.480664
 0.463672 0.001179 49.218750 69.921875 0.000779 0.002863 0.000993 14.628906 10.292969 3.707031 38.574219 11.152344 0.381641 0.282813 0.095391 0.117266 0.350781 0.514844 0.687891 0.242969 0.173438 0.255664
 0.288672 0.001529 79.218750 74.921875 0.000104 0.005113 0.000643 10.878906 14.042969 5.957031 49.824219 37.402344 0.206641 0.382813 0.070391 0.042266 0.500781 0.664844 0.162891 0.392969 0.473438 0.143164
 0.638672 0.000829 59.218750 64.921875 0.000554 0.009613 0.001343 18.378906 21.542969 1.457031 27.324219 19.902344 0.556641 0.182813 0.020391 0.092266 0.200781 0.364844 0.512891 0.692969 0.273438 0.368164
 0.201172 0.001004 54.218750 72.421875 0.000891 0.006238 0.000818 20.253906 15.917969 4.832031 32.949219 15.527344 0.119141 0.432813 0.032891 0.029766 0.125781 0.439844 0.425391 0.467969 0.123438 0.311914
 0.551172 0.000304 74.218750 62.421875 0.000441 0.001738 0.001518 12.753906 23.417969 9.332031 10.449219 33.027344 0.469141 0.232813 0.082891 0.079766 0.425781 0.139844 0.775391 0.167969 0.323438 0.086914
 0.376172 0.000654 44.218750 57.421875 0.000666 0.003988 0.000468 16.503906 19.667969 2.582031 21.699219 6.777344 0.644141 0.332813 0.107891 0.054766 0.275781 0.289844 0.250391 0.317969 0.223438 0.199414
 0.726172 0.001354 64.218750 67.421875 0.000216 0.008488 0.001168 24.003906 12.167969 7.082031 44.199219 24.277344 0.294141 0.132813 0.057891 0.104766 0.575781 0.589844 0.600391 0.617969 0.423438 0.424414
 0.157422 0.001266 41.718750 63.671875 0.000497 0.006801 0.000730 15.566406 14.980469 5.394531 13.261719 26.464844 0.512891 0.257813 0.026641 0.086016 0.238281 0.402344 0.381641 0.280469 0.498438 0.396289
 0.507422 0.000566 61.718750 73.671875 0.000947 0.002301 0.001430 23.066406 22.480469 9.894531 35.761719 8.964844 0.162891 0.457813 0.076641 0.036016 0.538281 0.102344 0.731641 0.580469 0.298438 0.171289
 0.332422 0.000216 51.718750 68.671875 0.000272 0.004551 0.000380 19.316406 18.730469 3.144531 47.011719 35.214844 0.337891 0.157813 0.101641 0.111016 0.388281 0.252344 0.206641 0.430469 0.398438 0.058789
 0.682422 0.000916 71.718750 58.671875 0.000722 0.009051 0.001080 11.816406 11.230469 7.644531 24.511719 17.714844 0.687891 0.357813 0.051641 0.061016 0.688281 0.552344 0.556641 0.130469 0.198438 0.283789
 0.244922 0.000741 76.718750 66.171875 0.000835 0.005676 0.000205 13.691406 20.605469 8.769531 30.136719 22.089844 0.425391 0.207813 0.064141 0.098516 0.613281 0.177344 0.294141 0.355469 0.248438 0.340039
 0.594922 0.001441 56.718750 56.171875 0.000385 0.001176 0.000905 21.191406 13.105469 4.269531 7.636719 39.589844 0.775391 0.407813 0.114141 0.048516 0.313281 0.477344 0.644141 0.655469 0.448438 0.115039
 0.419922 0.001091 66.718750 61.171875 0.000610 0.003426 0.000555 24.941406 16.855469 6.519531 18.886719 13.339844 0.600391 0.107813 0.089141 0.073516 0.463281 0.627344 0.119141 0.505469 0.148438 0.227539
 0.769922 0.000391 46.718750 71.171875 0.000160 0.007926 0.001255 17.441406 24.355469 2.019531 41.386719 30.839844 0.250391 0.307813 0.039141 0.023516 0.163281 0.327344 0.469141 0.205469 0.348438 0.452539
 0.135547 0.001223 72.968750 55.546875 0.000300 0.009895 0.001474 17.910156 19.199219 1.738281 17.480469 14.433594 0.316016 0.220313 0.104766 0.032891 0.182031 0.121094 0.272266 0.224219 0.360938 0.157227
 0.485547 0.000523 52.968750 65.546875 0.000750 0.005395 0.000774 10.410156 11.699219 6.238281 39.980469 31.933594 0.666016 0.420313 0.054766 0.082891 0.482031 0.421094 0.622266 0.524219 0.160938 0.382227
 0.310547 0.000873 62.968750 70.546875 0.000525 0.003145 0.001124 14.160156 15.449219 3.988281 28.730469 5.683594 0.491016 0.120313 0.029766 0.057891 0.332031 0.571094 0.447266 0.674219 0.460938 0.494727
 0.660547 0.001573 42.968750 60.546875 0.000975 0.007645 0.000424 21.660156 22.949219 8.488281 6.230469 23.183594 0.141016 0.320313 0.079766 0.107891 0.632031 0.271094 0.797266 0.374219 0.260937 0.269727
 0.223047 0.000348 47.968750 73.046875 0.000638 0.008770 0.000949 23.535156 17.324219 7.363281 45.605469 27.558594 0.578516 0.270313 0.092266 0.045391 0.557031 0.496094 0.184766 0.149219 0.110938 0.213477
 0.573047 0.001048 67.968750 63.046875 0.000188 0.004270 0.000249 16.035156 24.824219 2.863281 23.105469 10.058594 0.228516 0.470313 0.042266 0.095391 0.257031 0.196094 0.534766 0.449219 0.310938 0.438477
 0.398047 0.001398 57.968750 58.046875 0.000863 0.002020 0.001299 12.285156 21.074219 9.613281 11.855469 36.308594 0.403516 0.170313 0.067266 0.020391 0.407031 0.346094 0.359766 0.599219 0.210938 0.325977
 0.748047 0.000698 77.968750 68.046875 0.000413 0.006520 0.000599 19.785156 13.574219 5.113281 34.355469 18.808594 0.753516 0.370313 0.117266 0.070391 0.107031 0.646094 0.709766 0.299219 0.410938 0.100977
 0.179297 0.000610 55.468750 61.796875 0.000132 0.009332 0.001037 11.347656 14.511719 6.800781 20.292969 20.996094 0.272266 0.445313 0.073516 0.114141 0.669531 0.533594 0.141016 0.561719 0.485938 0.072852
 0.529297 0.001310 75.468750 71.796875 0.000582 0.004832 0.000337 18.847656 22.011719 2.300781 42.792969 38.496094 0.622266 0.245313 0.023516 0.064141 0.369531 0.233594 0.491016 0.261719 0.285938 0.297852
 0.354297 0.000960 45.468750 66.796875 0.000357 0.002582 0.001387 22.597656 18.261719 9.050781 31.542969 12.246094 0.797266 0.345313 0.048516 0.089141 0.519531 0.383594 0.316016 0.111719 0.385938 0.410352
 0.704297 0.000260 65.468750 56.796875 0.000807 0.007082 0.000687 15.097656 10.761719 4.550781 9.042969 29.746094 0.447266 0.145313 0.098516 0.039141 0.219531 0.683594 0.666016 0.411719 0.185938 0.185352
 0.266797 0.001485 60.468750 69.296875 0.000694 0.008207 0.001562 16.972656 20.136719 1.175781 48.417969 25.371094 0.709766 0.495313 0.111016 0.076641 0.144531 0.158594 0.228516 0.636719 0.235938 0.241602
 0.616797 0.000785 40.468750 59.296875 0.000244 0.003707 0.000862 24.472656 12.636719 5.675781 25.917969 7.871094 0.359766 0.295313 0.061016 0.026641 0.444531 0.458594 0.578516 0.336719 0.435938 0.466602
 0.441797 0.000435 70.468750 64.296875 0.000919 0.001457 0.001212 20.722656 16.386719 3.425781 14.667969 34.121094 0.184766 0.395313 0.036016 0.101641 0.294531 0.608594 0.403516 0.186719 0.135938 0.354102
 0.791797 0.001135 50.468750 74.296875 0.000469 0.005957 0.000512 13.222656 23.886719 7.925781 37.167969 16.621094 0.534766 0.195313 0.086016 0.051641 0.594531 0.308594 0.753516 0.486719 0.335938 0.129102
 0.108203 0.000665 71.406250 73.828125 0.000518 0.004762 0.000851 17.324219 20.957031 6.167969 30.488281 13.613281 0.441797 0.354688 0.096172 0.038359 0.308594 0.594531 0.791797 0.313281 0.301563 0.202930
 0.458203 0.001365 51.406250 63.828125 0.000968 0.009262 0.001551 24.824219 13.457031 1.667969 7.988281 31.113281 0.791797 0.154688 0.046172 0.088359 0.608594 0.294531 0.441797 0.613281 0.101563 0.427930
 0.283203 0.001015 61.406250 58.828125 0.000293 0.007012 0.000501 21.074219 17.207031 8.417969 19.238281 22.363281 0.616797 0.454688 0.021172 0.063359 0.158594 0.144531 0.616797 0.463281 0.401563 0.315430
 0.633203 0.000315 41.406250 68.828125 0.000743 0.002512 0.001201 13.574219 24.707031 3.917969 41.738281 39.863281 0.266797 0.254688 0.071172 0.113359 0.458594 0.444531 0.266797 0.163281 0.201563 0.090430
 0.195703 0.001540 46.406250 56.328125 0.000856 0.003637 0.000326 11.699219 15.332031 2.792969 13.613281 35.488281 0.529297 0.304688 0.083672 0.050859 0.533594 0.369531 0.704297 0.388281 0.151563 0.146680
 0.545703 0.000840 66.406250 66.328125 0.000406 0.008137 0.001026 19.199219 22.832031 7.292969 36.113281 17.988281 0.179297 0.104688 0.033672 0.100859 0.233594 0.669531 0.354297 0.688281 0.351563 0.371680
 0.370703 0.000490 56.406250 71.328125 0.000631 0.005887 0.000676 22.949219 19.082031 5.042969 47.363281 26.738281 0.354297 0.404688 0.058672 0.025859 0.683594 0.519531 0.529297 0.538281 0.251563 0.484180
 0.720703 0.001190 76.406250 61.328125 0.000181 0.001387 0.001376 15.449219 11.582031 9.542969 24.863281 9.238281 0.704297 0.204688 0.108672 0.075859 0.383594 0.219531 0.179297 0.238281 0.451563 0.259180
 0.151953 0.001102 58.906250 67.578125 0.000350 0.005324 0.000238 23.886719 16.269531 2.230469 27.675781 7.050781 0.135547 0.179688 0.077422 0.119609 0.421094 0.332031 0.660547 0.500781 0.426563 0.231055
 0.501953 0.000402 78.906250 57.578125 0.000800 0.009824 0.000938 16.386719 23.769531 6.730469 5.175781 24.550781 0.485547 0.379688 0.027422 0.069609 0.121094 0.632031 0.310547 0.200781 0.226563 0.456055
 0.326953 0.000752 48.906250 62.578125 0.000125 0.007574 0.000588 12.636719 20.019531 4.480469 16.425781 15.800781 0.660547 0.279688 0.052422 0.094609 0.571094 0.482031 0.485547 0.350781 0.326563 0.343555
 0.676953 0.001452 68.906250 72.578125 0.000575 0.003074 0.001288 20.136719 12.519531 8.980469 38.925781 33.300781 0.310547 0.479688 0.102422 0.044609 0.271094 0.182031 0.135547 0.650781 0.126562 0.118555
 0.239453 0.000227 63.906250 60.078125 0.000912 0.004199 0.000763 18.261719 18.144531 5.605469 10.800781 37.675781 0.748047 0.129688 0.114922 0.082109 0.346094 0.557031 0.748047 0.425781 0.276562 0.062305
 0.589453 0.000927 43.906250 70.078125 0.000462 0.008699 0.001463 10.761719 10.644531 1.105469 33.300781 20.175781 0.398047 0.329688 0.064922 0.032109 0.646094 0.257031 0.398047 0.125781 0.476563 0.287305
 0.414453 0.001277 73.906250 65.078125 0.000687 0.006449 0.000413 14.511719 14.394531 7.855469 44.550781 28.925781 0.223047 0.229688 0.039922 0.107109 0.196094 0.107031 0.573047 0.275781 0.176563 0.399805
 0.764453 0.000577 53.906250 55.078125 0.000237 0.001949 0.001113 22.011719 21.894531 3.355469 22.050781 11.425781 0.573047 0.429688 0.089922 0.057109 0.496094 0.407031 0.223047 0.575781 0.376563 0.174805
 0.130078 0.001409 65.156250 70.703125 0.000153 0.002230 0.000982 13.105469 19.550781 3.636719 45.957031 34.394531 0.682422 0.142187 0.055547 0.066484 0.439844 0.650781 0.507422 0.594531 0.314063 0.329492
 0.480078 0.000709 45.156250 60.703125 0.000603 0.006730 0.000282 20.605469 12.050781 8.136719 23.457031 16.894531 0.332422 0.342188 0.105547 0.116484 0.139844 0.350781 0.157422 0.294531 0.114063 0.104492
 0.305078 0.000359 75.156250 55.703125 0.000378 0.008980 0.001332 24.355469 15.800781 1.386719 12.207031 25.644531 0.157422 0.242188 0.080547 0.041484 0.589844 0.200781 0.682422 0.144531 0.414063 0.216992
 0.655078 0.001059 55.156250 65.703125 0.000828 0.004480 0.000632 16.855469 23.300781 5.886719 34.707031 8.144531 0.507422 0.442188 0.030547 0.091484 0.289844 0.500781 0.332422 0.444531 0.214063 0.441992
 0.217578 0.000884 50.156250 58.203125 0.000715 0.001105 0.001507 14.980469 13.925781 9.261719 17.832031 12.519531 0.244922 0.192188 0.043047 0.028984 0.364844 0.275781 0.594922 0.669531 0.164063 0.498242
 0.567578 0.001584 70.156250 68.203125 0.000265 0.005605 0.000807 22.480469 21.425781 4.761719 40.332031 30.019531 0.594922 0.392188 0.093047 0.078984 0.664844 0.575781 0.244922 0.369531 0.364063 0.273242
 0.392578 0.001234 40.156250 73.203125 0.000940 0.007855 0.001157 18.730469 17.675781 7.011719 29.082031 21.269531 0.769922 0.292187 0.118047 0.053984 0.214844 0.425781 0.769922 0.219531 0.264063 0.160742
 0.742578 0.000534 60.156250 63.203125 0.000490 0.003355 0.000457 11.230469 10.175781 2.511719 6.582031 38.769531 0.419922 0.492188 0.068047 0.103984 0.514844 0.125781 0.419922 0.519531 0.464063 0.385742
 0.173828 0.000446 42.656250 66.953125 0.000321 0.002793 0.001595 19.667969 16.738281 9.824219 48.769531 36.582031 0.551172 0.317188 0.024297 0.085234 0.252344 0.313281 0.551172 0.182031 0.439063 0.357617
 0.523828 0.001146 62.656250 56.953125 0.000771 0.007293 0.000895 12.167969 24.238281 5.324219 26.269531 19.082031 0.201172 0.117188 0.074297 0.035234 0.552344 0.613281 0.201172 0.482031 0.239063 0.132617
 0.348828 0.001496 52.656250 61.953125 0.000546 0.009543 0.001245 15.917969 20.488281 7.574219 15.019531 27.832031 0.376172 0.417188 0.099297 0.110234 0.102344 0.463281 0.726172 0.632031 0.339063 0.245117
 0.698828 0.000796 72.656250 71.953125 0.000996 0.005043 0.000545 23.417969 12.988281 3.074219 37.519531 10.332031 0.726172 0.217188 0.049297 0.060234 0.402344 0.163281 0.376172 0.332031 0.139063 0.470117
 0.261328 0.000971 77.656250 64.453125 0.000659 0.001668 0.001070 21.542969 18.613281 4.199219 20.644531 5.957031 0.288672 0.367188 0.061797 0.097734 0.477344 0.688281 0.463672 0.107031 0.289063 0.413867
 0.611328 0.000271 57.656250 74.453125 0.000209 0.006168 0.000370 14.042969 11.113281 8.699219 43.144531 23.457031 0.638672 0.167188 0.111797 0.047734 0.177344 0.388281 0.113672 0.407031 0.489063 0.188867
 0.436328 0.000621 67.656250 69.453125 0.000884 0.008418 0.001420 10.292969 14.863281 1.949219 31.894531 14.707031 0.463672 0.467188 0.086797 0.072734 0.627344 0.238281 0.638672 0.557031 0.189063 0.076367
 0.786328 0.001321 47.656250 59.453125 0.000434 0.003918 0.000720 17.792969 22.363281 6.449219 9.394531 32.207031 0.113672 0.267188 0.036797 0.022734 0.327344 0.538281 0.288672 0.257031 0.389063 0.301367
 0.119141 0.001037 49.531250 62.265625 0.000757 0.005746 0.001310 18.964844 13.222656 3.496094 43.847656 38.222656 0.474609 0.185938 0.047734 0.039922 0.280469 0.697656 0.365234 0.491406 0.470313 0.083398
 0.469141 0.000337 69.531250 72.265625 0.000307 0.001246 0.000610 11.464844 20.722656 7.996094 21.347656 20.722656 0.124609 0.385938 0.097734 0.089922 0.580469 0.397656 0.715234 0.191406 0.270313 0.308398
 0.294141 0.000687 59.531250 67.265625 0.000982 0.003496 0.000960 15.214844 24.472656 1.246094 10.097656 29.472656 0.299609 0.285938 0.072734 0.064922 0.130469 0.247656 0.190234 0.341406 0.370313 0.420898
 0.644141 0.001387 79.531250 57.265625 0.000532 0.007996 0.000260 22.714844 16.972656 5.746094 32.597656 11.972656 0.649609 0.485938 0.022734 0.114922 0.430469 0.547656 0.540234 0.641406 0.170313 0.195898
 0.206641 0.000512 74.531250 69.765625 0.000195 0.006871 0.001135 24.589844 22.597656 9.121094 26.972656 7.597656 0.387109 0.135938 0.035234 0.052422 0.505469 0.322656 0.277734 0.416406 0.220313 0.252148
 0.556641 0.001212 54.531250 59.765625 0.000645 0.002371 0.000435 17.089844 15.097656 4.621094 49.472656 25.097656 0.737109 0.335938 0.085234 0.102422 0.205469 0.622656 0.627734 0.116406 0.420313 0.477148
 0.381641 0.001562 64.531250 64.765625 0.000420 0.004621 0.001485 13.339844 11.347656 6.871094 38.222656 16.347656 0.562109 0.235938 0.110234 0.027422 0.655469 0.472656 0.102734 0.266406 0.120313 0.364648
 0.731641 0.000862 44.531250 74.765625 0.000870 0.009121 0.000785 20.839844 18.847656 2.371094 15.722656 33.847656 0.212109 0.435938 0.060234 0.077422 0.355469 0.172656 0.452734 0.566406 0.320313 0.139648
 0.162891 0.000774 62.031250 56.015625 0.000589 0.006309 0.001223 10.527344 23.535156 9.683594 41.035156 31.660156 0.780859 0.360938 0.028984 0.108672 0.467969 0.285156 0.321484 0.303906 0.395313 0.111523
 0.512891 0.001474 42.031250 66.015625 0.000139 0.001809 0.000523 18.027344 16.035156 5.183594 18.535156 14.160156 0.430859 0.160938 0.078984 0.058672 0.167969 0.585156 0.671484 0.603906 0.195313 0.336523
 0.337891 0.001124 72.031250 71.015625 0.000814 0.004059 0.001573 21.777344 12.285156 7.433594 7.285156 22.910156 0.255859 0.460938 0.103984 0.083672 0.617969 0.435156 0.146484 0.453906 0.495313 0.449023
 0.687891 0.000424 52.031250 61.015625 0.000364 0.008559 0.000873 14.277344 19.785156 2.933594 29.785156 5.410156 0.605859 0.260937 0.053984 0.033672 0.317969 0.135156 0.496484 0.153906 0.295313 0.224023
 0.250391 0.001299 57.031250 73.515625 0.000251 0.007434 0.001398 16.152344 10.410156 4.058594 24.160156 9.785156 0.168359 0.310938 0.066484 0.071172 0.392969 0.660156 0.408984 0.378906 0.145313 0.167773
 0.600391 0.000599 77.031250 63.515625 0.000701 0.002934 0.000698 23.652344 17.910156 8.558594 46.660156 27.285156 0.518359 0.110938 0.116484 0.021172 0.692969 0.360156 0.758984 0.678906 0.345313 0.392773
 0.425391 0.000249 47.031250 58.515625 0.000476 0.005184 0.001048 19.902344 21.660156 1.808594 35.410156 18.535156 0.693359 0.410938 0.091484 0.096172 0.242969 0.210156 0.233984 0.528906 0.245313 0.280273
 0.775391 0.000949 67.031250 68.515625 0.000926 0.009684 0.000348 12.402344 14.160156 6.308594 12.910156 36.035156 0.343359 0.210938 0.041484 0.046172 0.542969 0.510156 0.583984 0.228906 0.445313 0.055273
 0.141016 0.000293 53.281250 62.890625 0.000786 0.008277 0.000479 22.246094 12.753906 6.589844 34.003906 8.691406 0.190234 0.323438 0.107109 0.061797 0.411719 0.566406 0.124609 0.210156 0.457813 0.434961
 0.491016 0.000993 73.281250 72.890625 0.000336 0.003777 0.001179 14.746094 20.253906 2.089844 11.503906 26.191406 0.540234 0.123438 0.057109 0.111797 0.111719 0.266406 0.474609 0.510156 0.257813 0.209961
 0.316016 0.001343 43.281250 67.890625 0.000561 0.001527 0.000829 10.996094 24.003906 8.839844 22.753906 17.441406 0.715234 0.423438 0.032109 0.036797 0.561719 0.116406 0.299609 0.660156 0.357813 0.097461
 0.666016 0.000643 63.281250 57.890625 0.000111 0.006027 0.001529 18.496094 16.503906 4.339844 45.253906 34.941406 0.365234 0.223438 0.082109 0.086797 0.261719 0.416406 0.649609 0.360156 0.157813 0.322461
 0.228516 0.001168 68.281250 65.390625 0.000448 0.009402 0.000654 20.371094 22.128906 3.214844 5.878906 39.316406 0.627734 0.373438 0.094609 0.024297 0.336719 0.341406 0.212109 0.135156 0.207813 0.378711
 0.578516 0.000468 48.281250 55.390625 0.000898 0.004902 0.001354 12.871094 14.628906 7.714844 28.378906 21.816406 0.277734 0.173438 0.044609 0.074297 0.636719 0.641406 0.562109 0.435156 0.407813 0.153711
 0.403516 0.000818 78.281250 60.390625 0.000223 0.002652 0.000304 16.621094 10.878906 5.464844 39.628906 30.566406 0.102734 0.473438 0.069609 0.049297 0.186719 0.491406 0.387109 0.585156 0.107813 0.266211
 0.753516 0.001518 58.281250 70.390625 0.000673 0.007152 0.001004 24.121094 18.378906 9.964844 17.128906 13.066406 0.452734 0.273438 0.119609 0.099297 0.486719 0.191406 0.737109 0.285156 0.307813 0.491211
 0.184766 0.001430 75.781250 59.140625 0.000954 0.008840 0.000566 13.808594 24.941406 2.652344 36.816406 10.878906 0.321484 0.148438 0.075859 0.093047 0.299219 0.378906 0.255859 0.622656 0.382813 0.463086
 0.534766 0.000730 55.781250 69.140625 0.000504 0.004340 0.001266 21.308594 17.441406 7.152344 14.316406 28.378906 0.671484 0.348438 0.025859 0.043047 0.599219 0.678906 0.605859 0.322656 0.182813 0.238086
 0.359766 0.000380 65.781250 74.140625 0.000729 0.002090 0.000216 17.558594 13.691406 4.902344 25.566406 19.628906 0.496484 0.248438 0.050859 0.118047 0.149219 0.528906 0.430859 0.172656 0.482813 0.125586
 0.709766 0.001080 45.781250 64.140625 0.000279 0.006590 0.000916 10.058594 21.191406 9.402344 48.066406 37.128906 0.146484 0.448438 0.100859 0.068047 0.449219 0.228906 0.780859 0.472656 0.282813 0.350586
 0.272266 0.000555 40.781250 71.640625 0.000392 0.009965 0.000391 11.933594 11.816406 6.027344 8.691406 32.753906 0.583984 0.198438 0.113359 0.105547 0.524219 0.603906 0.168359 0.697656 0.132813 0.294336
 0.622266 0.001255 60.781250 61.640625 0.000842 0.005465 0.001091 19.433594 19.316406 1.527344 31.191406 15.253906 0.233984 0.398438 0.063359 0.055547 0.224219 0.303906 0.518359 0.397656 0.332813 0.069336
 0.447266 0.000905 50.781250 56.640625 0.000167 0.003215 0.000741 23.183594 23.066406 8.277344 42.441406 24.003906 0.408984 0.298438 0.038359 0.080547 0.674219 0.153906 0.343359 0.247656 0.232813 0.181836
 0.797266 0.000205 70.781250 66.640625 0.000617 0.007715 0.001441 15.683594 15.566406 3.777344 19.941406 6.503906 0.758984 0.498438 0.088359 0.030547 0.374219 0.453906 0.693359 0.547656 0.432813 0.406836
 0.101367 0.000903 76.328125 72.148438 0.000411 0.006643 0.000695 16.591797 16.884766 2.810547 41.123047 20.927734 0.180664 0.375781 0.084258 0.110430 0.551172 0.230078 0.749414 0.628516 0.305469 0.066699
 0.451367 0.000203 56.328125 62.148438 0.000861 0.002143 0.001395 24.091797 24.384766 7.310547 18.623047 38.427734 0.530664 0.175781 0.034258 0.060430 0.251172 0.530078 0.399414 0.328516 0.105469 0.291699
 0.276367 0.000553 66.328125 57.148438 0.000186 0.004393 0.000345 20.341797 20.634766 5.060547 7.373047 12.177734 0.705664 0.475781 0.059258 0.085430 0.401172 0.680078 0.574414 0.178516 0.405469 0.404199
 0.626367 0.001253 46.328125 67.148438 0.000636 0.008893 0.001045 12.841797 13.134766 9.560547 29.873047 29.677734 0.355664 0.275781 0.109258 0.035430 0.101172 0.380078 0.224414 0.478516 0.205469 0.179199
 0.188867 0.000378 41.328125 59.648438 0.000974 0.005518 0.000520 10.966797 18.759766 6.185547 24.248047 25.302734 0.793164 0.325781 0.096758 0.072930 0.176172 0.455078 0.661914 0.553516 0.155469 0.235449
 0.538867 0.001078 61.328125 69.648438 0.000524 0.001018 0.001220 18.466797 11.259766 1.685547 46.748047 7.802734 0.443164 0.125781 0.046758 0.022930 0.476172 0.155078 0.311914 0.253516 0.355469 0.460449
 0.363867 0.001428 51.328125 74.648438 0.000749 0.003268 0.000870 22.216797 15.009766 8.435547 35.498047 34.052734 0.268164 0.425781 0.021758 0.097930 0.326172 0.305078 0.486914 0.103516 0.255469 0.347949
 0.713867 0.000728 71.328125 64.648438 0.000299 0.007768 0.001570 14.716797 22.509766 3.935547 12.998047 16.552734 0.618164 0.225781 0.071758 0.047930 0.626172 0.605078 0.136914 0.403516 0.455469 0.122949
 0.145117 0.000815 53.828125 65.898438 0.000467 0.007205 0.000432 23.154297 19.697266 5.623047 43.935547 14.365234 0.399414 0.150781 0.115508 0.041680 0.138672 0.417578 0.705664 0.141016 0.430469 0.151074
 0.495117 0.001515 73.828125 55.898438 0.000917 0.002705 0.001132 15.654297 12.197266 1.123047 21.435547 31.865234 0.749414 0.350781 0.065508 0.091680 0.438672 0.117578 0.355664 0.441016 0.230469 0.376074
 0.320117 0.001165 43.828125 60.898438 0.000242 0.004955 0.000782 11.904297 15.947266 7.873047 10.185547 5.615234 0.574414 0.250781 0.040508 0.066680 0.288672 0.267578 0.530664 0.591016 0.330469 0.488574
 0.670117 0.000465 63.828125 70.898438 0.000692 0.009455 0.001482 19.404297 23.447266 3.373047 32.685547 23.115234 0.224414 0.450781 0.090508 0.116680 0.588672 0.567578 0.180664 0.291016 0.130469 0.263574
 0.232617 0.001340 68.828125 63.398438 0.000805 0.006080 0.000607 17.529297 14.072266 2.248047 27.060547 27.490234 0.486914 0.100781 0.078008 0.054180 0.663672 0.192578 0.793164 0.216016 0.280469 0.207324
 0.582617 0.000640 48.828125 73.398438 0.000355 0.001580 0.001307 10.029297 21.572266 6.748047 49.560547 9.990234 0.136914 0.300781 0.028008 0.104180 0.363672 0.492578 0.443164 0.516016 0.480469 0.432324
 0.407617 0.000290 78.828125 68.398438 0.000580 0.003830 0.000257 13.779297 17.822266 4.498047 38.310547 36.240234 0.311914 0.200781 0.053008 0.029180 0.513672 0.642578 0.618164 0.666016 0.180469 0.319824
 0.757617 0.000990 58.828125 58.398438 0.000130 0.008330 0.000957 21.279297 10.322266 8.998047 15.810547 18.740234 0.661914 0.400781 0.103008 0.079180 0.213672 0.342578 0.268164 0.366016 0.380469 0.094824
 0.123242 0.000246 60.078125 72.773438 0.000214 0.009174 0.001089 13.310547 16.416016 9.279297 36.904297 26.396484 0.596289 0.113281 0.043633 0.094805 0.119922 0.136328 0.465039 0.347266 0.317969 0.390137
 0.473242 0.000946 40.078125 62.773438 0.000664 0.004674 0.000389 20.810547 23.916016 4.779297 14.404297 8.896484 0.246289 0.313281 0.093633 0.044805 0.419922 0.436328 0.115039 0.647266 0.117969 0.165137
 0.298242 0.001296 70.078125 57.773438 0.000439 0.002424 0.001439 24.560547 20.166016 7.029297 25.654297 35.146484 0.421289 0.213281 0.118633 0.119805 0.269922 0.586328 0.640039 0.497266 0.417969 0.052637
 0.648242 0.000596 50.078125 67.773438 0.000889 0.006924 0.000739 17.060547 12.666016 2.529297 48.154297 17.646484 0.771289 0.413281 0.068633 0.069805 0.569922 0.286328 0.290039 0.197266 0.217969 0.277637
 0.210742 0.001121 55.078125 55.273438 0.000552 0.008049 0.001264 15.185547 18.291016 3.654297 8.779297 22.021484 0.333789 0.163281 0.056133 0.107305 0.644922 0.511328 0.552539 0.272266 0.167969 0.333887
 0.560742 0.000421 75.078125 65.273438 0.000102 0.003549 0.000564 22.685547 10.791016 8.154297 31.279297 39.521484 0.683789 0.363281 0.106133 0.057305 0.344922 0.211328 0.202539 0.572266 0.367969 0.108887
 0.385742 0.000771 45.078125 70.273438 0.000777 0.001299 0.000914 18.935547 14.541016 1.404297 42.529297 13.271484 0.508789 0.263281 0.081133 0.082305 0.494922 0.361328 0.727539 0.422266 0.267969 0.221387
 0.735742 0.001471 65.078125 60.273438 0.000327 0.005799 0.000214 11.435547 22.041016 5.904297 20.029297 30.771484 0.158789 0.463281 0.031133 0.032305 0.194922 0.661328 0.377539 0.122266 0.467969 0.446387
 0.166992 0.001559 47.578125 69.023438 0.000158 0.009736 0.001351 19.873047 21.103516 4.216797 34.091797 28.583984 0.640039 0.338281 0.062383 0.063555 0.607422 0.548828 0.596289 0.459766 0.442969 0.474512
 0.516992 0.000859 67.578125 59.023438 0.000608 0.005236 0.000651 12.373047 13.603516 8.716797 11.591797 11.083984 0.290039 0.138281 0.112383 0.113555 0.307422 0.248828 0.246289 0.159766 0.242969 0.249512
 0.341992 0.000509 57.578125 64.023438 0.000383 0.002986 0.001001 16.123047 17.353516 1.966797 22.841797 37.333984 0.115039 0.438281 0.087383 0.038555 0.457422 0.398828 0.771289 0.309766 0.342969 0.137012
 0.691992 0.001209 77.578125 74.023438 0.000833 0.007486 0.000301 23.623047 24.853516 6.466797 45.341797 19.833984 0.465039 0.238281 0.037383 0.088555 0.157422 0.698828 0.421289 0.609766 0.142969 0.362012
 0.254492 0.000684 72.578125 61.523438 0.000721 0.008611 0.001176 21.748047 15.478516 9.841797 5.966797 15.458984 0.202539 0.388281 0.024883 0.026055 0.232422 0.173828 0.508789 0.534766 0.292969 0.305762
 0.604492 0.001384 52.578125 71.523438 0.000271 0.004111 0.000476 14.248047 22.978516 5.341797 28.466797 32.958984 0.552539 0.188281 0.074883 0.076055 0.532422 0.473828 0.158789 0.234766 0.492969 0.080762
 0.429492 0.001034 62.578125 66.523438 0.000946 0.001861 0.001526 10.498047 19.228516 7.591797 39.716797 6.708984 0.727539 0.488281 0.099883 0.051055 0.382422 0.623828 0.683789 0.384766 0.192969 0.193262
 0.779492 0.000334 42.578125 56.523438 0.000496 0.006361 0.000826 17.998047 11.728516 3.091797 17.216797 24.208984 0.377539 0.288281 0.049883 0.101055 0.682422 0.323828 0.333789 0.684766 0.392969 0.418262
 0.112305 0.000618 44.453125 64.335938 0.000622 0.003689 0.001461 18.701172 24.619141 9.138672 27.763672 30.224609 0.738477 0.157031 0.032695 0.118242 0.598047 0.164453 0.410352 0.169141 0.474219 0.186230
 0.462305 0.001318 64.453125 74.335938 0.000172 0.008189 0.000761 11.201172 17.119141 4.638672 5.263672 12.724609 0.388477 0.357031 0.082695 0.068242 0.298047 0.464453 0.760352 0.469141 0.274219 0.411230
 0.287305 0.000968 54.453125 69.335938 0.000847 0.005939 0.001111 14.951172 13.369141 6.888672 16.513672 38.974609 0.213477 0.257031 0.107695 0.093242 0.448047 0.614453 0.235352 0.619141 0.374219 0.298730
 0.637305 0.000268 74.453125 59.335938 0.000397 0.001439 0.000411 22.451172 20.869141 2.388672 39.013672 21.474609 0.563477 0.457031 0.057695 0.043242 0.148047 0.314453 0.585352 0.319141 0.174219 0.073730
 0.199805 0.001493 79.453125 66.835938 0.000285 0.004814 0.000936 24.326172 11.494141 3.513672 10.888672 17.099609 0.125977 0.107031 0.045195 0.080742 0.223047 0.539453 0.322852 0.244141 0.224219 0.129980
 0.549805 0.000793 59.453125 56.835938 0.000735 0.009314 0.000236 16.826172 18.994141 8.013672 33.388672 34.599609 0.475977 0.307031 0.095195 0.030742 0.523047 0.239453 0.672852 0.544141 0.424219 0.354980
 0.374805 0.000443 69.453125 61.835938 0.000510 0.007064 0.001286 13.076172 22.744141 1.263672 44.638672 8.349609 0.650977 0.207031 0.070195 0.105742 0.373047 0.389453 0.147852 0.694141 0.124219 0.467480
 0.724805 0.001143 49.453125 71.835938 0.000960 0.002564 0.000586 20.576172 15.244141 5.763672 22.138672 25.849609 0.300977 0.407031 0.020195 0.055742 0.673047 0.689453 0.497852 0.394141 0.324219 0.242480
 0.156055 0.001231 66.953125 58.085938 0.000678 0.004252 0.001023 10.263672 12.431641 4.076172 30.576172 23.662109 0.519727 0.382031 0.063945 0.036992 0.110547 0.501953 0.279102 0.656641 0.399219 0.270605
 0.506055 0.000531 46.953125 68.085938 0.000228 0.008752 0.000323 17.763672 19.931641 8.576172 8.076172 6.162109 0.169727 0.182031 0.113945 0.086992 0.410547 0.201953 0.629102 0.356641 0.199219 0.495605
 0.331055 0.000881 76.953125 73.085938 0.000903 0.006502 0.001373 21.513672 23.681641 1.826172 19.326172 32.412109 0.344727 0.482031 0.088945 0.061992 0.260547 0.351953 0.104102 0.206641 0.499219 0.383105
 0.681055 0.001581 56.953125 63.085938 0.000453 0.002002 0.000673 14.013672 16.181641 6.326172 41.826172 14.912109 0.694727 0.282031 0.038945 0.111992 0.560547 0.651953 0.454102 0.506641 0.299219 0.158105
 0.243555 0.000356 51.953125 70.585938 0.000116 0.005377 0.001548 15.888672 21.806641 9.701172 13.701172 19.287109 0.432227 0.332031 0.026445 0.049492 0.635547 0.126953 0.366602 0.581641 0.149219 0.101855
 0.593555 0.001056 71.953125 60.585938 0.000566 0.009877 0.000848 23.388672 14.306641 5.201172 36.201172 36.787109 0.782227 0.132031 0.076445 0.099492 0.335547 0.426953 0.716602 0.281641 0.349219 0.326855
 0.418555 0.001406 41.953125 55.585938 0.000341 0.007627 0.001198 19.638672 10.556641 7.451172 47.451172 10.537109 0.607227 0.432031 0.101445 0.024492 0.485547 0.576953 0.191602 0.131641 0.249219 0.439355
 0.768555 0.000706 61.953125 65.585938 0.000791 0.003127 0.000498 12.138672 18.056641 2.951172 24.951172 28.037109 0.257227 0.232031 0.051445 0.074492 0.185547 0.276953 0.541602 0.431641 0.449219 0.214355
 0.134180 0.001275 58.203125 61.210938 0.000931 0.001158 0.000367 22.919922 23.212891 3.232422 48.857422 16.005859 0.279102 0.344531 0.092070 0.083867 0.166797 0.183203 0.169727 0.450391 0.461719 0.284668
 0.484180 0.000575 78.203125 71.210938 0.000481 0.005658 0.001067 15.419922 15.712891 7.732422 26.357422 33.505859 0.629102 0.144531 0.042070 0.033867 0.466797 0.483203 0.519727 0.150391 0.261719 0.059668
 0.309180 0.000225 48.203125 66.210938 0.000706 0.007908 0.000717 11.669922 11.962891 5.482422 15.107422 7.255859 0.454102 0.444531 0.067070 0.108867 0.316797 0.633203 0.344727 0.300391 0.361719 0.172168
 0.659180 0.000925 68.203125 56.210938 0.000256 0.003408 0.001417 19.169922 19.462891 9.982422 37.607422 24.755859 0.104102 0.244531 0.117070 0.058867 0.616797 0.333203 0.694727 0.600391 0.161719 0.397168
 0.221680 0.000750 63.203125 68.710938 0.000369 0.002283 0.000892 21.044922 10.087891 6.607422 20.732422 29.130859 0.541602 0.394531 0.104570 0.096367 0.691797 0.408203 0.257227 0.525391 0.211719 0.453418
 0.571680 0.001450 43.203125 58.710938 0.000819 0.006783 0.001592 13.544922 17.587891 2.107422 43.232422 11.630859 0.191602 0.194531 0.054570 0.046367 0.391797 0.108203 0.607227 0.225391 0.411719 0.228418
 0.396680 0.001100 73.203125 63.710938 0.000144 0.009033 0.000542 17.294922 21.337891 8.857422 31.982422 37.880859 0.366602 0.494531 0.029570 0.071367 0.541797 0.258203 0.432227 0.375391 0.111719 0.115918
 0.746680 0.000400 53.203125 73.710938 0.000594 0.004533 0.001242 24.794922 13.837891 4.357422 9.482422 20.380859 0.716602 0.294531 0.079570 0.021367 0.241797 0.558203 0.782227 0.675391 0.311719 0.340918
 0.177930 0.000487 70.703125 57.460938 0.000875 0.001721 0.000804 14.482422 12.900391 6.044922 46.044922 18.193359 0.235352 0.119531 0.110820 0.065117 0.579297 0.445703 0.213477 0.337891 0.386719 0.369043
 0.527930 0.001187 50.703125 67.460938 0.000425 0.006221 0.001504 21.982422 20.400391 1.544922 23.544922 35.693359 0.585352 0.319531 0.060820 0.115117 0.279297 0.145703 0.563477 0.637891 0.186719 0.144043
 0.352930 0.001537 60.703125 72.460938 0.000650 0.008471 0.000454 18.232422 24.150391 8.294922 12.294922 9.443359 0.760352 0.219531 0.035820 0.040117 0.429297 0.295703 0.388477 0.487891 0.486719 0.256543
 0.702930 0.000837 40.703125 62.460938 0.000200 0.003971 0.001154 10.732422 16.650391 3.794922 34.794922 26.943359 0.410352 0.419531 0.085820 0.090117 0.129297 0.595703 0.738477 0.187891 0.286719 0.481543
 0.265430 0.001012 45.703125 74.960938 0.000538 0.002846 0.000279 12.607422 22.275391 2.669922 17.919922 22.568359 0.672852 0.169531 0.073320 0.027617 0.204297 0.220703 0.125977 0.262891 0.136719 0.425293
 0.615430 0.000312 65.703125 64.960938 0.000988 0.007346 0.000979 20.107422 14.775391 7.169922 40.419922 5.068359 0.322852 0.369531 0.023320 0.077617 0.504297 0.520703 0.475977 0.562891 0.336719 0.200293
 0.440430 0.000662 55.703125 59.960938 0.000313 0.009596 0.000629 23.857422 11.025391 4.919922 29.169922 31.318359 0.147852 0.269531 0.048320 0.052617 0.354297 0.670703 0.300977 0.412891 0.236719 0.087793
 0.790430 0.001362 75.703125 69.960938 0.000763 0.005096 0.001329 16.357422 18.525391 9.419922 6.669922 13.818359 0.497852 0.469531 0.098320 0.102617 0.654297 0.370703 0.650977 0.112891 0.436719 0.312793
 0.106836 0.000432 57.265625 69.492188 0.000671 0.006150 0.000903 12.255859 21.689453 7.521484 13.349609 10.810547 0.415820 0.278906 0.083477 0.087773 0.340234 0.684766 0.700195 0.689453 0.402344 0.470996
 0.456836 0.001132 77.265625 59.492188 0.000221 0.001650 0.000203 19.755859 14.189453 3.021484 35.849609 28.310547 0.765820 0.478906 0.033477 0.037773 0.640234 0.384766 0.350195 0.389453 0.202344 0.245996
 0.281836 0.001482 47.265625 64.492188 0.000896 0.003900 0.001253 23.505859 10.439453 9.771484 47.099609 19.560547 0.590820 0.178906 0.058477 0.112773 0.190234 0.234766 0.525195 0.239453 0.302344 0.133496
 0.631836 0.000782 67.265625 74.492188 0.000446 0.008400 0.000553 16.005859 17.939453 5.271484 24.599609 37.060547 0.240820 0.378906 0.108477 0.062773 0.490234 0.534766 0.175195 0.539453 0.102344 0.358496
 0.194336 0.000957 62.265625 61.992188 0.000109 0.007275 0.001428 14.130859 12.314453 1.896484 30.224609 32.685547 0.503320 0.228906 0.095977 0.100273 0.415234 0.309766 0.787695 0.614453 0.252344 0.302246
 0.544336 0.000257 42.265625 71.992188 0.000559 0.002775 0.000728 21.630859 19.814453 6.396484 7.724609 15.185547 0.153320 0.428906 0.045977 0.050273 0.115234 0.609766 0.437695 0.314453 0.452344 0.077246
 0.369336 0.000607 72.265625 66.992188 0.000334 0.005025 0.001078 17.880859 23.564453 4.146484 18.974609 23.935547 0.328320 0.128906 0.020977 0.075273 0.565234 0.459766 0.612695 0.164453 0.152344 0.189746
 0.719336 0.001307 52.265625 56.992188 0.000784 0.009525 0.000378 10.380859 16.064453 8.646484 41.474609 6.435547 0.678320 0.328906 0.070977 0.025273 0.265234 0.159766 0.262695 0.464453 0.352344 0.414746
 0.150586 0.001395 74.765625 73.242188 0.000615 0.005588 0.001515 20.693359 11.376953 1.333984 16.162109 8.623047 0.109570 0.453906 0.114727 0.069023 0.527734 0.272266 0.743945 0.126953 0.327344 0.442871
 0.500586 0.000695 54.765625 63.242188 0.000165 0.001088 0.000815 13.193359 18.876953 5.833984 38.662109 26.123047 0.459570 0.253906 0.064727 0.119023 0.227734 0.572266 0.393945 0.426953 0.127344 0.217871
 0.325586 0.000345 64.765625 58.242188 0.000840 0.003338 0.001165 16.943359 22.626953 3.583984 49.912109 17.373047 0.634570 0.353906 0.039727 0.044023 0.677734 0.422266 0.568945 0.576953 0.427344 0.105371
 0.675586 0.001045 44.765625 68.242188 0.000390 0.007838 0.000465 24.443359 15.126953 8.083984 27.412109 34.873047 0.284570 0.153906 0.089727 0.094023 0.377734 0.122266 0.218945 0.276953 0.227344 0.330371
 0.238086 0.000870 49.765625 55.742188 0.000278 0.006713 0.000990 22.568359 24.501953 6.958984 33.037109 39.248047 0.722070 0.403906 0.077227 0.031523 0.302734 0.647266 0.656445 0.201953 0.177344 0.386621
 0.588086 0.001570 69.765625 65.742188 0.000728 0.002213 0.000290 15.068359 17.001953 2.458984 10.537109 21.748047 0.372070 0.203906 0.027227 0.081523 0.602734 0.347266 0.306445 0.501953 0.377344 0.161621
 0.413086 0.001220 59.765625 70.742188 0.000503 0.004463 0.001340 11.318359 13.251953 9.208984 21.787109 30.498047 0.197070 0.303906 0.052227 0.056523 0.152734 0.197266 0.481445 0.651953 0.277344 0.274121
 0.763086 0.000520 79.765625 60.742188 0.000953 0.008963 0.000640 18.818359 20.751953 4.708984 44.287109 12.998047 0.547070 0.103906 0.102227 0.106523 0.452734 0.497266 0.131445 0.351953 0.477344 0.499121
 0.128711 0.001089 41.015625 65.117188 0.000868 0.008682 0.000859 16.474609 23.095703 4.427734 20.380859 31.591797 0.700195 0.416406 0.042852 0.115898 0.508984 0.553516 0.590820 0.370703 0.414844 0.119434
 0.478711 0.000389 61.015625 55.117188 0.000418 0.004182 0.001559 23.974609 15.595703 8.927734 42.880859 14.091797 0.350195 0.216406 0.092852 0.065898 0.208984 0.253516 0.240820 0.670703 0.214844 0.344434
 0.303711 0.000739 51.015625 60.117188 0.000643 0.001932 0.000509 20.224609 11.845703 2.177734 31.630859 22.841797 0.175195 0.316406 0.117852 0.090898 0.658984 0.103516 0.765820 0.520703 0.314844 0.456934
 0.653711 0.001439 71.015625 70.117188 0.000193 0.006432 0.001209 12.724609 19.345703 6.677734 9.130859 5.341797 0.525195 0.116406 0.067852 0.040898 0.358984 0.403516 0.415820 0.220703 0.114844 0.231934
 0.216211 0.000214 76.015625 62.617188 0.000531 0.009807 0.000334 10.849609 13.720703 7.802734 48.505859 9.716797 0.262695 0.466406 0.055352 0.078398 0.283984 0.328516 0.503320 0.295703 0.264844 0.175684
 0.566211 0.000914 56.015625 72.617188 0.000981 0.005307 0.001034 18.349609 21.220703 3.302734 26.005859 27.216797 0.612695 0.266406 0.105352 0.028398 0.583984 0.628516 0.153320 0.595703 0.464844 0.400684
 0.391211 0.001264 66.015625 67.617188 0.000306 0.003057 0.000684 22.099609 24.970703 5.552734 14.755859 18.466797 0.787695 0.366406 0.080352 0.103398 0.133984 0.478516 0.678320 0.445703 0.164844 0.288184
 0.741211 0.000564 46.015625 57.617188 0.000756 0.007557 0.001384 14.599609 17.470703 1.052734 37.255859 35.966797 0.437695 0.166406 0.030352 0.053398 0.433984 0.178516 0.328320 0.145703 0.364844 0.063184
 0.172461 0.000651 68.515625 71.367188 0.000924 0.008119 0.000246 24.912109 10.908203 8.365234 17.568359 38.154297 0.568945 0.241406 0.061602 0.034648 0.396484 0.366016 0.459570 0.408203 0.339844 0.091309
 0.522461 0.001351 48.515625 61.367188 0.000474 0.003619 0.000946 17.412109 18.408203 3.865234 40.068359 20.654297 0.218945 0.441406 0.111602 0.084648 0.696484 0.666016 0.109570 0.108203 0.139844 0.316309
 0.347461 0.001001 78.515625 56.367188 0.000699 0.001369 0.000596 13.662109 22.158203 6.115234 28.818359 29.404297 0.393945 0.141406 0.086602 0.059648 0.246484 0.516016 0.634570 0.258203 0.439844 0.428809
 0.697461 0.000301 58.515625 66.367188 0.000249 0.005869 0.001296 21.162109 14.658203 1.615234 6.318359 11.904297 0.743945 0.341406 0.036602 0.109648 0.546484 0.216016 0.284570 0.558203 0.239844 0.203809
 0.259961 0.001526 53.515625 58.867188 0.000362 0.009244 0.000771 19.287109 24.033203 4.990234 45.693359 7.529297 0.306445 0.291406 0.024102 0.047148 0.471484 0.591016 0.547070 0.483203 0.189844 0.260059
 0.609961 0.000826 73.515625 68.867188 0.000812 0.004744 0.001471 11.787109 16.533203 9.490234 23.193359 25.029297 0.656445 0.491406 0.074102 0.097148 0.171484 0.291016 0.197070 0.183203 0.389844 0.485059
 0.434961 0.000476 43.515625 73.867188 0.000137 0.002494 0.000421 15.537109 12.783203 2.740234 11.943359 16.279297 0.481445 0.191406 0.099102 0.022148 0.621484 0.141016 0.722070 0.333203 0.289844 0.372559
 0.784961 0.001176 63.515625 63.867188 0.000587 0.006994 0.001121 23.037109 20.283203 7.240234 34.443359 33.779297 0.131445 0.391406 0.049102 0.072148 0.321484 0.441016 0.372070 0.633203 0.489844 0.147559
 0.117773 0.001461 64.140625 56.679688 0.000488 0.005447 0.000531 21.396484 14.423828 4.849609 22.490234 36.513672 0.470508 0.460156 0.035039 0.089336 0.368359 0.600391 0.295508 0.117578 0.371094 0.351465
 0.467773 0.000761 44.140625 66.679688 0.000938 0.009947 0.001231 13.896484 21.923828 9.349609 44.990234 19.013672 0.120508 0.260156 0.085039 0.039336 0.668359 0.300391 0.645508 0.417578 0.171094 0.126465
 0.292773 0.000411 74.140625 71.679688 0.000263 0.007697 0.000881 10.146484 18.173828 2.599609 33.740234 27.763672 0.295508 0.360156 0.110039 0.114336 0.218359 0.150391 0.120508 0.567578 0.471094 0.238965
 0.642773 0.001111 54.140625 61.679688 0.000713 0.003197 0.001581 17.646484 10.673828 7.099609 11.240234 10.263672 0.645508 0.160156 0.060039 0.064336 0.518359 0.450391 0.470508 0.267578 0.271094 0.463965
 0.205273 0.000586 59.140625 74.179688 0.000826 0.004322 0.000706 19.521484 20.048828 8.224609 39.365234 5.888672 0.383008 0.410156 0.047539 0.101836 0.443359 0.375391 0.383008 0.192578 0.121094 0.407715
 0.555273 0.001286 79.140625 64.179688 0.000376 0.008822 0.001406 12.021484 12.548828 3.724609 16.865234 23.388672 0.733008 0.210156 0.097539 0.051836 0.143359 0.675391 0.733008 0.492578 0.321094 0.182715
 0.380273 0.000936 49.140625 59.179688 0.000601 0.006572 0.000356 15.771484 16.298828 5.974609 5.615234 14.638672 0.558008 0.310156 0.072539 0.076836 0.593359 0.525391 0.208008 0.642578 0.221094 0.070215
 0.730273 0.000236 69.140625 69.179688 0.000151 0.002072 0.001056 23.271484 23.798828 1.474609 28.115234 32.138672 0.208008 0.110156 0.022539 0.026836 0.293359 0.225391 0.558008 0.342578 0.421094 0.295215
 0.161523 0.000323 46.640625 60.429688 0.000432 0.004885 0.000618 14.833984 19.111328 8.787109 25.302734 34.326172 0.776758 0.285156 0.066289 0.058086 0.480859 0.337891 0.426758 0.680078 0.496094 0.323340
 0.511523 0.001023 66.640625 70.429688 0.000882 0.009385 0.001318 22.333984 11.611328 4.287109 47.802734 16.826172 0.426758 0.485156 0.116289 0.108086 0.180859 0.637891 0.776758 0.380078 0.296094 0.098340
 0.336523 0.001373 56.640625 65.429688 0.000207 0.007135 0.000268 18.583984 15.361328 6.537109 36.552734 25.576172 0.251758 0.185156 0.091289 0.033086 0.630859 0.487891 0.251758 0.230078 0.396094 0.210840
 0.686523 0.000673 76.640625 55.429688 0.000657 0.002635 0.000968 11.083984 22.861328 2.037109 14.052734 8.076172 0.601758 0.385156 0.041289 0.083086 0.330859 0.187891 0.601758 0.530078 0.196094 0.435840
 0.249023 0.001198 71.640625 67.929688 0.000995 0.003760 0.000443 12.958984 17.236328 5.412109 42.177734 12.451172 0.164258 0.235156 0.028789 0.020586 0.255859 0.562891 0.339258 0.605078 0.246094 0.492090
 0.599023 0.000498 51.640625 57.929688 0.000545 0.008260 0.001143 20.458984 24.736328 9.912109 19.677734 29.951172 0.514258 0.435156 0.078789 0.070586 0.555859 0.262891 0.689258 0.305078 0.446094 0.267090
 0.424023 0.000848 61.640625 62.929688 0.000770 0.006010 0.000793 24.208984 20.986328 3.162109 8.427734 21.201172 0.689258 0.135156 0.103789 0.045586 0.105859 0.112891 0.164258 0.155078 0.146094 0.154590
 0.774023 0.001548 41.640625 72.929688 0.000320 0.001510 0.001493 16.708984 13.486328 7.662109 30.927734 38.701172 0.339258 0.335156 0.053789 0.095586 0.405859 0.412891 0.514258 0.455078 0.346094 0.379590
 0.139648 0.000804 77.890625 58.554688 0.000179 0.002916 0.001275 18.115234 14.892578 7.380859 9.833984 6.982422 0.229883 0.247656 0.094414 0.111211 0.537109 0.656641 0.229883 0.436328 0.358594 0.224902
 0.489648 0.001504 57.890625 68.554688 0.000629 0.007416 0.000575 10.615234 22.392578 2.880859 32.333984 24.482422 0.579883 0.447656 0.044414 0.061211 0.237109 0.356641 0.579883 0.136328 0.158594 0.449902
 0.314648 0.001154 67.890625 73.554688 0.000404 0.009666 0.000925 14.365234 18.642578 9.630859 43.583984 15.732422 0.754883 0.147656 0.069414 0.086211 0.687109 0.206641 0.404883 0.286328 0.458594 0.337402
 0.664648 0.000454 47.890625 63.554688 0.000854 0.005166 0.000225 21.865234 11.142578 5.130859 21.083984 33.232422 0.404883 0.347656 0.119414 0.036211 0.387109 0.506641 0.754883 0.586328 0.258594 0.112402
 0.227148 0.001329 42.890625 71.054688 0.000742 0.001791 0.001100 23.740234 20.517578 1.755859 37.958984 37.607422 0.667383 0.297656 0.106914 0.073711 0.312109 0.281641 0.142383 0.511328 0.108594 0.056152
 0.577148 0.000629 62.890625 61.054688 0.000292 0.006291 0.000400 16.240234 13.017578 6.255859 15.458984 20.107422 0.317383 0.497656 0.056914 0.023711 0.612109 0.581641 0.492383 0.211328 0.308594 0.281152
 0.402148 0.000279 52.890625 56.054688 0.000967 0.008541 0.001450 12.490234 16.767578 4.005859 26.708984 28.857422 0.142383 0.197656 0.031914 0.098711 0.162109 0.431641 0.317383 0.361328 0.208594 0.393652
 0.752148 0.000979 72.890625 66.054688 0.000517 0.004041 0.000750 19.990234 24.267578 8.505859 49.208984 11.357422 0.492383 0.397656 0.081914 0.048711 0.462109 0.131641 0.667383 0.661328 0.408594 0.168652
 0.183398 0.001067 50.390625 64.804688 0.000235 0.002354 0.001187 11.552734 17.705078 1.193359 7.021484 13.544922 0.361133 0.422656 0.113164 0.042461 0.349609 0.319141 0.186133 0.398828 0.483594 0.196777
 0.533398 0.000367 70.390625 74.804688 0.000685 0.006854 0.000487 19.052734 10.205078 5.693359 29.521484 31.044922 0.711133 0.222656 0.063164 0.092461 0.649609 0.619141 0.536133 0.698828 0.283594 0.421777
 0.358398 0.000717 40.390625 69.804688 0.000460 0.009104 0.001537 22.802734 13.955078 3.443359 40.771484 22.294922 0.536133 0.322656 0.038164 0.067461 0.199609 0.469141 0.361133 0.548828 0.383594 0.309277
 0.708398 0.001417 60.390625 59.804688 0.000910 0.004604 0.000837 15.302734 21.455078 7.943359 18.271484 39.794922 0.186133 0.122656 0.088164 0.117461 0.499609 0.169141 0.711133 0.248828 0.183594 0.084277
 0.270898 0.000542 65.390625 67.304688 0.000573 0.001229 0.001362 17.177734 15.830078 6.818359 35.146484 35.419922 0.623633 0.472656 0.075664 0.054961 0.424609 0.694141 0.273633 0.323828 0.233594 0.140527
 0.620898 0.001242 45.390625 57.304688 0.000123 0.005729 0.000662 24.677734 23.330078 2.318359 12.646484 17.919922 0.273633 0.272656 0.025664 0.104961 0.124609 0.394141 0.623633 0.623828 0.433594 0.365527
 0.445898 0.001592 75.390625 62.304688 0.000798 0.007979 0.001012 20.927734 19.580078 9.068359 23.896484 26.669922 0.448633 0.372656 0.050664 0.029961 0.574609 0.244141 0.448633 0.473828 0.133594 0.478027
 0.795898 0.000892 55.390625 72.304688 0.000348 0.003479 0.000312 13.427734 12.080078 4.568359 46.396484 9.169922 0.798633 0.172656 0.100664 0.079961 0.274609 0.544141 0.798633 0.173828 0.333594 0.253027
 0.104102 0.000897 66.171875 60.664063 0.000851 0.009771 0.001554 15.361328 17.294922 2.494141 38.486328 7.939453 0.139648 0.427344 0.058086 0.070977 0.248828 0.199609 0.205273 0.476172 0.200781 0.374316
 0.454102 0.001597 46.171875 70.664063 0.000401 0.005271 0.000854 22.861328 24.794922 6.994141 15.986328 25.439453 0.489648 0.227344 0.108086 0.020977 0.548828 0.499609 0.555273 0.176172 0.400781 0.149316
 0.279102 0.001247 76.171875 65.664063 0.000626 0.003021 0.001204 19.111328 21.044922 4.744141 27.236328 16.689453 0.664648 0.327344 0.083086 0.095977 0.398828 0.649609 0.380273 0.326172 0.100781 0.261816
 0.629102 0.000547 56.171875 55.664063 0.000176 0.007521 0.000504 11.611328 13.544922 9.244141 49.736328 34.189453 0.314648 0.127344 0.033086 0.045977 0.698828 0.349609 0.730273 0.626172 0.300781 0.486816
 0.191602 0.001422 51.171875 68.164063 0.000513 0.008646 0.001029 13.486328 19.169922 5.869141 10.361328 38.564453 0.752148 0.477344 0.020586 0.108477 0.623828 0.424609 0.117773 0.401172 0.450781 0.430566
 0.541602 0.000722 71.171875 58.164063 0.000963 0.004146 0.000329 20.986328 11.669922 1.369141 32.861328 21.064453 0.402148 0.277344 0.070586 0.058477 0.323828 0.124609 0.467773 0.101172 0.250781 0.205566
 0.366602 0.000372 41.171875 63.164063 0.000288 0.001896 0.001379 24.736328 15.419922 8.119141 44.111328 29.814453 0.227148 0.377344 0.095586 0.083477 0.473828 0.274609 0.292773 0.251172 0.350781 0.093066
 0.716602 0.001072 61.171875 73.164063 0.000738 0.006396 0.000679 17.236328 22.919922 3.619141 21.611328 12.314453 0.577148 0.177344 0.045586 0.033477 0.173828 0.574609 0.642773 0.551172 0.150781 0.318066
 0.147852 0.000985 43.671875 56.914063 0.000907 0.009209 0.000941 21.923828 20.107422 6.431641 35.673828 10.126953 0.445898 0.202344 0.039336 0.052227 0.661328 0.462109 0.161523 0.288672 0.125781 0.289941
 0.497852 0.000285 63.671875 66.914063 0.000457 0.004709 0.000241 14.423828 12.607422 1.931641 13.173828 27.626953 0.795898 0.402344 0.089336 0.102227 0.361328 0.162109 0.511523 0.588672 0.325781 0.064941
 0.322852 0.000635 53.671875 71.914063 0.000682 0.002459 0.001291 10.673828 16.357422 8.681641 24.423828 18.876953 0.620898 0.102344 0.114336 0.027227 0.511328 0.312109 0.336523 0.438672 0.225781 0.177441
 0.672852 0.001335 73.671875 61.914063 0.000232 0.006959 0.000591 18.173828 23.857422 4.181641 46.923828 36.376953 0.270898 0.302344 0.064336 0.077227 0.211328 0.612109 0.686523 0.138672 0.425781 0.402441
 0.235352 0.000460 78.671875 74.414063 0.000344 0.008084 0.001466 20.048828 14.482422 3.056641 7.548828 32.001953 0.533398 0.252344 0.051836 0.039727 0.136328 0.237109 0.249023 0.363672 0.375781 0.458691
 0.585352 0.001160 58.671875 64.414063 0.000794 0.003584 0.000766 12.548828 21.982422 7.556641 30.048828 14.501953 0.183398 0.452344 0.101836 0.089727 0.436328 0.537109 0.599023 0.663672 0.175781 0.233691
 0.410352 0.001510 68.671875 59.414063 0.000119 0.001334 0.001116 16.298828 18.232422 5.306641 41.298828 23.251953 0.358398 0.152344 0.076836 0.064727 0.286328 0.687109 0.424023 0.513672 0.475781 0.121191
 0.760352 0.000810 48.671875 69.414063 0.000569 0.005834 0.000416 23.798828 10.732422 9.806641 18.798828 5.751953 0.708398 0.352344 0.026836 0.114727 0.586328 0.387109 0.774023 0.213672 0.275781 0.346191
