 0.400000 0.000800 60.000000 65.000000 0.000800 17.500000 17.500000 5.000000 13.750000 11.250000
 0.495000 0.001000 65.000000 67.450000 0.001000 19.375000 19.375000 6.250000 18.125000 14.375000
 0.447500 0.001100 62.500000 68.675000 0.000900 20.312500 18.437500 6.875000 20.312500 12.812500
 0.542500 0.000900 67.500000 66.225000 0.001100 18.437500 20.312500 5.625000 15.937500 15.937500
 0.423750 0.001050 68.750000 69.287500 0.001050 17.968750 18.906250 5.937500 21.406250 15.156250
 0.518750 0.000850 63.750000 66.837500 0.000850 19.843750 20.781250 7.187500 17.031250 12.031250
 0.471250 0.000950 66.250000 65.612500 0.001150 20.781250 17.968750 6.562500 14.843750 16.718750
 0.566250 0.001150 61.250000 68.062500 0.000950 18.906250 19.843750 5.312500 19.218750 13.593750
 0.411875 0.001175 66.875000 66.531250 0.000875 17.734375 19.140625 6.406250 20.859375 15.546875
 0.506875 0.000975 61.875000 68.981250 0.001075 19.609375 21.015625 5.156250 16.484375 12.421875
 0.459375 0.000875 69.375000 67.756250 0.000975 20.546875 18.203125 5.781250 14.296875 17.109375
 0.554375 0.001075 64.375000 65.306250 0.001175 18.671875 20.078125 7.031250 18.671875 13.984375
 0.435625 0.000925 63.125000 68.368750 0.001025 18.203125 17.734375 7.343750 15.390625 11.640625
 0.530625 0.001125 68.125000 65.918750 0.000825 20.078125 19.609375 6.093750 19.765625 14.765625
 0.483125 0.001025 60.625000 67.143750 0.001125 21.015625 18.671875 5.468750 21.953125 13.203125
 0.578125 0.000825 65.625000 69.593750 0.000925 19.140625 20.546875 6.718750 17.578125 16.328125
 0.405938 0.001012 64.062500 66.071875 0.000987 18.554688 21.132813 5.703125 14.570313 16.523438
 0.500938 0.000813 69.062500 68.521875 0.001188 20.429688 19.257813 6.953125 18.945313 13.398438
 0.453437 0.000913 61.562500 69.746875 0.000888 19.492188 20.195313 6.328125 21.132813 14.960938
 0.548438 0.001113 66.562500 67.296875 0.001087 17.617188 18.320313 5.078125 16.757813 11.835938
 0.429688 0.000862 65.312500 69.134375 0.001137 19.023438 19.726563 5.390625 22.226563 14.179688
 0.524687 0.001062 60.312500 66.684375 0.000937 20.898438 17.851563 6.640625 17.851563 17.304688
 0.477187 0.001162 67.812500 65.459375 0.001038 19.960938 20.664063 7.265625 15.664063 12.617188
 0.572187 0.000963 62.812500 67.909375 0.000838 18.085938 18.789063 6.015625 20.039063 15.742188
 0.417813 0.000987 68.437500 66.990625 0.000913 18.789063 19.492188 7.109375 20.585938 13.789063
 0.512813 0.001188 63.437500 69.440625 0.001113 20.664063 17.617188 5.859375 16.210938 16.914063
 0.465313 0.001087 65.937500 68.215625 0.000813 19.726563 20.429688 5.234375 14.023438 12.226563
 0.560312 0.000888 60.937500 65.765625 0.001012 17.851563 18.554688 6.484375 18.398438 15.351563
 0.441563 0.001137 62.187500 67.603125 0.001162 19.257813 20.898438 6.796875 15.117188 16.132813
 0.536562 0.000937 67.187500 65.153125 0.000963 21.132813 19.023438 5.546875 19.492188 13.007813
 0.489063 0.000838 64.687500 66.378125 0.001062 20.195313 19.960938 6.171875 21.679688 14.570313
 0.584062 0.001038 69.687500 68.828125 0.000862 18.320313 18.085938 7.421875 17.304688 11.445313
 0.402969 0.001119 69.531250 68.292187 0.001119 20.957031 20.253906 7.226563 18.535156 16.425781
 0.497969 0.000919 64.531250 65.842187 0.000919 19.082031 18.378906 5.976563 14.160156 13.300781
 0.450469 0.000819 67.031250 67.067188 0.001019 18.144531 21.191406 5.351563 16.347656 14.863281
 0.545469 0.001019 62.031250 69.517188 0.000819 20.019531 19.316406 6.601563 20.722656 11.738281
 0.426719 0.000969 60.781250 66.454688 0.000969 20.488281 20.722656 6.289063 17.441406 14.082031
 0.521719 0.001169 65.781250 68.904688 0.001169 18.613281 18.847656 5.039063 21.816406 17.207031
 0.474219 0.001069 63.281250 67.679688 0.000869 17.675781 19.785156 5.664063 19.628906 12.519531
 0.569219 0.000869 68.281250 65.229687 0.001069 19.550781 17.910156 6.914063 15.253906 15.644531
 0.414844 0.000894 62.656250 69.823438 0.001194 21.191406 20.488281 6.132813 16.894531 13.691406
 0.509844 0.001094 67.656250 67.373438 0.000994 19.316406 18.613281 7.382813 21.269531 16.816406
 0.462344 0.001194 60.156250 66.148438 0.001094 18.378906 19.550781 6.757813 19.082031 12.128906
 0.557344 0.000994 65.156250 68.598438 0.000894 20.253906 17.675781 5.507813 14.707031 15.253906
 0.438594 0.001044 66.406250 65.535938 0.000944 20.722656 20.019531 5.195313 20.175781 16.035156
 0.533594 0.000844 61.406250 67.985938 0.001144 18.847656 18.144531 6.445313 15.800781 12.910156
 0.486094 0.000944 68.906250 69.210938 0.000844 17.910156 20.957031 7.070313 17.988281 14.472656
 0.581094 0.001144 63.906250 66.760937 0.001044 19.785156 19.082031 5.820313 22.363281 11.347656
 0.408906 0.000906 66.093750 67.832813 0.001081 19.902344 18.496094 6.679688 18.808594 11.542969
 0.503906 0.001106 61.093750 65.382813 0.000881 18.027344 20.371094 5.429688 14.433594 14.667969
 0.456406 0.001006 68.593750 66.607813 0.001181 18.964844 17.558594 6.054688 16.621094 13.105469
 0.551406 0.000806 63.593750 69.057813 0.000981 20.839844 19.433594 7.304688 20.996094 16.230469
 0.432656 0.001156 64.843750 67.220313 0.000831 19.433594 18.027344 6.992188 17.714844 15.449219
 0.527656 0.000956 69.843750 69.670313 0.001031 17.558594 19.902344 5.742188 22.089844 12.324219
 0.480156 0.000856 62.343750 68.445313 0.000931 18.496094 18.964844 5.117188 19.902344 17.011719
 0.575156 0.001056 67.343750 65.995312 0.001131 20.371094 20.839844 6.367188 15.527344 13.886719
 0.420781 0.001081 61.718750 68.751563 0.001006 20.136719 18.261719 5.585938 16.074219 15.839844
 0.515781 0.000881 66.718750 66.301563 0.000806 18.261719 20.136719 6.835938 20.449219 12.714844
 0.468281 0.000981 64.218750 65.076562 0.001106 19.199219 19.199219 7.460938 18.261719 17.402344
 0.563281 0.001181 69.218750 67.526562 0.000906 21.074219 21.074219 6.210938 13.886719 14.277344
 0.444531 0.000831 67.968750 65.689063 0.000856 19.667969 18.730469 5.898438 19.355469 11.933594
 0.539531 0.001031 62.968750 68.139063 0.001056 17.792969 20.605469 7.148438 14.980469 15.058594
 0.492031 0.001131 65.468750 69.364063 0.000956 18.730469 17.792969 6.523438 17.167969 13.496094
 0.587031 0.000931 60.468750 66.914063 0.001156 20.605469 19.667969 5.273438 21.542969 16.621094
 0.401484 0.001066 65.234375 66.875781 0.001191 18.232422 20.693359 5.839844 19.833984 14.619141
 0.496484 0.000866 60.234375 69.325781 0.000991 20.107422 18.818359 7.089844 15.458984 11.494141
 0.448984 0.000966 67.734375 68.100781 0.001091 21.044922 19.755859 6.464844 17.646484 16.181641
 0.543984 0.001166 62.734375 65.650781 0.000891 19.169922 17.880859 5.214844 22.021484 13.056641
 0.425234 0.000816 63.984375 67.488281 0.000941 17.763672 20.224609 5.527344 16.552734 12.275391
 0.520234 0.001016 68.984375 65.038281 0.001141 19.638672 18.349609 6.777344 20.927734 15.400391
 0.472734 0.001116 61.484375 66.263281 0.000841 20.576172 21.162109 7.402344 18.740234 13.837891
 0.567734 0.000916 66.484375 68.713281 0.001041 18.701172 19.287109 6.152344 14.365234 16.962891
 0.413359 0.000941 62.109375 65.957031 0.001116 17.998047 19.990234 6.933594 17.099609 12.666016
 0.508359 0.001141 67.109375 68.407031 0.000916 19.873047 18.115234 5.683594 21.474609 15.791016
 0.460859 0.001041 64.609375 69.632031 0.001016 20.810547 20.927734 5.058594 19.287109 14.228516
 0.555859 0.000841 69.609375 67.182031 0.000816 18.935547 19.052734 6.308594 14.912109 17.353516
 0.437109 0.001191 68.359375 69.019531 0.000966 17.529297 20.458984 6.621094 18.193359 15.009766
 0.532109 0.000991 63.359375 66.569531 0.001166 19.404297 18.583984 5.371094 13.818359 11.884766
 0.484609 0.000891 65.859375 65.344531 0.000866 20.341797 19.521484 5.996094 16.005859 16.572266
 0.579609 0.001091 60.859375 67.794531 0.001066 18.466797 17.646484 7.246094 20.380859 13.447266
 0.407422 0.000853 69.296875 66.722656 0.001003 19.287109 17.998047 5.292969 19.560547 13.251953
 0.502422 0.001053 64.296875 69.172656 0.000803 21.162109 19.873047 6.542969 15.185547 16.376953
 0.454922 0.001153 66.796875 67.947656 0.001103 20.224609 18.935547 7.167969 17.373047 11.689453
 0.549922 0.000953 61.796875 65.497656 0.000903 18.349609 20.810547 5.917969 21.748047 14.814453
 0.431172 0.001003 60.546875 68.560156 0.000853 18.818359 18.466797 6.230469 16.279297 17.158203
 0.526172 0.000803 65.546875 66.110156 0.001053 20.693359 20.341797 7.480469 20.654297 14.033203
 0.478672 0.000903 63.046875 67.335156 0.000953 19.755859 17.529297 6.855469 18.466797 15.595703
 0.573672 0.001103 68.046875 69.785156 0.001153 17.880859 19.404297 5.605469 14.091797 12.470703
 0.419297 0.001128 63.671875 65.191406 0.001078 19.052734 18.701172 6.386719 17.919922 16.767578
 0.514297 0.000928 68.671875 67.641406 0.000878 20.927734 20.576172 5.136719 22.294922 13.642578
 0.466797 0.000828 61.171875 68.866406 0.001178 19.990234 17.763672 5.761719 20.107422 15.205078
 0.561797 0.001028 66.171875 66.416406 0.000978 18.115234 19.638672 7.011719 15.732422 12.080078
 0.443047 0.000978 67.421875 69.478906 0.000828 18.583984 18.232422 7.324219 19.013672 12.861328
 0.538047 0.001178 62.421875 67.028906 0.001028 20.458984 20.107422 6.074219 14.638672 15.986328
 0.490547 0.001078 69.921875 65.803906 0.000928 19.521484 19.169922 5.449219 16.826172 11.298828
 0.585547 0.000878 64.921875 68.253906 0.001128 17.646484 21.044922 6.699219 21.201172 14.423828
 0.404453 0.000959 64.453125 68.942969 0.000884 20.751953 18.994141 6.738281 15.869141 13.544922
 0.499453 0.001159 69.453125 66.492969 0.001084 18.876953 20.869141 5.488281 20.244141 16.669922
 0.451953 0.001059 61.953125 65.267969 0.000984 17.939453 18.056641 6.113281 22.431641 11.982422
 0.546953 0.000859 66.953125 67.717969 0.001184 19.814453 19.931641 7.363281 18.056641 15.107422
 0.428203 0.001109 65.703125 65.880469 0.001034 21.220703 17.587891 7.050781 21.337891 17.451172
 0.523203 0.000909 60.703125 68.330469 0.000834 19.345703 19.462891 5.800781 16.962891 14.326172
 0.475703 0.000809 68.203125 69.555469 0.001134 18.408203 18.525391 5.175781 14.775391 15.888672
 0.570703 0.001009 63.203125 67.105469 0.000934 20.283203 20.400391 6.425781 19.150391 12.763672
 0.416328 0.001034 67.578125 68.024219 0.000809 20.517578 17.822266 5.332031 21.884766 17.060547
 0.511328 0.000834 62.578125 65.574219 0.001009 18.642578 19.697266 6.582031 17.509766 13.935547
 0.463828 0.000934 65.078125 66.799219 0.000909 17.705078 18.759766 7.207031 15.322266 15.498047
 0.558828 0.001134 60.078125 69.249219 0.001109 19.580078 20.634766 5.957031 19.697266 12.373047
 0.440078 0.000884 61.328125 67.411719 0.001059 20.986328 19.228516 5.644531 14.228516 13.154297
 0.535078 0.001084 66.328125 69.861719 0.000859 19.111328 21.103516 6.894531 18.603516 16.279297
 0.487578 0.001184 63.828125 68.636719 0.001159 18.173828 18.291016 6.269531 20.791016 11.591797
 0.582578 0.000984 68.828125 66.186719 0.000959 20.048828 20.166016 5.019531 16.416016 14.716797
 0.410391 0.001172 61.015625 69.708594 0.000922 19.697266 19.814453 7.441406 15.048828 14.521484
 0.505391 0.000972 66.015625 67.258594 0.001122 17.822266 17.939453 6.191406 19.423828 11.396484
 0.457891 0.000872 63.515625 66.033594 0.000822 18.759766 20.751953 5.566406 21.611328 16.083984
 0.552891 0.001072 68.515625 68.483594 0.001022 20.634766 18.876953 6.816406 17.236328 12.958984
 0.434141 0.000922 69.765625 65.421094 0.001172 20.166016 21.220703 6.503906 20.517578 12.177734
 0.529141 0.001122 64.765625 67.871094 0.000972 18.291016 19.345703 5.253906 16.142578 15.302734
 0.481641 0.001022 67.265625 69.096094 0.001072 19.228516 20.283203 5.878906 13.955078 13.740234
 0.576641 0.000822 62.265625 66.646094 0.000872 21.103516 18.408203 7.128906 18.330078 16.865234
 0.422266 0.000847 66.640625 68.177344 0.000997 19.462891 20.986328 6.035156 22.158203 12.568359
 0.517266 0.001047 61.640625 65.727344 0.001197 17.587891 19.111328 7.285156 17.783203 15.693359
 0.469766 0.001147 69.140625 66.952344 0.000897 18.525391 20.048828 6.660156 15.595703 14.130859
 0.564766 0.000947 64.140625 69.402344 0.001097 20.400391 18.173828 5.410156 19.970703 17.255859
 0.446016 0.001097 62.890625 66.339844 0.001147 19.931641 19.580078 5.097656 14.501953 14.912109
 0.541016 0.000897 67.890625 68.789844 0.000947 18.056641 17.705078 6.347656 18.876953 11.787109
 0.493516 0.000997 60.390625 67.564844 0.001047 18.994141 20.517578 6.972656 21.064453 16.474609
 0.588516 0.001197 65.390625 65.114844 0.000847 20.869141 18.642578 5.722656 16.689453 13.349609
 0.400742 0.001198 63.085938 67.813672 0.001020 18.803711 20.034180 5.419922 14.057617 11.860352
 0.495742 0.000998 68.085938 65.363672 0.000820 20.678711 18.159180 6.669922 18.432617 14.985352
 0.448242 0.000898 60.585938 66.588672 0.001120 19.741211 20.971680 7.294922 20.620117 13.422852
 0.543242 0.001098 65.585938 69.038672 0.000920 17.866211 19.096680 6.044922 16.245117 16.547852
 0.424492 0.000948 66.835938 67.201172 0.000870 19.272461 20.502930 5.732422 21.713867 15.766602
 0.519492 0.001148 61.835938 69.651172 0.001070 21.147461 18.627930 6.982422 17.338867 12.641602
 0.471992 0.001048 69.335938 68.426172 0.000970 20.209961 19.565430 6.357422 15.151367 17.329102
 0.566992 0.000848 64.335938 65.976172 0.001170 18.334961 17.690430 5.107422 19.526367 14.204102
 0.412617 0.000823 69.960938 68.732422 0.001095 18.569336 20.737305 6.826172 21.166992 15.375977
 0.507617 0.001023 64.960938 66.282422 0.000895 20.444336 18.862305 5.576172 16.791992 12.250977
 0.460117 0.001123 67.460938 65.057422 0.001195 19.506836 19.799805 6.201172 14.604492 16.938477
 0.555117 0.000923 62.460938 67.507422 0.000995 17.631836 17.924805 7.451172 18.979492 13.813477
 0.436367 0.001073 61.210938 65.669922 0.000845 19.038086 20.268555 7.138672 15.698242 11.469727
 0.531367 0.000873 66.210938 68.119922 0.001045 20.913086 18.393555 5.888672 20.073242 14.594727
 0.483867 0.000973 63.710938 69.344922 0.000945 19.975586 21.206055 5.263672 22.260742 13.032227
 0.578867 0.001173 68.710938 66.894922 0.001145 18.100586 19.331055 6.513672 17.885742 16.157227
 0.406680 0.000986 61.523438 68.273047 0.001183 17.749023 18.745117 5.966797 14.331055 15.961914
 0.501680 0.001186 66.523438 65.823047 0.000983 19.624023 20.620117 7.216797 18.706055 12.836914
 0.454180 0.001086 64.023438 67.048047 0.001083 20.561523 17.807617 6.591797 20.893555 14.399414
 0.549180 0.000886 69.023438 69.498047 0.000883 18.686523 19.682617 5.341797 16.518555 11.274414
 0.430430 0.001136 67.773438 66.435547 0.000933 18.217773 18.276367 5.029297 21.987305 13.618164
 0.525430 0.000936 62.773438 68.885547 0.001133 20.092773 20.151367 6.279297 17.612305 16.743164
 0.477930 0.000836 65.273438 67.660547 0.000833 21.030273 19.213867 6.904297 15.424805 12.055664
 0.572930 0.001036 60.273438 65.210547 0.001033 19.155273 21.088867 5.654297 19.799805 15.180664
 0.418555 0.001011 65.898438 69.804297 0.001108 17.514648 18.041992 7.373047 20.346680 14.008789
 0.513555 0.000811 60.898438 67.354297 0.000908 19.389648 19.916992 6.123047 15.971680 17.133789
 0.466055 0.000911 68.398438 66.129297 0.001008 20.327148 18.979492 5.498047 13.784180 12.446289
 0.561055 0.001111 63.398438 68.579297 0.000808 18.452148 20.854492 6.748047 18.159180 15.571289
 0.442305 0.000861 64.648438 65.516797 0.000958 17.983398 18.510742 6.435547 14.877930 16.352539
 0.537305 0.001061 69.648438 67.966797 0.001158 19.858398 20.385742 5.185547 19.252930 13.227539
 0.489805 0.001161 62.148438 69.191797 0.000858 20.795898 17.573242 5.810547 21.440430 14.790039
 0.584805 0.000961 67.148438 66.741797 0.001058 18.920898 19.448242 7.060547 17.065430 11.665039
 0.403711 0.000880 67.304688 66.205859 0.000902 20.151367 17.749023 7.021484 18.295898 16.254883
 0.498711 0.001080 62.304688 68.655859 0.001102 18.276367 19.624023 5.771484 13.920898 13.129883
 0.451211 0.001180 69.804688 69.880859 0.000802 19.213867 18.686523 5.146484 16.108398 14.692383
 0.546211 0.000980 64.804688 67.430859 0.001002 21.088867 20.561523 6.396484 20.483398 11.567383
 0.427461 0.001030 63.554688 69.268359 0.001152 19.682617 19.155273 6.708984 17.202148 13.911133
 0.522461 0.000830 68.554688 66.818359 0.000952 17.807617 21.030273 5.458984 21.577148 17.036133
 0.474961 0.000930 61.054688 65.593359 0.001052 18.745117 18.217773 6.083984 19.389648 12.348633
 0.569961 0.001130 66.054688 68.043359 0.000852 20.620117 20.092773 7.333984 15.014648 15.473633
 0.415586 0.001105 60.429688 67.124609 0.000977 19.916992 18.920898 5.927734 16.655273 14.301758
 0.510586 0.000905 65.429688 69.574609 0.001177 18.041992 20.795898 7.177734 21.030273 17.426758
 0.463086 0.000805 62.929688 68.349609 0.000877 18.979492 17.983398 6.552734 18.842773 12.739258
 0.558086 0.001005 67.929688 65.899609 0.001077 20.854492 19.858398 5.302734 14.467773 15.864258
 0.439336 0.000955 69.179688 67.737109 0.001127 19.448242 17.514648 5.615234 19.936523 16.645508
 0.534336 0.001155 64.179688 65.287109 0.000927 17.573242 19.389648 6.865234 15.561523 13.520508
 0.486836 0.001055 66.679688 66.512109 0.001027 18.510742 18.452148 7.490234 17.749023 15.083008
 0.581836 0.000855 61.679688 68.962109 0.000827 20.385742 20.327148 6.240234 22.124023 11.958008
 0.409648 0.001092 68.242188 65.133984 0.000889 21.206055 20.913086 6.318359 19.116211 11.762695
 0.504648 0.000892 63.242188 67.583984 0.001089 19.331055 19.038086 5.068359 14.741211 14.887695
 0.457148 0.000992 65.742188 68.808984 0.000989 18.393555 19.975586 5.693359 16.928711 13.325195
 0.552148 0.001192 60.742188 66.358984 0.001189 20.268555 18.100586 6.943359 21.303711 16.450195
 0.433398 0.000842 61.992188 69.421484 0.001039 20.737305 19.506836 7.255859 18.022461 15.668945
 0.528398 0.001042 66.992188 66.971484 0.000839 18.862305 17.631836 6.005859 22.397461 12.543945
 0.480898 0.001142 64.492188 65.746484 0.001139 17.924805 20.444336 5.380859 20.209961 17.231445
 0.575898 0.000942 69.492188 68.196484 0.000939 19.799805 18.569336 6.630859 15.834961 14.106445
 0.421523 0.000917 63.867188 66.665234 0.000814 20.971680 19.741211 5.224609 16.381836 15.278320
 0.516523 0.001117 68.867188 69.115234 0.001014 19.096680 17.866211 6.474609 20.756836 12.153320
 0.469023 0.001017 61.367188 67.890234 0.000914 18.159180 20.678711 7.099609 18.569336 16.840820
 0.564023 0.000817 66.367188 65.440234 0.001114 20.034180 18.803711 5.849609 14.194336 13.715820
 0.445273 0.001167 65.117188 68.502734 0.001064 20.502930 21.147461 6.162109 19.663086 11.372070
 0.540273 0.000967 60.117188 66.052734 0.000864 18.627930 19.272461 7.412109 15.288086 14.497070
 0.492773 0.000867 67.617188 67.277734 0.001164 17.690430 20.209961 6.787109 17.475586 12.934570
 0.587773 0.001067 62.617188 69.727734 0.000964 19.565430 18.334961 5.537109 21.850586 16.059570
 0.402227 0.000933 67.851563 69.612891 0.000986 19.067383 19.243164 6.220703 20.141602 14.838867
 0.497227 0.001133 62.851563 67.162891 0.001186 20.942383 21.118164 7.470703 15.766602 11.713867
 0.449727 0.001033 65.351563 65.937891 0.000886 20.004883 18.305664 6.845703 17.954102 16.401367
 0.544727 0.000833 60.351563 68.387891 0.001086 18.129883 20.180664 5.595703 22.329102 13.276367
 0.425977 0.001183 61.601563 65.325391 0.001136 18.598633 17.836914 5.283203 16.860352 12.495117
 0.520977 0.000983 66.601563 67.775391 0.000936 20.473633 19.711914 6.533203 21.235352 15.620117
 0.473477 0.000883 64.101563 69.000391 0.001036 19.536133 18.774414 7.158203 19.047852 14.057617
 0.568477 0.001083 69.101563 66.550391 0.000836 17.661133 20.649414 5.908203 14.672852 17.182617
 0.414102 0.001058 64.726563 68.081641 0.000911 19.301758 17.602539 7.314453 17.407227 12.104492
 0.509102 0.000858 69.726563 65.631641 0.001111 21.176758 19.477539 6.064453 21.782227 15.229492
 0.461602 0.000958 62.226563 66.856641 0.000811 20.239258 18.540039 5.439453 19.594727 13.666992
 0.556602 0.001158 67.226563 69.306641 0.001011 18.364258 20.415039 6.689453 15.219727 16.791992
 0.437852 0.000808 65.976563 66.244141 0.001161 18.833008 19.008789 6.376953 18.500977 14.448242
 0.532852 0.001008 60.976563 68.694141 0.000961 20.708008 20.883789 5.126953 14.125977 11.323242
 0.485352 0.001108 68.476563 67.469141 0.001061 19.770508 18.071289 5.751953 16.313477 16.010742
 0.580352 0.000908 63.476563 65.019141 0.000861 17.895508 19.946289 7.001953 20.688477 12.885742
 0.408164 0.001145 66.289063 68.847266 0.000823 18.012695 19.594727 5.517578 19.321289 13.081055
 0.503164 0.000945 61.289063 66.397266 0.001023 19.887695 17.719727 6.767578 14.946289 16.206055
 0.455664 0.000845 68.789063 65.172266 0.000923 20.825195 20.532227 7.392578 17.133789 11.518555
 0.550664 0.001045 63.789063 67.622266 0.001123 18.950195 18.657227 6.142578 21.508789 14.643555
 0.431914 0.000995 62.539063 65.784766 0.001073 17.543945 21.000977 5.830078 16.040039 16.987305
 0.526914 0.001195 67.539063 68.234766 0.000873 19.418945 19.125977 7.080078 20.415039 13.862305
 0.479414 0.001095 60.039063 69.459766 0.001173 20.356445 20.063477 6.455078 18.227539 15.424805
 0.574414 0.000895 65.039063 67.009766 0.000973 18.481445 18.188477 5.205078 13.852539 12.299805
 0.420039 0.000870 60.664063 67.928516 0.000898 18.247070 21.235352 6.611328 17.680664 17.377930
 0.515039 0.001070 65.664063 65.478516 0.001098 20.122070 19.360352 5.361328 22.055664 14.252930
 0.467539 0.001170 63.164063 66.703516 0.000998 21.059570 20.297852 5.986328 19.868164 15.815430
 0.562539 0.000970 68.164063 69.153516 0.001198 19.184570 18.422852 7.236328 15.493164 12.690430
 0.443789 0.001020 69.414063 67.316016 0.001048 17.778320 19.829102 6.923828 18.774414 13.471680
 0.538789 0.000820 64.414063 69.766016 0.000848 19.653320 17.954102 5.673828 14.399414 16.596680
 0.491289 0.000920 66.914063 68.541016 0.001148 20.590820 20.766602 5.048828 16.586914 11.909180
 0.586289 0.001120 61.914063 66.091016 0.000948 18.715820 18.891602 6.298828 20.961914 15.034180
 0.405195 0.001039 62.382813 66.780078 0.001092 19.477539 20.473633 6.494141 15.629883 12.983398
 0.500195 0.000839 67.382813 69.230078 0.000892 17.602539 18.598633 5.244141 20.004883 16.108398
 0.452695 0.000939 64.882813 68.005078 0.001192 18.540039 19.536133 5.869141 22.192383 11.420898
 0.547695 0.001139 69.882813 65.555078 0.000992 20.415039 17.661133 7.119141 17.817383 14.545898
 0.428945 0.000889 68.632813 68.617578 0.000842 19.946289 20.004883 7.431641 21.098633 16.889648
 0.523945 0.001089 63.632813 66.167578 0.001042 18.071289 18.129883 6.181641 16.723633 13.764648
 0.476445 0.001189 66.132813 67.392578 0.000942 19.008789 20.942383 5.556641 14.536133 15.327148
 0.571445 0.000989 61.132813 69.842578 0.001142 20.883789 19.067383 6.806641 18.911133 12.202148
 0.417070 0.000964 65.507813 65.248828 0.001017 19.711914 20.239258 5.087891 21.645508 17.280273
 0.512070 0.001164 60.507813 67.698828 0.000817 17.836914 18.364258 6.337891 17.270508 14.155273
 0.464570 0.001064 68.007813 68.923828 0.001117 18.774414 21.176758 6.962891 15.083008 15.717773
 0.559570 0.000864 63.007813 66.473828 0.000917 20.649414 19.301758 5.712891 19.458008 12.592773
 0.440820 0.001114 64.257813 69.536328 0.000867 20.180664 20.708008 6.025391 13.989258 13.374023
 0.535820 0.000914 69.257813 67.086328 0.001067 18.305664 18.833008 7.275391 18.364258 16.499023
 0.488320 0.000814 61.757813 65.861328 0.000967 19.243164 19.770508 6.650391 20.551758 11.811523
 0.583320 0.001014 66.757813 68.311328 0.001167 21.118164 17.895508 5.400391 16.176758 14.936523
 0.411133 0.000827 63.320313 66.933203 0.001105 20.532227 18.247070 7.041016 15.356445 15.131836
 0.506133 0.001027 68.320313 69.383203 0.000905 18.657227 20.122070 5.791016 19.731445 12.006836
 0.458633 0.001127 60.820313 68.158203 0.001005 17.719727 19.184570 5.166016 21.918945 16.694336
 0.553633 0.000927 65.820313 65.708203 0.000805 19.594727 21.059570 6.416016 17.543945 13.569336
 0.434883 0.001077 67.070313 67.545703 0.000955 21.000977 18.715820 6.728516 20.825195 12.788086
 0.529883 0.000877 62.070313 65.095703 0.001155 19.125977 20.590820 5.478516 16.450195 15.913086
 0.482383 0.000977 69.570313 66.320703 0.000855 18.188477 17.778320 6.103516 14.262695 14.350586
 0.577383 0.001177 64.570313 68.770703 0.001055 20.063477 19.653320 7.353516 18.637695 17.475586
 0.423008 0.001152 68.945313 66.014453 0.001180 20.766602 18.481445 5.634766 22.465820 12.397461
 0.518008 0.000952 63.945313 68.464453 0.000980 18.891602 20.356445 6.884766 18.090820 15.522461
 0.470508 0.000852 66.445313 69.689453 0.001080 17.954102 17.543945 6.259766 15.903320 13.959961
 0.565508 0.001052 61.445313 67.239453 0.000880 19.829102 19.418945 5.009766 20.278320 17.084961
 0.446758 0.000902 60.195313 69.076953 0.000930 21.235352 18.012695 5.322266 14.809570 14.741211
 0.541758 0.001102 65.195313 66.626953 0.001130 19.360352 19.887695 6.572266 19.184570 11.616211
 0.494258 0.001002 62.695313 65.401953 0.000830 18.422852 18.950195 7.197266 21.372070 16.303711
 0.589258 0.000802 67.695313 67.851953 0.001030 20.297852 20.825195 5.947266 16.997070 13.178711
 0.400371 0.001001 69.082031 69.201367 0.000938 19.851074 18.825684 6.098633 17.766113 12.507324
 0.495371 0.000801 64.082031 66.751367 0.001138 17.976074 20.700684 7.348633 22.141113 15.632324
 0.447871 0.000901 66.582031 65.526367 0.000838 18.913574 17.888184 6.723633 19.953613 14.069824
 0.542871 0.001101 61.582031 67.976367 0.001038 20.788574 19.763184 5.473633 15.578613 17.194824
 0.424121 0.000851 60.332031 66.138867 0.001188 19.382324 18.356934 5.161133 18.859863 14.851074
 0.519121 0.001051 65.332031 68.588867 0.000988 17.507324 20.231934 6.411133 14.484863 11.726074
 0.471621 0.001151 62.832031 69.813867 0.001088 18.444824 19.294434 7.036133 16.672363 16.413574
 0.566621 0.000951 67.832031 67.363867 0.000888 20.319824 21.169434 5.786133 21.047363 13.288574
 0.412246 0.000976 63.457031 67.670117 0.000963 20.085449 18.122559 7.192383 19.406738 14.460449
 0.507246 0.001176 68.457031 65.220117 0.001163 18.210449 19.997559 5.942383 15.031738 11.335449
 0.459746 0.001076 60.957031 66.445117 0.000863 19.147949 19.060059 5.317383 17.219238 16.022949
 0.554746 0.000876 65.957031 68.895117 0.001063 21.022949 20.935059 6.567383 21.594238 12.897949
 0.435996 0.001126 67.207031 67.057617 0.001113 19.616699 18.591309 6.254883 16.125488 12.116699
 0.530996 0.000926 62.207031 69.507617 0.000913 17.741699 20.466309 5.004883 20.500488 15.241699
 0.483496 0.000826 69.707031 68.282617 0.001013 18.679199 17.653809 5.629883 18.312988 13.679199
 0.578496 0.001026 64.707031 65.832617 0.000813 20.554199 19.528809 6.879883 13.937988 16.804199
 0.406309 0.000813 65.019531 69.354492 0.000851 20.905762 19.880371 5.551758 17.492676 16.999512
 0.501309 0.001013 60.019531 66.904492 0.001051 19.030762 18.005371 6.801758 21.867676 13.874512
 0.453809 0.001113 67.519531 65.679492 0.000951 18.093262 20.817871 7.426758 19.680176 15.437012
 0.548809 0.000913 62.519531 68.129492 0.001151 19.968262 18.942871 6.176758 15.305176 12.312012
 0.430059 0.001063 63.769531 65.066992 0.001001 20.437012 20.349121 5.864258 18.586426 13.093262
 0.525059 0.000863 68.769531 67.516992 0.000801 18.562012 18.474121 7.114258 14.211426 16.218262
 0.477559 0.000963 61.269531 68.741992 0.001101 17.624512 19.411621 6.489258 16.398926 11.530762
 0.572559 0.001163 66.269531 66.291992 0.000901 19.499512 17.536621 5.239258 20.773926 14.655762
 0.418184 0.001188 61.894531 68.435742 0.000826 21.140137 20.583496 6.645508 20.227051 13.483887
 0.513184 0.000988 66.894531 65.985742 0.001026 19.265137 18.708496 5.395508 15.852051 16.608887
 0.465684 0.000888 64.394531 67.210742 0.000926 18.327637 19.645996 6.020508 18.039551 11.921387
 0.560684 0.001088 69.394531 69.660742 0.001126 20.202637 17.770996 7.270508 22.414551 15.046387
 0.441934 0.000938 68.144531 66.598242 0.001076 20.671387 20.114746 6.958008 16.945801 17.390137
 0.536934 0.001138 63.144531 69.048242 0.000876 18.796387 18.239746 5.708008 21.320801 14.265137
 0.489434 0.001038 65.644531 67.823242 0.001176 17.858887 21.052246 5.083008 19.133301 15.827637
 0.584434 0.000838 60.644531 65.373242 0.000976 19.733887 19.177246 6.333008 14.758301 12.702637
 0.403340 0.000920 61.113281 67.287305 0.001032 18.620605 20.876465 6.450195 22.277832 16.901855
 0.498340 0.001120 66.113281 69.737305 0.000832 20.495605 19.001465 5.200195 17.902832 13.776855
 0.450840 0.001020 63.613281 68.512305 0.001132 19.558105 19.938965 5.825195 15.715332 15.339355
 0.545840 0.000820 68.613281 66.062305 0.000932 17.683105 18.063965 7.075195 20.090332 12.214355
 0.427090 0.001170 69.863281 67.899805 0.000882 19.089355 19.470215 7.387695 14.621582 12.995605
 0.522090 0.000970 64.863281 65.449805 0.001082 20.964355 17.595215 6.137695 18.996582 16.120605
 0.474590 0.000870 67.363281 66.674805 0.000982 20.026855 20.407715 5.512695 21.184082 11.433105
 0.569590 0.001070 62.363281 69.124805 0.001182 18.151855 18.532715 6.762695 16.809082 14.558105
 0.415215 0.001095 66.738281 65.756055 0.001057 18.854980 19.704590 5.043945 15.168457 13.386230
 0.510215 0.000895 61.738281 68.206055 0.000857 20.729980 17.829590 6.293945 19.543457 16.511230
 0.462715 0.000995 69.238281 69.431055 0.001157 19.792480 20.642090 6.918945 21.730957 11.823730
 0.557715 0.001195 64.238281 66.981055 0.000957 17.917480 18.767090 5.668945 17.355957 14.948730
 0.438965 0.000845 62.988281 68.818555 0.000807 19.323730 21.110840 5.981445 20.637207 17.292480
 0.533965 0.001045 67.988281 66.368555 0.001007 21.198730 19.235840 7.231445 16.262207 14.167480
 0.486465 0.001145 60.488281 65.143555 0.000907 20.261230 20.173340 6.606445 14.074707 15.729980
 0.581465 0.000945 65.488281 67.593555 0.001107 18.386230 18.298340 5.356445 18.449707 12.604980
 0.409277 0.001107 64.550781 66.521680 0.001170 17.565918 17.946777 7.153320 21.457520 12.800293
 0.504277 0.000907 69.550781 68.971680 0.000970 19.440918 19.821777 5.903320 17.082520 15.925293
 0.456777 0.000807 62.050781 67.746680 0.001070 20.378418 18.884277 5.278320 14.895020 14.362793
 0.551777 0.001007 67.050781 65.296680 0.000870 18.503418 20.759277 6.528320 19.270020 17.487793
 0.433027 0.000957 65.800781 68.359180 0.000920 18.034668 19.353027 6.840820 13.801270 15.144043
 0.528027 0.001157 60.800781 65.909180 0.001120 19.909668 21.228027 5.590820 18.176270 12.019043
 0.480527 0.001057 68.300781 67.134180 0.000820 20.847168 18.415527 6.215820 20.363770 16.706543
 0.575527 0.000857 63.300781 69.584180 0.001020 18.972168 20.290527 7.465820 15.988770 13.581543
 0.421152 0.000882 67.675781 65.602930 0.001145 17.800293 19.118652 5.747070 15.441895 14.753418
 0.516152 0.001082 62.675781 68.052930 0.000945 19.675293 20.993652 6.997070 19.816895 11.628418
 0.468652 0.001182 65.175781 69.277930 0.001045 20.612793 18.181152 6.372070 22.004395 16.315918
 0.563652 0.000982 60.175781 66.827930 0.000845 18.737793 20.056152 5.122070 17.629395 13.190918
 0.444902 0.001032 61.425781 69.890430 0.000995 18.269043 17.712402 5.434570 20.910645 12.409668
 0.539902 0.000832 66.425781 67.440430 0.001195 20.144043 19.587402 6.684570 16.535645 15.534668
 0.492402 0.000932 63.925781 66.215430 0.000895 21.081543 18.649902 7.309570 14.348145 13.972168
 0.587402 0.001132 68.925781 68.665430 0.001095 19.206543 20.524902 6.059570 18.723145 17.097168
 0.401855 0.000866 64.316406 68.550586 0.001054 19.645996 19.382324 5.375977 20.568848 15.778809
 0.496855 0.001066 69.316406 66.100586 0.000854 17.770996 17.507324 6.625977 16.193848 12.653809
 0.449355 0.001166 61.816406 67.325586 0.001154 18.708496 20.319824 7.250977 14.006348 17.341309
 0.544355 0.000966 66.816406 69.775586 0.000954 20.583496 18.444824 6.000977 18.381348 14.216309
 0.425605 0.001016 65.566406 66.713086 0.000804 20.114746 20.788574 5.688477 15.100098 11.872559
 0.520605 0.000816 60.566406 69.163086 0.001004 18.239746 18.913574 6.938477 19.475098 14.997559
 0.473105 0.000916 68.066406 67.938086 0.000904 19.177246 19.851074 6.313477 21.662598 13.435059
 0.568105 0.001116 63.066406 65.488086 0.001104 21.052246 17.976074 5.063477 17.287598 16.560059
 0.413730 0.001141 68.691406 69.469336 0.001029 19.411621 21.022949 6.782227 14.553223 11.481934
 0.508730 0.000941 63.691406 67.019336 0.000829 17.536621 19.147949 5.532227 18.928223 14.606934
 0.461230 0.000841 66.191406 65.794336 0.001129 18.474121 20.085449 6.157227 21.115723 13.044434
 0.556230 0.001041 61.191406 68.244336 0.000929 20.349121 18.210449 7.407227 16.740723 16.169434
 0.437480 0.000991 62.441406 65.181836 0.000879 19.880371 19.616699 7.094727 22.209473 15.388184
 0.532480 0.001191 67.441406 67.631836 0.001079 18.005371 17.741699 5.844727 17.834473 12.263184
 0.484980 0.001091 64.941406 68.856836 0.000979 18.942871 20.554199 5.219727 15.646973 16.950684
 0.579980 0.000891 69.941406 66.406836 0.001179 20.817871 18.679199 6.469727 20.021973 13.825684
 0.407793 0.001054 60.253906 67.478711 0.001141 20.700684 19.265137 6.079102 21.389160 13.630371
 0.502793 0.000854 65.253906 65.028711 0.000941 18.825684 21.140137 7.329102 17.014160 16.755371
 0.455293 0.000954 62.753906 66.253711 0.001041 17.888184 18.327637 6.704102 14.826660 12.067871
 0.550293 0.001154 67.753906 68.703711 0.000841 19.763184 20.202637 5.454102 19.201660 15.192871
 0.431543 0.000804 69.003906 66.866211 0.000991 21.169434 17.858887 5.141602 15.920410 15.974121
 0.526543 0.001004 64.003906 69.316211 0.001191 19.294434 19.733887 6.391602 20.295410 12.849121
 0.479043 0.001104 66.503906 68.091211 0.000891 18.356934 18.796387 7.016602 22.482910 14.411621
 0.574043 0.000904 61.503906 65.641211 0.001091 20.231934 20.671387 5.766602 18.107910 11.286621
 0.419668 0.000929 67.128906 69.009961 0.001166 20.466309 17.624512 7.485352 14.279785 16.364746
 0.514668 0.001129 62.128906 66.559961 0.000966 18.591309 19.499512 6.235352 18.654785 13.239746
 0.467168 0.001029 69.628906 65.334961 0.001066 17.653809 18.562012 5.610352 20.842285 14.802246
 0.562168 0.000829 64.628906 67.784961 0.000866 19.528809 20.437012 6.860352 16.467285 11.677246
 0.443418 0.001179 63.378906 65.947461 0.000916 20.935059 19.030762 6.547852 21.936035 14.020996
 0.538418 0.000979 68.378906 68.397461 0.001116 19.060059 20.905762 5.297852 17.561035 17.145996
 0.490918 0.000879 60.878906 69.622461 0.000816 18.122559 18.093262 5.922852 15.373535 12.458496
 0.585918 0.001079 65.878906 67.172461 0.001016 19.997559 19.968262 7.172852 19.748535 15.583496
 0.404824 0.001160 66.035156 65.411523 0.000973 19.353027 18.386230 6.899414 16.330566 13.923340
 0.499824 0.000960 61.035156 67.861523 0.001173 21.228027 20.261230 5.649414 20.705566 17.048340
 0.452324 0.000860 68.535156 69.086523 0.000873 20.290527 19.323730 5.024414 18.518066 12.360840
 0.547324 0.001060 63.535156 66.636523 0.001073 18.415527 21.198730 6.274414 14.143066 15.485840
 0.428574 0.000910 64.785156 69.699023 0.001123 18.884277 18.854980 6.586914 19.611816 16.267090
 0.523574 0.001110 69.785156 67.249023 0.000923 20.759277 20.729980 5.336914 15.236816 13.142090
 0.476074 0.001010 62.285156 66.024023 0.001023 19.821777 17.917480 5.961914 17.424316 14.704590
 0.571074 0.000810 67.285156 68.474023 0.000823 17.946777 19.792480 7.211914 21.799316 11.579590
 0.416699 0.000835 61.660156 66.330273 0.000948 19.118652 18.620605 5.805664 19.064941 16.657715
 0.511699 0.001035 66.660156 68.780273 0.001148 20.993652 20.495605 7.055664 14.689941 13.532715
 0.464199 0.001135 64.160156 67.555273 0.000848 20.056152 17.683105 6.430664 16.877441 15.095215
 0.559199 0.000935 69.160156 65.105273 0.001048 18.181152 19.558105 5.180664 21.252441 11.970215
 0.440449 0.001085 67.910156 68.167773 0.001198 18.649902 18.151855 5.493164 17.971191 14.313965
 0.535449 0.000885 62.910156 65.717773 0.000998 20.524902 20.026855 6.743164 22.346191 17.438965
 0.487949 0.000985 65.410156 66.942773 0.001098 19.587402 19.089355 7.368164 20.158691 12.751465
 0.582949 0.001185 60.410156 69.392773 0.000898 17.712402 20.964355 6.118164 15.783691 15.876465
 0.410762 0.000973 69.472656 65.870898 0.000835 18.298340 20.378418 6.352539 16.604004 15.681152
 0.505762 0.001173 64.472656 68.320898 0.001035 20.173340 18.503418 5.102539 20.979004 12.556152
 0.458262 0.001073 66.972656 69.545898 0.000935 21.110840 19.440918 5.727539 18.791504 17.243652
 0.553262 0.000873 61.972656 67.095898 0.001135 19.235840 17.565918 6.977539 14.416504 14.118652
 0.434512 0.001123 60.722656 68.933398 0.001085 17.829590 19.909668 7.290039 19.885254 11.774902
 0.529512 0.000923 65.722656 66.483398 0.000885 19.704590 18.034668 6.040039 15.510254 14.899902
 0.482012 0.000823 63.222656 65.258398 0.001185 20.642090 20.847168 5.415039 17.697754 13.337402
 0.577012 0.001023 68.222656 67.708398 0.000985 18.767090 18.972168 6.665039 22.072754 16.462402
 0.422637 0.001048 62.597656 67.402148 0.000860 18.063965 20.144043 5.258789 18.244629 11.384277
 0.517637 0.000848 67.597656 69.852148 0.001060 19.938965 18.269043 6.508789 13.869629 14.509277
 0.470137 0.000948 60.097656 68.627148 0.000960 20.876465 21.081543 7.133789 16.057129 12.946777
 0.565137 0.001148 65.097656 66.177148 0.001160 19.001465 19.206543 5.883789 20.432129 16.071777
 0.446387 0.000898 66.347656 68.014648 0.001010 17.595215 20.612793 6.196289 17.150879 15.290527
 0.541387 0.001098 61.347656 65.564648 0.000810 19.470215 18.737793 7.446289 21.525879 12.165527
 0.493887 0.001198 68.847656 66.789648 0.001110 20.407715 19.675293 6.821289 19.338379 16.853027
 0.588887 0.000998 63.847656 69.239648 0.000910 18.532715 17.800293 5.571289 14.963379 13.728027
 0.401113 0.000999 66.542969 66.387695 0.001134 21.154785 21.125488 5.893555 18.005371 12.287598
 0.496113 0.001199 61.542969 68.837695 0.000934 19.279785 19.250488 7.143555 22.380371 15.412598
 0.448613 0.001099 69.042969 67.612695 0.001034 18.342285 20.187988 6.518555 20.192871 13.850098
 0.543613 0.000899 64.042969 65.162695 0.000834 20.217285 18.312988 5.268555 15.817871 16.975098
 0.424863 0.001149 62.792969 68.225195 0.000984 20.686035 19.719238 5.581055 19.099121 14.631348
 0.519863 0.000949 67.792969 65.775195 0.001184 18.811035 17.844238 6.831055 14.724121 11.506348
 0.472363 0.000849 60.292969 67.000195 0.000884 17.873535 20.656738 7.456055 16.911621 16.193848
 0.567363 0.001049 65.292969 69.450195 0.001084 19.748535 18.781738 6.206055 21.286621 13.068848
 0.412988 0.001024 60.917969 65.468945 0.001159 20.920410 19.484863 6.987305 19.645996 15.021973
 0.507988 0.000824 65.917969 67.918945 0.000959 19.045410 17.609863 5.737305 15.270996 11.896973
 0.460488 0.000924 63.417969 69.143945 0.001059 18.107910 20.422363 5.112305 17.458496 16.584473
 0.555488 0.001124 68.417969 66.693945 0.000859 19.982910 18.547363 6.362305 21.833496 13.459473
 0.436738 0.000874 69.667969 69.756445 0.000909 20.451660 20.891113 6.674805 16.364746 12.678223
 0.531738 0.001074 64.667969 67.306445 0.001109 18.576660 19.016113 5.424805 20.739746 15.803223
 0.484238 0.001174 67.167969 66.081445 0.000809 17.639160 19.953613 6.049805 18.552246 14.240723
 0.579238 0.000974 62.167969 68.531445 0.001009 19.514160 18.078613 7.299805 14.177246 17.365723
